 pos  val_A      val_C      val_G      val_T    
 78    0.026867  -0.008474  -0.033180   0.014787
 79    0.022604  -0.009388  -0.004975  -0.008241
 80   -0.029788  -0.002960   0.015605   0.017142
 81   -0.000517  -0.041181   0.001953   0.039745
 82    0.063651  -0.018883   0.004651  -0.049419
 83   -0.027832  -0.008801   0.002044   0.034590
 84    0.015162   0.000201  -0.027316   0.011953
 85    0.041414  -0.018091  -0.004463  -0.018860
 86    0.050782  -0.046673  -0.026799   0.022690
 87    0.029519   0.004619  -0.005533  -0.028606
 88   -0.019231   0.016887  -0.015075   0.017419
 89    0.083586  -0.026642  -0.039933  -0.017010
 90    0.187787  -0.121282  -0.026647  -0.039858
 91    0.007089   0.010072  -0.008124  -0.009037
 92    0.012778   0.004977   0.013248  -0.031002
 93    0.008604   0.008696   0.023574  -0.040874
 94   -0.021976   0.006245  -0.006394   0.022125
 95    0.012512  -0.026251  -0.008070   0.021808
 96    0.001388  -0.048820   0.019360   0.028072
 97    0.010469  -0.018234   0.015022  -0.007256
 98    0.003589   0.015928  -0.027484   0.007967
 99   -0.064055  -0.027467   0.047202   0.044320