 pos  val_A      val_C      val_G      val_T    
 78   -0.028121  -0.019882   0.048067  -0.000065
 79   -0.012163  -0.020073   0.021937   0.010300
 80    0.017100   0.012891  -0.017306  -0.012686
 81    0.045198   0.018528  -0.002487  -0.061239
 82   -0.036537   0.028028  -0.008084   0.016593
 83    0.024656   0.012548   0.005381  -0.042585
 84   -0.022589   0.025898   0.037131  -0.040440
 85   -0.004994  -0.005683  -0.008919   0.019596
 86   -0.025991   0.025809   0.014627  -0.014445
 87   -0.014586  -0.008203   0.002252   0.020538
 88    0.005430  -0.010302   0.009992  -0.005120
 89   -0.122447   0.043920   0.045276   0.033251
 90   -0.190799   0.120682   0.034598   0.035519
 91   -0.000559  -0.010663   0.005927   0.005295
 92   -0.014825   0.002332  -0.011159   0.023652
 93   -0.010665   0.020569  -0.021862   0.011958
 94    0.017307   0.005377   0.012150  -0.034834
 95   -0.030748   0.017424   0.008149   0.005175
 96   -0.002033   0.029638   0.010497  -0.038102
 97   -0.024644   0.030220  -0.019694   0.014119
 98   -0.000460   0.011587   0.015690  -0.026817
 99    0.066524   0.002967  -0.038057  -0.031434