 pos  val_A      val_C      val_G      val_T    
  2    0.034346  -0.048408   0.002426   0.011636
  3   -0.008522  -0.001595   0.004628   0.005489
  4   -0.043644   0.038204  -0.004880   0.010320
  5    0.002342  -0.020946   0.003960   0.014644
  6   -0.025920  -0.041807   0.031144   0.036583
  7   -0.017507  -0.003600   0.056973  -0.035866
  8   -0.008257   0.009964   0.007271  -0.008978
  9    0.014588  -0.011435  -0.040464   0.037311
 10    0.058255  -0.031060  -0.019560  -0.007635
 11    0.020164  -0.008332  -0.022303   0.010471
 12    0.057225  -0.037359  -0.009970  -0.009896
 13    0.000028  -0.011918  -0.005163   0.017053
 14   -0.043382  -0.136429   0.007166   0.172644
 15   -0.013396  -0.026610  -0.008970   0.048976
 16   -0.006530  -0.002199  -0.024755   0.033485
 17    0.004223  -0.005905  -0.012914   0.014596
 18    0.005568  -0.020570  -0.029092   0.044094
 19    0.002123   0.018136  -0.040125   0.019866
 20    0.004179  -0.015129  -0.008407   0.019357
 21   -0.014373   0.011983  -0.007469   0.009858
 22   -0.019815  -0.011897   0.017892   0.013820
 23   -0.018129   0.004653  -0.009979   0.023455
 24   -0.014321   0.032211   0.004553  -0.022443
 25   -0.004027  -0.005569   0.013675  -0.004079
 26   -0.003431  -0.014567   0.031629  -0.013631
 27   -0.058190   0.008010   0.030463   0.019717