 pos  val_A      val_C      val_G      val_T    
 111  -0.044053  -0.006186   0.021829   0.028410
 112   0.025638  -0.021274   0.021390  -0.025754
 113  -0.010128  -0.008366   0.009400   0.009093
 114  -0.002224   0.003925  -0.034440   0.032740
 115   0.017817  -0.017438  -0.030458   0.030078
 116   0.024348   0.033936   0.005920  -0.064205
 117  -0.056623   0.037189   0.049626  -0.030192
 118  -0.007655   0.016076  -0.015662   0.007241
 119   0.025895   0.043838  -0.031410  -0.038323
 120  -0.029911  -0.002800   0.018985   0.013726
 121   0.002521  -0.013452   0.027791  -0.016860
 122   0.020888  -0.034543  -0.029256   0.042910
 123   0.051952  -0.087023   0.017950   0.017121