 pos  val_A      val_C      val_G      val_T    
 14   -0.056064  -0.130889   0.003493   0.183461
 15   -0.021348  -0.022113  -0.009027   0.052488
 16   -0.009578   0.008987  -0.021464   0.022055
 17    0.001587  -0.004133  -0.016739   0.019285
 18    0.016519  -0.017911  -0.018363   0.019755
 19    0.000560   0.004028  -0.028156   0.023568
 20    0.012883  -0.022666   0.009658   0.000125
 21   -0.018177   0.002618   0.007926   0.007632
 22   -0.012212  -0.025351   0.010254   0.027309
 23   -0.024949   0.017735  -0.006482   0.013696
 24   -0.016103   0.028716  -0.003638  -0.008975
 25   -0.007810  -0.004713   0.005427   0.007096
 26    0.003337  -0.001567   0.023923  -0.025693
 27   -0.031223   0.021152   0.021154  -0.011083