 pos  val_A      val_C      val_G      val_T    
  68   0.051067  -0.037730  -0.022881   0.009544
  69   0.013018  -0.018349  -0.007436   0.012767
  70  -0.004957   0.004157  -0.001521   0.002321
  71   0.040497  -0.027326  -0.016936   0.003765
  72   0.014592  -0.006198   0.009565  -0.017959
  73   0.012530  -0.004545   0.003943  -0.011928
  74   0.003201  -0.012960   0.011656  -0.001897
  75  -0.032770  -0.022612   0.012491   0.042891
  76  -0.009302  -0.014080   0.050896  -0.027514
  77  -0.013894   0.003240   0.028401  -0.017748
  78  -0.004832   0.019076  -0.011689  -0.002554
  79  -0.031723  -0.018696  -0.034533   0.084953
  80  -0.050982  -0.016299  -0.045061   0.112342
  81  -0.047594  -0.075896   0.120473   0.003017
  82  -0.004677   0.055674  -0.016432  -0.034565
  83  -0.003925  -0.021169  -0.004390   0.029484
  84  -0.000046   0.000276  -0.042951   0.042720
  85  -0.025148  -0.012824  -0.007099   0.045071
  86   0.014355   0.002715  -0.014470  -0.002600
  87   0.001134  -0.013543   0.007192   0.005217
  88  -0.016948  -0.007267   0.014935   0.009280
  89   0.023026  -0.028225  -0.002664   0.007863
  90   0.029927  -0.012452  -0.016759  -0.000716
  91   0.000493   0.007858   0.006568  -0.014919
  92   0.013465   0.009289   0.005310  -0.028064
  93   0.002300  -0.007450   0.008211  -0.003061
  94   0.014683   0.000492  -0.020223   0.005048
  95   0.007041  -0.018269   0.019711  -0.008483
  96  -0.002834  -0.009798  -0.008849   0.021481
  97  -0.004737   0.021103  -0.041358   0.024992
  98   0.008333  -0.020122   0.027123  -0.015334
  99   0.013261  -0.085156  -0.005774   0.077669
 100   0.002616  -0.014548   0.019402  -0.007470
 101  -0.029829  -0.017070   0.011568   0.035331
 102  -0.027103  -0.024353  -0.028901   0.080357
 103   0.101239  -0.049445  -0.027068  -0.024726
 104   0.009476  -0.043694  -0.016735   0.050954
 105   0.088303  -0.017850  -0.043775  -0.026678
 106   0.030941   0.035003  -0.053878  -0.012066
 107  -0.035824  -0.041684  -0.018740   0.096247
 108   0.085020  -0.099040   0.015566  -0.001546
 109  -0.004375  -0.014408   0.002550   0.016233
 110  -0.011011   0.010578  -0.001778   0.002212
 111   0.012131  -0.025988  -0.007441   0.021297
 112  -0.010157  -0.017524   0.011500   0.016180
 113   0.008454  -0.004315   0.012683  -0.016822
 114   0.001664  -0.022081   0.050865  -0.030448
 115   0.023491  -0.003942  -0.019684   0.000135