 pos  val_A      val_C      val_G      val_T    
 80   -0.050982  -0.016299  -0.045061   0.112342
 81   -0.047594  -0.075896   0.120473   0.003017
 82   -0.004677   0.055674  -0.016432  -0.034565
 83   -0.003925  -0.021169  -0.004390   0.029484
 84   -0.000046   0.000276  -0.042951   0.042720
 85   -0.025148  -0.012824  -0.007099   0.045071
 86    0.014355   0.002715  -0.014470  -0.002600
 87    0.001134  -0.013543   0.007192   0.005217
 88   -0.016948  -0.007267   0.014935   0.009280
 89    0.023026  -0.028225  -0.002664   0.007863
 90    0.029927  -0.012452  -0.016759  -0.000716