 pos  val_A      val_C      val_G      val_T    
 39    0.194416  -0.053891  -0.096371  -0.044154
 40    0.002943   0.009319  -0.012161  -0.000101
 41    0.005837  -0.065770   0.002063   0.057869
 42    0.014563  -0.009452  -0.017585   0.012474
 43   -0.003846  -0.024573   0.019679   0.008740
 44    0.017938  -0.013930   0.002954  -0.006962
 45    0.016354  -0.021515  -0.015400   0.020560
 46    0.016226  -0.033299  -0.008036   0.025109
 47    0.018070  -0.014188   0.004125  -0.008007
 48    0.013664  -0.022901  -0.031817   0.041053
 49    0.009804   0.008152  -0.001172  -0.016784
 50   -0.014714   0.011439   0.039763  -0.036488