 pos  val_A      val_C      val_G      val_T    
 39    0.188608  -0.055276  -0.084996  -0.048336
 40   -0.011459  -0.017637   0.018457   0.010640
 41    0.010303  -0.038078  -0.000531   0.028305
 42   -0.003018   0.011269  -0.024260   0.016009
 43    0.000925  -0.009541  -0.006113   0.014729
 44   -0.036832   0.038398  -0.013705   0.012139
 45    0.032108  -0.036517  -0.027541   0.031951
 46    0.008683  -0.033642  -0.008065   0.033024
 47   -0.001409  -0.029079   0.013899   0.016589
 48   -0.008121  -0.041598   0.020070   0.029650
 49   -0.010255   0.043412  -0.017647  -0.015510
 50   -0.012552   0.042239   0.019209  -0.048896