 pos  val_A      val_C      val_G      val_T    
 49   -0.031064   0.026943  -0.010008   0.014129
 50    0.038787  -0.004506  -0.009107  -0.025174
 51   -0.051315   0.031757   0.036966  -0.017408
 52   -0.019624   0.024896   0.027731  -0.033003
 53   -0.027927  -0.000857   0.044035  -0.015250
 54   -0.007640   0.038489   0.000532  -0.031381
 55   -0.009744   0.003290   0.025860  -0.019406
 56    0.026179  -0.028415   0.008081  -0.005845
 57    0.004498  -0.006938   0.002124   0.000315
 58    0.005996  -0.062005  -0.002864   0.058873
 59    0.051864   0.040674   0.028838  -0.121377
 60    0.021804   0.068295   0.072934  -0.163034
 61    0.059951   0.042869  -0.111687   0.008867
 62   -0.093083   0.033296   0.029424   0.030363
 63   -0.023826  -0.064695   0.051316   0.037205
 64    0.002298   0.043212   0.015281  -0.060792
 65    0.023931   0.013195   0.058924  -0.096050
 66    0.026957  -0.019453   0.035028  -0.042532
 67   -0.001034   0.011607  -0.010121  -0.000451
 68    0.000432   0.014218  -0.001809  -0.012840
 69   -0.003089   0.013993   0.002630  -0.013534
 70    0.029570   0.019144  -0.025871  -0.022843
 71    0.040585  -0.020509  -0.011263  -0.008813
 72   -0.013900   0.004262  -0.021007   0.030645
 73   -0.044313   0.043754  -0.005046   0.005606
 74   -0.011055   0.018157   0.004633  -0.011735
 75   -0.048428  -0.017423   0.060414   0.005437
 76   -0.025932  -0.004370   0.033982  -0.003679
 77    0.055939  -0.003942  -0.005116  -0.046881
 78    0.018418  -0.041236  -0.078612   0.101429
 79   -0.016941   0.046484  -0.037426   0.007883
 80    0.014446   0.029696  -0.042252  -0.001890
 81   -0.002597  -0.005874  -0.017072   0.025543
 82    0.040726   0.064848   0.083160  -0.188734
 83   -0.121924   0.039352   0.076262   0.006309
 84    0.015251   0.043137   0.013791  -0.072179
 85   -0.067707   0.009408   0.046630   0.011668
 86   -0.038272  -0.038392   0.014421   0.062243
 87   -0.003836   0.029782   0.042557  -0.068504
 88   -0.049348   0.028706  -0.007226   0.027867
 89    0.006007   0.008226  -0.024422   0.010189
 90   -0.044538   0.027525   0.015508   0.001506
 91    0.017010   0.010955  -0.035595   0.007630