 pos  val_A      val_C      val_G      val_T    
 75   -0.036583   0.005667   0.059357  -0.028441
 76   -0.028869   0.009766   0.031836  -0.012732
 77    0.050179   0.003120  -0.009869  -0.043431
 78   -0.018491  -0.026762  -0.054192   0.099446
 79    0.013963  -0.004093  -0.041289   0.031419
 80    0.028676   0.030540  -0.072755   0.013539
 81   -0.000592   0.005794  -0.002929  -0.002273
 82    0.062784   0.089224   0.091917  -0.243925
 83   -0.093104   0.008843   0.077671   0.006591
 84    0.014313   0.046481   0.011892  -0.072685
 85   -0.038226  -0.017490   0.032109   0.023607
 86   -0.023548  -0.008345  -0.019885   0.051778
 87   -0.001827   0.035181   0.028785  -0.062139
 88   -0.048106   0.006244  -0.001222   0.043084