 pos  val_A      val_C      val_G      val_T    
 64    0.006020   0.009342   0.017616  -0.032978
 65   -0.001860  -0.003285   0.053749  -0.048604
 66    0.015089  -0.017647   0.015458  -0.012900
 67   -0.013325  -0.014486   0.004581   0.023229
 68   -0.021615   0.020432  -0.006574   0.007758
 69   -0.003925   0.002282  -0.009967   0.011610
 70    0.021988  -0.004234  -0.001477  -0.016277
 71    0.041304  -0.029209  -0.000314  -0.011782
 72    0.034798  -0.044344  -0.004244   0.013790
 73   -0.006192   0.028318  -0.037039   0.014913
 74    0.024643   0.010904   0.015003  -0.050550
 75   -0.017358   0.001537   0.021218  -0.005398
 76   -0.042924   0.009248  -0.001023   0.034699
 77    0.031458   0.030361  -0.006863  -0.054956
 78   -0.001294  -0.020744  -0.035513   0.057552
 79   -0.025996   0.004910   0.015868   0.005218
 80    0.039087   0.009711  -0.043350  -0.005448
 81   -0.008628   0.016174  -0.013563   0.006017
 82    0.030920   0.038555   0.011618  -0.081094
 83   -0.058844   0.002286   0.045439   0.011119