 pos  val_A      val_C      val_G      val_T    
 11    0.004083   0.023165  -0.032926   0.005679
 12    0.013467   0.031254   0.058386  -0.103107
 13    0.008141   0.016758  -0.059286   0.034386
 14    0.036922  -0.061594   0.024217   0.000455
 15    0.054797   0.043945   0.029519  -0.128260
 16   -0.121632   0.046024   0.041203   0.034405
 17    0.019724  -0.003169   0.015532  -0.032088
 18   -0.082624   0.016393   0.041140   0.025091
 19   -0.043447  -0.048065   0.045510   0.046001
 20    0.048738   0.017277   0.022105  -0.088120
 21   -0.024498   0.035567  -0.004219  -0.006850
 22   -0.028909   0.031660  -0.010693   0.007941
 23    0.006874   0.012992   0.033173  -0.053039
 24    0.003466   0.026013  -0.015232  -0.014248
 25    0.030336  -0.005966   0.000680  -0.025050
 26    0.016736   0.016414  -0.004444  -0.028706
 27    0.000412  -0.011835   0.026718  -0.015295
 28   -0.008497   0.035071  -0.054251   0.027677