 pos  val_A      val_C      val_G      val_T    
  93   0.059954  -0.028621  -0.039083   0.007750
  94   0.025757  -0.013618  -0.011187  -0.000952
  95  -0.044033   0.051188  -0.012445   0.005289
  96   0.004498   0.009350  -0.007206  -0.006642
  97   0.026559  -0.010766   0.002792  -0.018585
  98  -0.014052   0.020068  -0.018421   0.012405
  99  -0.027302   0.016483  -0.002037   0.012857
 100   0.004825   0.021211   0.015765  -0.041801
 101  -0.020157  -0.026151   0.024224   0.022084
 102   0.002608  -0.037601   0.107064  -0.072071
 103   0.001794  -0.026333   0.020631   0.003908
 104  -0.017967  -0.015875  -0.059158   0.092999
 105   0.188093  -0.046625  -0.037821  -0.103647
 106   0.029866   0.006040  -0.050637   0.014730
 107  -0.022013  -0.026852   0.018971   0.029895
 108   0.026373   0.010362  -0.014921  -0.021814
 109  -0.029974   0.002114  -0.048892   0.076752
 110   0.023053  -0.064088   0.027380   0.013655
 111   0.031520  -0.024872   0.005191  -0.011839
 112  -0.009785   0.026961  -0.012292  -0.004883
 113  -0.016968  -0.033014   0.022112   0.027870
 114  -0.011627   0.003443   0.042804  -0.034620
 115   0.034386  -0.025505  -0.003127  -0.005754
 116  -0.009353   0.006586   0.016809  -0.014043
 117   0.012630  -0.043140  -0.018211   0.048721
 118  -0.040449   0.042890  -0.003178   0.000737