 pos  val_A      val_C      val_G      val_T    
  93   0.055312  -0.004011  -0.043614  -0.007687
  94   0.029175  -0.025951  -0.005855   0.002631
  95  -0.056996   0.027300   0.014625   0.015071
  96  -0.016358  -0.001347   0.025270  -0.007565
  97   0.022571  -0.010086   0.001685  -0.014170
  98  -0.021967   0.006268  -0.005593   0.021292
  99  -0.002539   0.010344  -0.018164   0.010359
 100   0.023631   0.002247   0.005294  -0.031172
 101  -0.022965  -0.003042   0.002143   0.023864
 102   0.024580  -0.061341   0.104815  -0.068053
 103   0.017211  -0.044461   0.019891   0.007360
 104  -0.032297  -0.015142  -0.063053   0.110492
 105   0.208921  -0.056889  -0.042241  -0.109792
 106   0.012545  -0.007410  -0.046242   0.041107
 107  -0.024246  -0.019984   0.011089   0.033141
 108   0.047001   0.019657  -0.031369  -0.035290
 109  -0.009450  -0.010819  -0.045193   0.065461
 110   0.026781  -0.052423   0.012830   0.012812