 pos  val_A      val_C      val_G      val_T    
 15    0.069565  -0.001605  -0.001585  -0.066375
 16    0.001576  -0.053576   0.069514  -0.017514
 17   -0.023560  -0.007646   0.024861   0.006345
 18   -0.000664  -0.013602   0.006853   0.007413
 19    0.008141  -0.009671  -0.004858   0.006388
 20   -0.008072   0.022113   0.002515  -0.016555
 21    0.004677   0.031492  -0.023615  -0.012554
 22   -0.019951   0.012229   0.015603  -0.007881
 23    0.000351  -0.010570   0.012674  -0.002455
 24    0.025253  -0.000354   0.049637  -0.074536
 25    0.035605  -0.013456   0.012864  -0.035012