 pos  val_A      val_C      val_G      val_T    
  88  -0.041403   0.015181  -0.044874   0.071097
  89  -0.020836   0.026744   0.004398  -0.010306
  90   0.002875  -0.008195   0.052557  -0.047237
  91   0.020575  -0.035888   0.032395  -0.017083
  92   0.006404   0.044652   0.015410  -0.066465
  93   0.027530   0.036729  -0.053825  -0.010435
  94   0.013157   0.066271   0.012029  -0.091457
  95  -0.083722   0.008086   0.026510   0.049125
  96  -0.003895   0.009837  -0.012439   0.006497
  97   0.069506  -0.065281   0.027045  -0.031270
  98   0.022958  -0.022951  -0.041642   0.041635
  99  -0.023373  -0.040987  -0.024411   0.088771
 100  -0.019526   0.000851   0.043941  -0.025267
 101   0.005225  -0.027165   0.018638   0.003301
 102  -0.004357  -0.023408   0.016654   0.011110
 103   0.012811  -0.027785   0.049875  -0.034900
 104  -0.048103  -0.021643  -0.019495   0.089240
 105   0.110903  -0.042920  -0.033561  -0.034422
 106   0.020209  -0.079427   0.006581   0.052638
 107   0.065218  -0.027185  -0.048438   0.010405
 108   0.059307  -0.037995  -0.041164   0.019853
 109  -0.107632   0.014631  -0.042883   0.135884
 110  -0.040224   0.013314  -0.007433   0.034342
 111  -0.009726  -0.038108   0.056734  -0.008901