 pos  val_A      val_C      val_G      val_T    
  68  -0.013949  -0.050947   0.023918   0.040978
  69   0.006057   0.002592   0.010770  -0.019419
  70   0.001660   0.030715  -0.025140  -0.007235
  71  -0.004945  -0.002469   0.009185  -0.001772
  72  -0.018204   0.012042  -0.020163   0.026325
  73  -0.038181   0.017039   0.011621   0.009521
  74   0.024181  -0.004197  -0.012237  -0.007747
  75  -0.030364   0.039487   0.014209  -0.023333
  76  -0.008427  -0.013745   0.005215   0.016956
  77  -0.032987   0.053667   0.013899  -0.034579
  78   0.001227   0.008993   0.005245  -0.015465
  79  -0.060212   0.016465   0.046627  -0.002880
  80   0.014761  -0.052319  -0.004683   0.042241
  81   0.066427   0.026323   0.058371  -0.151121
  82   0.034600   0.076949   0.024614  -0.136163
  83   0.042749   0.038511  -0.136547   0.055287
  84  -0.098524   0.019762   0.059475   0.019287
  85   0.048661  -0.113738   0.065012   0.000065
  86   0.006153   0.006183   0.038830  -0.051165
  87   0.034307   0.059392  -0.004918  -0.088781
  88   0.040620  -0.005058   0.034462  -0.070025
  89   0.010980  -0.033154   0.004216   0.017958
  90  -0.012564  -0.011684  -0.041756   0.066004
  91  -0.002313   0.012291  -0.014424   0.004446
  92  -0.012871  -0.021618  -0.023089   0.057579
  93  -0.028360  -0.023220   0.052867  -0.001287
  94  -0.004357  -0.091151  -0.010859   0.106367
  95   0.092299  -0.015313  -0.029633  -0.047353
  96  -0.003798  -0.011653   0.011632   0.003819
  97  -0.066048   0.073299  -0.038240   0.030990
  98  -0.018157   0.022086   0.036464  -0.040393
  99   0.015688   0.043118   0.030137  -0.088943
 100   0.022900  -0.005086  -0.057562   0.039748
 101   0.026883   0.015842  -0.039272  -0.003454
 102  -0.003621   0.047646  -0.013575  -0.030450
 103   0.000105   0.014884  -0.046275   0.031286
 104   0.041720   0.008725   0.033131  -0.083576
 105  -0.122982   0.035676   0.045009   0.042296
 106  -0.024231   0.090687  -0.011721  -0.054735
 107  -0.063108   0.024834   0.046512  -0.008238
 108  -0.050149   0.026760   0.037929  -0.014539