 pos  val_A      val_C      val_G      val_T    
  99  -0.014092  -0.032452  -0.007983   0.054526
 100  -0.028680   0.015247   0.031076  -0.017643
 101  -0.004127  -0.005238   0.004545   0.004820
 102   0.025711  -0.033614   0.006072   0.001831
 103   0.027558  -0.035895   0.022744  -0.014407
 104  -0.030025  -0.005524  -0.005807   0.041356
 105   0.086898  -0.028979  -0.023334  -0.034584
 106   0.006895  -0.065434   0.003026   0.055513
 107   0.052531  -0.013625  -0.041037   0.002130
 108   0.048832  -0.019686  -0.032168   0.003022