 pos  val_A      val_C      val_G      val_T    
  80   0.020120  -0.035053  -0.013545   0.028479
  81   0.035361   0.027344   0.052186  -0.114892
  82   0.038687   0.049544   0.015579  -0.103810
  83   0.039408   0.032040  -0.126525   0.055077
  84  -0.086957   0.028403   0.047120   0.011434
  85   0.062203  -0.116849   0.051870   0.002776
  86   0.014078   0.025954   0.013397  -0.053430
  87   0.034754   0.047203  -0.004177  -0.077780
  88   0.038225  -0.007872   0.040003  -0.070355
  89   0.011422  -0.043924   0.019149   0.013353
  90  -0.006695  -0.007891  -0.020230   0.034816
  91  -0.006494   0.009725   0.008325  -0.011556
  92  -0.008667  -0.014119  -0.021757   0.044544
  93  -0.005849  -0.023680   0.026742   0.002787
  94  -0.003354  -0.082586   0.009861   0.076080
  95   0.053753  -0.010469  -0.007329  -0.035955
  96  -0.004745  -0.012297   0.022635  -0.005593
  97  -0.094502   0.068166  -0.009842   0.036178
  98  -0.029460   0.032945   0.038777  -0.042262
  99   0.013850   0.040492   0.022473  -0.076815
 100   0.014708  -0.017730  -0.041918   0.044940
 101   0.018806   0.010785  -0.032975   0.003383
 102   0.006774   0.056700  -0.024759  -0.038716
 103   0.015904   0.035617  -0.063796   0.012274
 104   0.053844  -0.005892   0.034996  -0.082948
 105  -0.114293   0.045338   0.043786   0.025169
 106   0.003103   0.076298   0.003199  -0.082600
 107  -0.064270   0.015300   0.046228   0.002742
 108  -0.070672   0.032716   0.042120  -0.004163