 pos  val_A      val_C      val_G      val_T    
  88   0.038225  -0.007872   0.040003  -0.070355
  89   0.011422  -0.043924   0.019149   0.013353
  90  -0.006695  -0.007891  -0.020230   0.034816
  91  -0.006494   0.009725   0.008325  -0.011556
  92  -0.008667  -0.014119  -0.021757   0.044544
  93  -0.005849  -0.023680   0.026742   0.002787
  94  -0.003354  -0.082586   0.009861   0.076080
  95   0.053753  -0.010469  -0.007329  -0.035955
  96  -0.004745  -0.012297   0.022635  -0.005593
  97  -0.094502   0.068166  -0.009842   0.036178
  98  -0.029460   0.032945   0.038777  -0.042262
  99   0.013850   0.040492   0.022473  -0.076815
 100   0.014708  -0.017730  -0.041918   0.044940
 101   0.018806   0.010785  -0.032975   0.003383
 102   0.006774   0.056700  -0.024759  -0.038716
 103   0.015904   0.035617  -0.063796   0.012274
 104   0.053844  -0.005892   0.034996  -0.082948
 105  -0.114293   0.045338   0.043786   0.025169
 106   0.003103   0.076298   0.003199  -0.082600
 107  -0.064270   0.015300   0.046228   0.002742
 108  -0.070672   0.032716   0.042120  -0.004163
 109   0.123364   0.011447   0.087097  -0.221909
 110   0.036018  -0.011956  -0.013562  -0.010501
 111   0.018521   0.022837  -0.062330   0.020972
 112   0.022166  -0.023365   0.000911   0.000289
 113  -0.023028   0.008688  -0.008705   0.023045
 114   0.013324   0.018987  -0.016430  -0.015881
 115  -0.018430   0.053459  -0.014116  -0.020913
 116  -0.040610   0.015550  -0.017126   0.042187