 pos  val_A      val_C      val_G      val_T    
 69    0.037881  -0.011323  -0.036727   0.010168
 70    0.005345  -0.009408   0.005970  -0.001907
 71   -0.011809   0.009463  -0.012431   0.014777
 72   -0.001969  -0.008946   0.001423   0.009493
 73    0.003942  -0.009398  -0.021929   0.027384
 74   -0.009639  -0.005146  -0.004563   0.019348
 75   -0.014094  -0.007553  -0.003775   0.025422
 76   -0.000252   0.003285  -0.013318   0.010286
 77   -0.007282   0.008850   0.010358  -0.011926
 78    0.002550   0.022257  -0.003496  -0.021310
 79   -0.012688  -0.012288  -0.007316   0.032292
 80   -0.112051  -0.011608   0.117091   0.006568
 81   -0.004382   0.010006   0.027493  -0.033117
 82    0.023560   0.036008   0.012240  -0.071808
 83    0.022889  -0.005327  -0.007138  -0.010424
 84    0.016465  -0.005128  -0.005950  -0.005387
 85   -0.004309  -0.002476  -0.018505   0.025290
 86    0.006422  -0.014607  -0.000314   0.008500
 87   -0.020601   0.005825   0.000175   0.014601
 88   -0.005021   0.014044  -0.012973   0.003950
 89    0.020583  -0.006388   0.010440  -0.024635
 90   -0.016028   0.013772   0.010123  -0.007867
 91   -0.000094  -0.003810  -0.006368   0.010272
 92   -0.002011   0.005147  -0.022666   0.019530
 93    0.013734  -0.011637   0.000876  -0.002973
 94   -0.000634   0.009622  -0.004722  -0.004266
 95    0.016302  -0.038769   0.017787   0.004680