 pos  val_A      val_C      val_G      val_T    
 70    0.039967  -0.010400  -0.009298  -0.020269
 71    0.000875   0.012917  -0.018023   0.004231
 72   -0.010221  -0.009206  -0.025249   0.044676
 73   -0.000500  -0.006052  -0.032037   0.038589
 74   -0.007688  -0.041524  -0.018609   0.067821
 75   -0.022954  -0.001665  -0.007997   0.032617
 76   -0.000423   0.016160  -0.013792  -0.001944
 77    0.004391   0.003681   0.008760  -0.016832
 78   -0.010212   0.057261  -0.009594  -0.037455
 79   -0.040121  -0.029884  -0.031819   0.101824
 80   -0.130706  -0.045382   0.150098   0.025990
 81   -0.039675   0.001931   0.073198  -0.035454
 82    0.004260   0.054476  -0.002652  -0.056084
 83    0.041572  -0.030038   0.012315  -0.023849
 84    0.014996  -0.008360  -0.027281   0.020645
 85    0.009228  -0.033421  -0.027127   0.051319