 pos  val_A      val_C      val_G      val_T    
  78  -0.010212   0.057261  -0.009594  -0.037455
  79  -0.040121  -0.029884  -0.031819   0.101824
  80  -0.130706  -0.045382   0.150098   0.025990
  81  -0.039675   0.001931   0.073198  -0.035454
  82   0.004260   0.054476  -0.002652  -0.056084
  83   0.041572  -0.030038   0.012315  -0.023849
  84   0.014996  -0.008360  -0.027281   0.020645
  85   0.009228  -0.033421  -0.027127   0.051319
  86   0.003922   0.000008  -0.007998   0.004068
  87  -0.019818   0.020708  -0.011065   0.010175
  88  -0.019577   0.021679  -0.017981   0.015878
  89   0.010660   0.001522  -0.005038  -0.007144
  90  -0.028647   0.018757   0.002331   0.007559
  91   0.011955  -0.004917  -0.005675  -0.001363
  92   0.002470  -0.002927  -0.011742   0.012200
  93   0.021708  -0.015575   0.009203  -0.015335
  94   0.005765  -0.029385  -0.005053   0.028672
  95   0.042680  -0.041433   0.003147  -0.004394
  96  -0.009279   0.014992  -0.024631   0.018919
  97  -0.044756   0.038531  -0.097972   0.104197
  98   0.026680  -0.033992   0.032880  -0.025567
  99  -0.032747  -0.018800  -0.045175   0.096723
 100  -0.025055  -0.035675   0.069088  -0.008358
 101   0.016525   0.005743  -0.006030  -0.016238
 102  -0.033157  -0.017778  -0.033685   0.084620
 103   0.068069  -0.034393  -0.024735  -0.008941
 104   0.008629  -0.033766  -0.042905   0.068041
 105   0.080097  -0.037428  -0.021994  -0.020676
 106   0.048932   0.007925  -0.041537  -0.015320
 107  -0.041262  -0.036790  -0.054182   0.132234
 108  -0.018864  -0.046522   0.063859   0.001527
 109   0.053098  -0.081840  -0.027975   0.056717