 pos  val_A      val_C      val_G      val_T    
  87  -0.030086   0.039316  -0.003468  -0.005763
  88   0.012732   0.012639  -0.028839   0.003468
  89   0.016482   0.012508  -0.028062  -0.000928
  90  -0.011236   0.003067  -0.008959   0.017128
  91  -0.002981   0.006881  -0.016021   0.012121
  92  -0.029369  -0.001427   0.005625   0.025171
  93   0.021538  -0.023181   0.023647  -0.022005
  94   0.016104   0.009114  -0.026055   0.000837
  95   0.045528  -0.032628  -0.014218   0.001317
  96  -0.018170   0.018934  -0.000584  -0.000179
  97  -0.047257   0.018981  -0.076985   0.105261
  98   0.057889  -0.047784   0.034399  -0.044504
  99  -0.021941  -0.000038  -0.051075   0.073054
 100  -0.053000  -0.025204   0.090856  -0.012652
 101   0.013690  -0.004342  -0.007243  -0.002105
 102   0.006992  -0.048039  -0.057200   0.098248
 103   0.092677  -0.021827  -0.040582  -0.030269
 104   0.034432  -0.040033  -0.065478   0.071079
 105   0.068213  -0.045328  -0.015419  -0.007466
 106   0.037890   0.006572  -0.054056   0.009594
 107  -0.015524  -0.000006  -0.078726   0.094256
 108  -0.001626  -0.050105   0.059524  -0.007793
 109   0.054771  -0.066034  -0.027963   0.039227
 110   0.004765  -0.018554   0.013938  -0.000150
 111  -0.005818   0.040709  -0.052168   0.017277
 112  -0.015565  -0.006418   0.025519  -0.003536
 113   0.020836   0.001053  -0.054136   0.032246
 114  -0.015054   0.018989  -0.009556   0.005620
 115   0.053051  -0.029807   0.012942  -0.036186