 pos  val_A      val_C      val_G      val_T    
 70   -0.054554   0.005782   0.041701   0.007071
 71    0.001778   0.031144   0.002000  -0.034922
 72    0.019754  -0.002976   0.002486  -0.019264
 73   -0.048540   0.020295   0.055519  -0.027273
 74    0.020791   0.035750   0.016192  -0.072733
 75    0.046414   0.017414  -0.001455  -0.062374
 76    0.005225   0.000290  -0.015365   0.009851
 77    0.007417   0.001868  -0.000682  -0.008603
 78   -0.010243  -0.004874  -0.009711   0.024828
 79    0.051292   0.054405   0.001637  -0.107334
 80    0.079082   0.043041  -0.115168  -0.006955
 81    0.003094   0.018617  -0.055903   0.034192
 82    0.037994  -0.048104  -0.027764   0.037874
 83   -0.002610  -0.011628   0.017812  -0.003574
 84   -0.008117   0.005475   0.023963  -0.021321
 85    0.003453   0.009577   0.036839  -0.049869