 pos  val_A      val_C      val_G      val_T    
  97   0.009053  -0.025618  -0.018833   0.035398
  98  -0.028824  -0.023312   0.032658   0.019478
  99  -0.045251  -0.023188  -0.045148   0.113587
 100  -0.018325  -0.032927   0.053867  -0.002615
 101  -0.027824   0.018136   0.026278  -0.016591
 102  -0.021605  -0.017503  -0.036301   0.075409
 103   0.234167  -0.056582  -0.078082  -0.099503
 104   0.068176  -0.016446  -0.040128  -0.011601
 105   0.072354  -0.013681  -0.010760  -0.047914
 106   0.041668  -0.010439   0.000929  -0.032158
 107   0.015787  -0.052645  -0.026957   0.063814
 108  -0.002608   0.022437   0.002222  -0.022051
 109  -0.009335  -0.018548   0.005867   0.022016
 110  -0.023448  -0.000378  -0.009784   0.033610