 pos  val_A      val_C      val_G      val_T    
  97  -0.016111  -0.015901  -0.021144   0.053157
  98  -0.029173  -0.013806   0.031417   0.011562
  99  -0.043964  -0.034983  -0.045357   0.124304
 100  -0.011382  -0.043706   0.063244  -0.008156
 101  -0.021136   0.004331   0.024854  -0.008050
 102  -0.020220  -0.024338  -0.034416   0.078974
 103   0.214926  -0.047074  -0.058372  -0.109481
 104   0.064402  -0.022883  -0.035050  -0.006469
 105   0.073013  -0.034057  -0.004480  -0.034476
 106   0.056023  -0.019704  -0.005847  -0.030473
 107   0.000879  -0.044562  -0.019981   0.063664