 pos  val_A      val_C      val_G      val_T    
  97  -0.010095   0.022285   0.026683  -0.038873
  98   0.028671   0.008052  -0.038451   0.001729
  99   0.034095   0.032240   0.051972  -0.118307
 100   0.008797   0.041652  -0.049005  -0.001444
 101   0.023991  -0.011657  -0.027449   0.015115
 102   0.019012   0.029853   0.019223  -0.068088
 103  -0.207334   0.044898   0.059145   0.103292
 104  -0.061286   0.013928   0.034750   0.012608
 105  -0.062444   0.027808   0.015399   0.019237
 106  -0.044068   0.014997  -0.002982   0.032052
 107  -0.000992   0.044016   0.011932  -0.054956