 pos  val_A      val_C      val_G      val_T    
 119   0.025301   0.004853   0.006657  -0.036811
 120   0.029882  -0.019048   0.028137  -0.038972
 121   0.006285  -0.009718  -0.006741   0.010173
 122   0.008821  -0.033314   0.018802   0.005691
 123  -0.018905   0.007171   0.003124   0.008610
 124  -0.033427   0.026587   0.010885  -0.004045
 125  -0.001655  -0.008989   0.006755   0.003890
 126   0.028134   0.007709   0.005685  -0.041528
 127  -0.017103   0.018653  -0.013364   0.011813
 128  -0.030837   0.006183   0.020460   0.004194
 129   0.006865   0.001289  -0.021561   0.013408
 130  -0.019946   0.024774   0.033502  -0.038330
 131   0.121814   0.032030  -0.141049  -0.012794
 132  -0.023828   0.018514   0.006936  -0.001621
 133   0.003710  -0.023330   0.034400  -0.014780
 134  -0.021817  -0.038876   0.036170   0.024523
 135  -0.006445   0.006549  -0.007498   0.007394
 136  -0.020214   0.001431  -0.023540   0.042323
 137   0.017809   0.004031  -0.026590   0.004751
 138  -0.003404   0.008590  -0.019686   0.014500
 139   0.026923   0.007595  -0.019819  -0.014699
 140   0.003521   0.007246  -0.004853  -0.005914
 141  -0.038102  -0.004344  -0.002885   0.045331
 142   0.009954  -0.036078  -0.000520   0.026644
 143   0.039416   0.011050  -0.051292   0.000826