 pos  val_A      val_C      val_G      val_T    
 81    0.000568   0.008841  -0.000436  -0.008973
 82    0.014579   0.010363  -0.032264   0.007322
 83    0.019079  -0.030251   0.001766   0.009406
 84   -0.030316   0.008042   0.003245   0.019028
 85   -0.028455  -0.014115   0.026786   0.015784
 86    0.002469  -0.007899  -0.017345   0.022775
 87    0.002099   0.018245  -0.032468   0.012124
 88   -0.018996   0.002390   0.001023   0.015582
 89    0.011923   0.014926  -0.026908   0.000059
 90   -0.004420   0.000692  -0.005373   0.009100
 91   -0.015120   0.011594   0.009346  -0.005821
 92    0.005491  -0.026282   0.007249   0.013543
 93    0.025111   0.006747  -0.012877  -0.018981
 94    0.010083   0.011647  -0.029134   0.007403
 95    0.013358   0.008358  -0.036651   0.014935
 96   -0.016234   0.028342   0.007709  -0.019818
 97    0.027139  -0.013488  -0.013264  -0.000386