 pos  val_A      val_C      val_G      val_T    
 70   -0.009772   0.037584  -0.034116   0.006303
 71    0.027204  -0.006247  -0.012355  -0.008602
 72    0.026938  -0.006862  -0.021719   0.001643
 73    0.024319  -0.018633  -0.003104  -0.002582
 74    0.027764  -0.004565  -0.011041  -0.012159
 75    0.035562  -0.017890  -0.005548  -0.012125
 76    0.019244  -0.030360  -0.006161   0.017277
 77   -0.013353   0.004921  -0.020963   0.029396
 78   -0.023501  -0.007402   0.027392   0.003510
 79    0.000489   0.045177   0.023419  -0.069085
 80   -0.057697  -0.058823  -0.053540   0.170060
 81   -0.022538  -0.066378  -0.032821   0.121736
 82   -0.064146  -0.064859   0.155536  -0.026531
 83    0.136571  -0.038904  -0.046873  -0.050794
 84   -0.038202   0.137534  -0.042227  -0.057104
 85    0.028164  -0.034061  -0.008720   0.014616