 pos  val_A      val_C      val_G      val_T    
 110   0.036863   0.007941   0.006899  -0.051704
 111  -0.023754   0.023705   0.020257  -0.020208
 112  -0.048111   0.001573   0.019277   0.027261
 113   0.004481   0.020801  -0.018179  -0.007103
 114   0.017057  -0.015152   0.028155  -0.030061
 115   0.022377  -0.042058   0.045879  -0.026197
 116  -0.039845   0.019996   0.025496  -0.005647
 117  -0.005901   0.020660   0.031421  -0.046180
 118  -0.048012   0.013481   0.006080   0.028452
 119  -0.050519   0.023592  -0.011188   0.038115
 120   0.039600  -0.066602   0.022882   0.004120
 121   0.005915   0.040305   0.016781  -0.063000
 122  -0.026447   0.028690   0.004141  -0.006384
 123  -0.037040  -0.007983   0.012701   0.032322
 124  -0.038260  -0.019576   0.035737   0.022100
 125  -0.036273   0.009297   0.013384   0.013592