 pos  val_A      val_C      val_G      val_T    
  80   0.041990   0.059746   0.049859  -0.151595
  81   0.007851   0.059957   0.029969  -0.097778
  82   0.054776   0.080290  -0.160719   0.025654
  83  -0.085571   0.007434   0.027882   0.050255
  84   0.011495   0.000262  -0.032807   0.021049
  85  -0.057204   0.005862   0.025480   0.025862
  86   0.013761   0.017157  -0.006505  -0.024413
  87   0.011527  -0.016442  -0.004031   0.008946
  88   0.028221   0.007873  -0.002316  -0.033778
  89   0.004331   0.017141   0.016700  -0.038173
  90  -0.035253  -0.009933   0.001741   0.043445
  91  -0.004394  -0.014244   0.059447  -0.040809
  92  -0.025570   0.009674   0.013620   0.002276
  93  -0.019052   0.030870   0.002175  -0.013993
  94   0.041473   0.025204  -0.072423   0.005747
  95  -0.015033  -0.021713   0.021391   0.015355
  96   0.019061  -0.018091  -0.018974   0.018004
  97  -0.013080   0.014715  -0.000876  -0.000760
  98   0.020636   0.027320  -0.011314  -0.036642
  99  -0.005318  -0.004546  -0.044660   0.054524
 100  -0.006762   0.043933  -0.005863  -0.031308
 101   0.021309   0.002254  -0.061814   0.038251
 102   0.005090  -0.018013  -0.004653   0.017575
 103   0.061847   0.005830   0.061566  -0.129244
 104  -0.173293   0.067034   0.065988   0.040271
 105   0.015101   0.052431  -0.048038  -0.019495
 106  -0.082429   0.035029   0.086338  -0.038938
 107  -0.067555  -0.007681   0.044005   0.031231
 108   0.074073   0.050521   0.052844  -0.177437
 109  -0.011981   0.005820  -0.016857   0.023018
 110  -0.019039   0.003926  -0.015200   0.030313
 111  -0.052544   0.028584  -0.009329   0.033288