 pos  val_A      val_C      val_G      val_T    
  98   0.018403   0.022102   0.008391  -0.048896
  99  -0.019644   0.012975  -0.056596   0.063265
 100  -0.013299  -0.001052   0.007099   0.007253
 101  -0.007804   0.011082  -0.036638   0.033360
 102   0.005095  -0.027715  -0.005786   0.028406
 103   0.050149   0.033824   0.054511  -0.138485
 104  -0.204218   0.077189   0.067563   0.059467
 105   0.054036   0.031857  -0.042892  -0.043001
 106  -0.064351   0.037895   0.056086  -0.029630
 107  -0.060366   0.006966   0.020466   0.032933
 108   0.058222   0.040922   0.091070  -0.190215
 109  -0.015126   0.014980  -0.007537   0.007683
 110  -0.016010   0.010348  -0.015756   0.021419
 111  -0.042390   0.001607   0.014157   0.026626