 pos  val_A      val_C      val_G      val_T    
  98   0.006343   0.026087   0.017285  -0.049715
  99  -0.002137   0.004525  -0.033512   0.031125
 100  -0.002297   0.004595  -0.002805   0.000507
 101  -0.007315   0.019281  -0.022680   0.010714
 102  -0.003749  -0.062954   0.014363   0.052340
 103   0.057507   0.020938   0.048440  -0.126885
 104  -0.200346   0.077048   0.071421   0.051877
 105   0.033868   0.027723  -0.026992  -0.034599
 106  -0.061588   0.012822   0.060059  -0.011292
 107  -0.027383  -0.002193   0.008186   0.021390
 108   0.061076   0.050007   0.073075  -0.184158
 109  -0.001343  -0.001414  -0.004768   0.007525
 110  -0.021337   0.019836  -0.004386   0.005888
 111  -0.045065   0.021291   0.016161   0.007614