 pos  val_A      val_C      val_G      val_T    
 120   0.048835  -0.005734   0.003485  -0.046587
 121   0.032465  -0.025778   0.000715  -0.007401
 122   0.016210  -0.024382   0.026283  -0.018111
 123   0.011913  -0.008265  -0.012137   0.008489
 124   0.045084  -0.018836  -0.009254  -0.016994
 125  -0.007853  -0.049160  -0.017729   0.074741
 126   0.009363  -0.014990  -0.011711   0.017338
 127  -0.018174   0.050206  -0.017700  -0.014333
 128   0.044210  -0.031847  -0.004973  -0.007390
 129  -0.034970  -0.008496   0.042819   0.000648