 pos  val_A      val_C      val_G      val_T    
 71   -0.009388   0.056066  -0.020550  -0.026129
 72    0.030799   0.040337  -0.012547  -0.058589
 73    0.000333   0.001032  -0.011426   0.010061
 74   -0.051849   0.023510   0.019193   0.009147
 75   -0.033538   0.005535   0.017023   0.010981
 76   -0.017244  -0.001244   0.009916   0.008572
 77    0.004336  -0.016210   0.025987  -0.014112
 78   -0.052303   0.017274   0.008174   0.026855
 79   -0.018433   0.014916  -0.008949   0.012466
 80   -0.013679   0.030712   0.024004  -0.041037
 81    0.054445  -0.033119  -0.008873  -0.012453
 82    0.003066  -0.010442  -0.004669   0.012045
 83    0.021878  -0.021432  -0.001637   0.001191
 84    0.004167  -0.027010  -0.010473   0.033316
 85   -0.025063   0.009945  -0.039601   0.054718
 86   -0.011164   0.011540   0.047541  -0.047917