 pos  val_A      val_C      val_G      val_T    
 78   -0.090144   0.036342   0.041901   0.011902
 79    0.008699  -0.008897   0.010650  -0.010451
 80    0.018465   0.014100   0.064251  -0.096815
 81   -0.002675  -0.000210   0.002579   0.000306
 82   -0.016531   0.005304   0.005476   0.005751
 83   -0.022915  -0.016140   0.014817   0.024238
 84   -0.010433  -0.001169  -0.010713   0.022315
 85   -0.011555   0.014420  -0.027421   0.024556
 86   -0.022206   0.045656   0.022978  -0.046428
 87   -0.023431   0.000556  -0.006595   0.029471
 88    0.009859  -0.005554   0.004479  -0.008785
 89    0.002017  -0.004138   0.016506  -0.014384
 90    0.000343  -0.076211  -0.000960   0.076829
 91    0.021263   0.012801   0.000582  -0.034646
 92    0.011249   0.007903   0.048562  -0.067714
 93    0.051312  -0.006790  -0.058289   0.013767