 pos  val_A      val_C      val_G      val_T    
  59   0.013371   0.015066  -0.021148  -0.007289
  60  -0.010782   0.019118  -0.014706   0.006371
  61   0.019300  -0.020442  -0.013159   0.014300
  62  -0.003316   0.013558  -0.024664   0.014422
  63  -0.016792  -0.004294  -0.012341   0.033428
  64  -0.004776   0.001011   0.005275  -0.001510
  65  -0.015287  -0.019840   0.055891  -0.020764
  66  -0.024856   0.018116   0.005394   0.001346
  67  -0.023635  -0.002350  -0.017343   0.043329
  68  -0.015657  -0.017301  -0.000547   0.033505
  69  -0.025386   0.006705   0.035138  -0.016457
  70   0.016348   0.008991  -0.006978  -0.018361
  71  -0.014873   0.023116  -0.013534   0.005291
  72   0.020161   0.013365  -0.017327  -0.016199
  73  -0.000684  -0.015038  -0.015389   0.031111
  74  -0.032686   0.005191   0.032020  -0.004525
  75  -0.011063  -0.016334  -0.002241   0.029637
  76  -0.008310  -0.008096   0.000797   0.015609
  77   0.006824  -0.013488   0.011312  -0.004648
  78  -0.032257   0.011295   0.024371  -0.003410
  79   0.001120   0.015192  -0.018576   0.002265
  80   0.000381   0.039310   0.003974  -0.043665
  81   0.038914  -0.026794   0.004408  -0.016528
  82   0.012681  -0.012725   0.003057  -0.003013
  83   0.015929  -0.004306   0.012371  -0.023994
  84   0.014901  -0.016352  -0.015366   0.016817
  85  -0.017968   0.031431  -0.045436   0.031973
  86   0.019678  -0.005265   0.060410  -0.074824
  87   0.006614   0.000439  -0.013627   0.006575
  88   0.013234  -0.006037  -0.005304  -0.001893
  89   0.029530   0.013617  -0.021047  -0.022099
  90   0.006218  -0.058685   0.017757   0.034710
  91   0.035193  -0.015501  -0.013853  -0.005839
  92   0.015270  -0.000833  -0.022522   0.008085
  93   0.009614   0.017799  -0.057676   0.030263
  94   0.051091  -0.015369  -0.030359  -0.005363
  95  -0.021545  -0.017961  -0.005350   0.044856
  96   0.012302  -0.044386   0.032477  -0.000394
  97  -0.021366  -0.006198   0.026145   0.001418
  98  -0.015453   0.008632  -0.014426   0.021247
  99  -0.038798   0.013940   0.027430  -0.002571
 100  -0.007405  -0.021581   0.031098  -0.002112
 101   0.022891   0.004726   0.012185  -0.039802
 102  -0.025071  -0.012390   0.014624   0.022837
 103  -0.010237   0.026390  -0.003753  -0.012401
 104   0.030289  -0.000332  -0.021289  -0.008669
 105   0.008163   0.003912   0.002974  -0.015049
 106   0.014966  -0.014446   0.026326  -0.026846
 107  -0.006672   0.019401  -0.027059   0.014330
 108  -0.008404  -0.012533   0.030250  -0.009314
 109  -0.023223   0.003552   0.029735  -0.010064
 110  -0.014824  -0.000028   0.000634   0.014218
 111   0.011293  -0.001588   0.002195  -0.011900
 112  -0.002736   0.009048   0.002548  -0.008860
 113  -0.024759   0.032193  -0.012993   0.005558
 114   0.003171   0.001219   0.005285  -0.009676
 115  -0.005998   0.025390  -0.010690  -0.008702
 116   0.021633  -0.008864   0.039089  -0.051858
 117   0.025584   0.021445  -0.027742  -0.019286
 118  -0.007402  -0.003946  -0.001388   0.012735
 119   0.001253   0.016213  -0.007275  -0.010191
 120  -0.022563   0.009210   0.020242  -0.006888
 121  -0.000705   0.008774  -0.004331  -0.003738
 122  -0.024524  -0.018018   0.020205   0.022336
 123  -0.004475   0.010269  -0.000112  -0.005682