 pos  val_A      val_C      val_G      val_T    
 60   -0.015181   0.011739   0.007794  -0.004351
 61    0.004297  -0.005861  -0.019366   0.020931
 62   -0.009154   0.013947  -0.006157   0.001364
 63    0.007848  -0.029420  -0.006963   0.028535
 64   -0.048751  -0.010025   0.030914   0.027861
 65   -0.002519  -0.030957   0.042364  -0.008888
 66    0.009924   0.004165   0.011867  -0.025956
 67   -0.029594  -0.020663  -0.017040   0.067297
 68   -0.006030  -0.029039  -0.031885   0.066955
 69   -0.025607  -0.004789   0.065010  -0.034614