 pos  val_A      val_C      val_G      val_T    
  74  -0.024150   0.019350   0.029304  -0.024504
  75  -0.025544  -0.025664   0.044160   0.007048
  76  -0.025680   0.019336  -0.002895   0.009238
  77  -0.022551   0.035467   0.004030  -0.016945
  78  -0.044322   0.031236   0.003584   0.009502
  79   0.013491  -0.009553  -0.015349   0.011410
  80  -0.025355   0.037131   0.031655  -0.043432
  81   0.006866  -0.008875   0.013641  -0.011632
  82   0.040721  -0.019668   0.025318  -0.046371
  83   0.058007  -0.022092  -0.027848  -0.008067
  84  -0.009899   0.002798  -0.032346   0.039447
  85  -0.008914  -0.008760  -0.056793   0.074467
  86   0.024299   0.049168   0.038312  -0.111779
  87  -0.004795  -0.015105  -0.015907   0.035807
  88   0.039803  -0.029379  -0.002472  -0.007952
  89  -0.010568  -0.005402   0.012114   0.003857
  90   0.012856  -0.094203   0.017276   0.064071
  91   0.061062  -0.019220  -0.033460  -0.008382
  92   0.036632  -0.033094  -0.016203   0.012666
  93   0.045640  -0.016905  -0.016278  -0.012457
  94   0.044712   0.012070  -0.049734  -0.007049
  95  -0.045330  -0.015907   0.023509   0.037728
  96   0.019141  -0.023511   0.022911  -0.018541
  97  -0.027607   0.007816   0.041734  -0.021944
  98  -0.017315   0.020219  -0.010423   0.007519
  99  -0.052612   0.030183   0.026207  -0.003778
 100   0.021961  -0.018878   0.004607  -0.007690
 101   0.000951   0.036672   0.007423  -0.045047
 102  -0.010381   0.022738  -0.013467   0.001110
 103  -0.020659   0.008485   0.007657   0.004517