 pos  val_A      val_C      val_G      val_T    
  74   0.050891  -0.029670  -0.022953   0.001732
  75   0.048180   0.002137  -0.023476  -0.026842
  76   0.016767  -0.003325  -0.003294  -0.010149
  77  -0.003680  -0.003194  -0.001960   0.008834
  78   0.036316  -0.022245  -0.017649   0.003577
  79  -0.010764   0.003650   0.008065  -0.000951
  80  -0.002604  -0.036339  -0.010749   0.049692
  81  -0.023717   0.038527  -0.006736  -0.008074
  82  -0.008854   0.030587  -0.016991  -0.004742
  83  -0.051649   0.012417   0.005864   0.033368
  84  -0.010516   0.008348   0.019264  -0.017095
  85   0.011794  -0.001455   0.031981  -0.042321
  86  -0.024865  -0.012280  -0.049320   0.086464
  87   0.007527   0.000284   0.018084  -0.025896
  88  -0.025504   0.023825   0.012511  -0.010832
  89  -0.017456   0.008707   0.014069  -0.005320
  90  -0.015028   0.067770  -0.019121  -0.033621
  91  -0.035430   0.015676   0.024246  -0.004492
  92  -0.012540   0.026311  -0.002361  -0.011410
  93  -0.027595   0.003241   0.046732  -0.022378
  94  -0.058835   0.017605   0.032674   0.008555
  95   0.019561   0.006221   0.011712  -0.037495
  96   0.000094   0.025431  -0.018845  -0.006679
  97   0.011896   0.006810  -0.044736   0.026029
  98   0.021541   0.000995   0.012226  -0.034761
  99   0.059464  -0.036844  -0.035081   0.012461
 100   0.006049   0.026839  -0.005967  -0.026921
 101  -0.010958  -0.019735  -0.007150   0.037842