 pos  val_A      val_C      val_G      val_T    
 85    0.048661   0.001343  -0.042949  -0.007055
 86   -0.015049   0.010348  -0.111588   0.116289
 87    0.035676  -0.038100   0.031185  -0.028761
 88   -0.022341  -0.051903  -0.056133   0.130377
 89   -0.011706  -0.037720   0.075570  -0.026144
 90    0.000257   0.002152  -0.026436   0.024027
 91    0.000976  -0.041706  -0.066081   0.106811
 92    0.123414  -0.031289  -0.054914  -0.037211
 93   -0.002259  -0.013679  -0.049240   0.065178
 94    0.045757  -0.013612  -0.028940  -0.003205
 95    0.090541  -0.006127  -0.034070  -0.050344
 96   -0.055308  -0.043150  -0.052856   0.151314
 97    0.011424  -0.013850  -0.015688   0.018114