 pos  val_A      val_C      val_G      val_T    
 86    0.015038  -0.010068   0.068305  -0.073275
 87   -0.020105   0.008472   0.026201  -0.014568
 88   -0.013471   0.066691   0.004426  -0.057646
 89    0.002019   0.026186  -0.060256   0.032051
 90   -0.006905   0.011496  -0.012438   0.007847
 91    0.002079   0.027803   0.050627  -0.080509
 92   -0.051630   0.030745   0.010138   0.010747
 93    0.028198   0.003853   0.013592  -0.045643
 94   -0.043408   0.017035   0.009462   0.016911
 95   -0.061844   0.019228   0.011377   0.031239
 96    0.039490   0.009485   0.016709  -0.065684
 97    0.022823   0.000258   0.005390  -0.028471
 98    0.032088  -0.005812  -0.005324  -0.020952
 99   -0.054258   0.074538  -0.017169  -0.003111