 pos  val_A      val_C      val_G      val_T    
 72    0.088897  -0.138199   0.080557  -0.031255
 73   -0.006156   0.017111   0.033794  -0.044749
 74    0.017382   0.014187   0.023033  -0.054602
 75    0.006355  -0.006755   0.016477  -0.016078
 76    0.005058   0.001274   0.024391  -0.030723
 77   -0.027406   0.013909   0.005709   0.007788
 78    0.019866  -0.027685   0.007339   0.000481
 79   -0.011256   0.017195  -0.008691   0.002752
 80    0.007480  -0.004537  -0.004390   0.001447
 81    0.014642  -0.006218  -0.014968   0.006544
 82   -0.008905   0.034095  -0.004751  -0.020438
 83   -0.012102   0.052581  -0.044856   0.004378
 84   -0.035129   0.039091   0.005300  -0.009263
 85   -0.052168  -0.002906   0.040223   0.014851
 86    0.014912  -0.021256   0.109419  -0.103075
 87   -0.032617   0.031429  -0.009419   0.010607
 88    0.003307   0.058156   0.050078  -0.111541
 89   -0.001065   0.045676  -0.071036   0.026426
 90   -0.003947   0.004802   0.022162  -0.023017
 91    0.007081   0.030219   0.068552  -0.105851
 92   -0.116396   0.031020   0.052191   0.033186
 93   -0.014178   0.029286   0.050633  -0.065742
 94   -0.031531   0.016641   0.013297   0.001592
 95   -0.086937   0.010084   0.037932   0.038921
 96    0.062008   0.044052   0.042652  -0.148711
 97   -0.028683   0.018492   0.018665  -0.008474
 98    0.024975  -0.002436  -0.015510  -0.007029
 99   -0.038716   0.064691  -0.024516  -0.001459