 pos  val_A      val_C      val_G      val_T    
 72   -0.074426   0.145746  -0.093814   0.022495
 73    0.011332  -0.043823  -0.028647   0.061137
 74   -0.013379  -0.010771  -0.027029   0.051179
 75   -0.010974   0.019858  -0.016144   0.007261
 76   -0.027578  -0.008128  -0.014212   0.049917
 77    0.017077  -0.024010  -0.007510   0.014442
 78   -0.025834   0.033880   0.002083  -0.010129
 79   -0.002858  -0.029662   0.028488   0.004032
 80   -0.011757   0.026781   0.005642  -0.020667
 81   -0.029351   0.002003   0.023477   0.003871
 82    0.016880  -0.039486   0.010129   0.012477
 83    0.001861  -0.047163   0.030519   0.014783
 84    0.050683  -0.037334  -0.006079  -0.007270
 85    0.048661   0.001343  -0.042949  -0.007055
 86   -0.015049   0.010348  -0.111588   0.116289
 87    0.035676  -0.038100   0.031185  -0.028761
 88   -0.022341  -0.051903  -0.056133   0.130377
 89   -0.011706  -0.037720   0.075570  -0.026144
 90    0.000257   0.002152  -0.026436   0.024027
 91    0.000976  -0.041706  -0.066081   0.106811
 92    0.123414  -0.031289  -0.054914  -0.037211
 93   -0.002259  -0.013679  -0.049240   0.065178
 94    0.045757  -0.013612  -0.028940  -0.003205
 95    0.090541  -0.006127  -0.034070  -0.050344
 96   -0.055308  -0.043150  -0.052856   0.151314
 97    0.011424  -0.013850  -0.015688   0.018114
 98   -0.019204   0.012200   0.030417  -0.023413
 99    0.038197  -0.042107  -0.011841   0.015751