 pos  val_A      val_C      val_G      val_T    
 72    0.054704  -0.081193   0.046898  -0.020409
 73   -0.004536   0.005855   0.034992  -0.036311
 74   -0.002385   0.022374   0.013390  -0.033379
 75   -0.002445  -0.024561   0.027373  -0.000368
 76    0.002825  -0.016494   0.033220  -0.019551
 77   -0.017790   0.002308   0.023451  -0.007969
 78    0.022527  -0.018520   0.010231  -0.014237
 79   -0.003941   0.001343  -0.001524   0.004122
 80    0.012885   0.001074  -0.005472  -0.008487
 81    0.021633   0.015040  -0.026050  -0.010623
 82   -0.013935   0.068473  -0.031416  -0.023122
 83    0.008539   0.031933  -0.035179  -0.005292
 84   -0.033790   0.032299   0.007535  -0.006045
 85   -0.033219   0.000399   0.023578   0.009242
 86    0.011931  -0.018095   0.089689  -0.083524
 87   -0.015604   0.015870   0.002134  -0.002400
 88   -0.010143   0.072231   0.013913  -0.076002
 89    0.010274   0.020640  -0.057459   0.026545
 90    0.003172   0.017293   0.020798  -0.041264
 91   -0.001414   0.021184   0.052485  -0.072256
 92   -0.056833   0.023265   0.030978   0.002589
 93    0.001592   0.019469   0.031702  -0.052763
 94   -0.039117   0.013785   0.004609   0.020723
 95   -0.066502   0.015179   0.023185   0.028138
 96    0.042353   0.030241   0.015434  -0.088027
 97   -0.011249   0.008376   0.027652  -0.024779
 98    0.022981  -0.013632   0.004569  -0.013918
 99   -0.042634   0.070731  -0.012180  -0.015916