 pos  val_A      val_C      val_G      val_T    
  89   0.010067   0.002978  -0.039241   0.026196
  90  -0.019890   0.020204   0.014938  -0.015252
  91   0.020044   0.012448   0.047262  -0.079753
  92  -0.053372   0.022530   0.015695   0.015147
  93   0.027027   0.001066  -0.002652  -0.025442
  94  -0.053202   0.026473   0.025375   0.001354
  95  -0.052329   0.024761   0.006298   0.021270
  96   0.029742   0.021511   0.023092  -0.074346
  97  -0.035317   0.016525   0.028491  -0.009699
  98   0.018409  -0.004428  -0.009256  -0.004724
  99  -0.021235   0.015038   0.007829  -0.001632
 100   0.001583  -0.015777   0.011637   0.002557
 101   0.024570  -0.038812   0.020544  -0.006302
 102  -0.031402   0.027492   0.011723  -0.007813
 103   0.021329  -0.008115   0.006116  -0.019331
 104  -0.013857   0.028290  -0.009784  -0.004650
 105   0.011578   0.009241  -0.019224  -0.001595
 106  -0.045832   0.009013   0.011101   0.025717
 107   0.018099   0.000671   0.009738  -0.028508
 108   0.007730   0.019783  -0.009322  -0.018191
 109   0.009441   0.022524  -0.005982  -0.025983