 pos  val_A      val_C      val_G      val_T    
  98  -0.017371   0.002984  -0.014752   0.029139
  99   0.014333  -0.009498  -0.002891  -0.001944
 100  -0.007216  -0.010912   0.021679  -0.003551
 101  -0.003731  -0.016077   0.003971   0.015838
 102   0.016730   0.007963  -0.017156  -0.007536
 103  -0.026511  -0.010598  -0.008991   0.046099
 104   0.059657  -0.035120  -0.010293  -0.014245
 105  -0.011264   0.000222  -0.025550   0.036592
 106   0.003741   0.003494   0.005038  -0.012274
 107   0.027869  -0.012542  -0.003915  -0.011413
 108  -0.017192  -0.025187  -0.024375   0.066754
 109   0.001041  -0.010793  -0.026086   0.035838
 110   0.015672   0.002652  -0.006912  -0.011412
 111   0.021786  -0.037500  -0.000038   0.015753
 112   0.004908   0.011307   0.021634  -0.037849
 113   0.000256  -0.011790   0.000770   0.010764
 114  -0.029657  -0.001038   0.001022   0.029673
 115   0.017300  -0.007515  -0.003102  -0.006684
 116   0.005042  -0.012904   0.010559  -0.002697
 117   0.008218  -0.020191   0.009533   0.002440
 118  -0.022056  -0.003858   0.015681   0.010233
 119  -0.005105   0.003446  -0.008036   0.009695
 120   0.020566  -0.004228   0.008352  -0.024690
 121  -0.012188   0.010894  -0.002872   0.004165
 122   0.006860  -0.007365  -0.017594   0.018099
 123  -0.008754   0.027956  -0.012414  -0.006789