 pos  val_A      val_C      val_G      val_T    
  89  -0.014968  -0.018011  -0.012088   0.045067
  90  -0.006225  -0.005984  -0.012032   0.024241
  91  -0.010489  -0.012818  -0.002555   0.025863
  92  -0.002537  -0.004265   0.006301   0.000501
  93  -0.008420   0.024254  -0.014340  -0.001493
  94   0.025157  -0.006789  -0.021072   0.002704
  95   0.005955  -0.013869   0.000161   0.007753
  96  -0.011543  -0.007176   0.019599  -0.000881
  97   0.007791   0.011667  -0.020005   0.000547
  98  -0.008911  -0.023227  -0.023159   0.055296
  99   0.022044  -0.012840   0.014009  -0.023212
 100  -0.007681  -0.045264   0.061516  -0.008570
 101   0.005830  -0.026587  -0.008964   0.029721
 102   0.021273   0.027261  -0.025878  -0.022655
 103  -0.034171  -0.037145  -0.020721   0.092037
 104   0.104837  -0.047113  -0.021275  -0.036449
 105  -0.000936  -0.022392  -0.017993   0.041320
 106   0.034987   0.003079  -0.012887  -0.025179
 107   0.056045  -0.004511  -0.025612  -0.025923
 108  -0.036122  -0.012966  -0.035627   0.084715
 109  -0.009106  -0.029177  -0.018307   0.056591
 110   0.036757  -0.008714  -0.016192  -0.011851