 pos  val_A      val_C      val_G      val_T    
 69   -0.052926   0.003081   0.044874   0.004970
 70   -0.026854   0.060168  -0.020104  -0.013210
 71   -0.049635   0.023509   0.016576   0.009550
 72   -0.017611   0.035514   0.011507  -0.029411
 73   -0.002509   0.002511  -0.002983   0.002981
 74    0.001368   0.042394   0.003551  -0.047313
 75   -0.033469   0.014108   0.021896  -0.002535
 76   -0.004730  -0.002648   0.009475  -0.002097
 77    0.014938   0.014545   0.016363  -0.045846
 78    0.014608   0.028065   0.005825  -0.048499
 79    0.013523   0.005627  -0.016759  -0.002392
 80   -0.098650   0.098625  -0.017494   0.017518
 81    0.001837  -0.018025   0.014382   0.001806
 82   -0.024419  -0.009846   0.032825   0.001441