 pos  val_A      val_C      val_G      val_T    
 104   0.004690  -0.033630  -0.016407   0.045347
 105   0.068616  -0.074798   0.012784  -0.006603
 106   0.026089  -0.025530  -0.029739   0.029180
 107  -0.029520  -0.027286  -0.023611   0.080417
 108   0.025622  -0.028015   0.013522  -0.011129
 109  -0.001525  -0.005317  -0.014650   0.021492
 110   0.023945  -0.012570  -0.034904   0.023528
 111   0.063599  -0.009072  -0.020880  -0.033647
 112  -0.001461  -0.028798  -0.009878   0.040136
 113  -0.002220   0.012955  -0.004625  -0.006110
 114  -0.013733  -0.014329   0.022101   0.005961
 115  -0.017082  -0.016227   0.034595  -0.001287
 116   0.006413  -0.013987  -0.003834   0.011409
 117   0.008527  -0.022044   0.019973  -0.006455
 118  -0.011337   0.002171   0.022651  -0.013484