 pos  val_A      val_C      val_G      val_T    
  1    0.077867  -0.022378  -0.033823  -0.021667
  2   -0.045587  -0.027538  -0.034248   0.107373
  3   -0.001526  -0.035324  -0.006311   0.043161
  4    0.051976  -0.004684   0.000382  -0.047675
  5   -0.012384  -0.011618  -0.012961   0.036962
  6   -0.006122  -0.000353   0.036861  -0.030386
  7   -0.003047  -0.009060   0.035497  -0.023389
  8   -0.024539  -0.022113  -0.000230   0.046882
  9    0.040878  -0.025526  -0.010102  -0.005249
 10    0.011721  -0.019332   0.010671  -0.003060
 11    0.003484   0.003746  -0.000573  -0.006657
 12    0.024270   0.002116   0.011688  -0.038074
 13   -0.038531  -0.010859  -0.013075   0.062464