 pos  val_A      val_C      val_G      val_T    
  97   0.053868  -0.018098  -0.000504  -0.035267
  98   0.044526  -0.064283   0.039709  -0.019952
  99   0.016828  -0.025914  -0.013217   0.022303
 100   0.023351  -0.026342   0.038945  -0.035953
 101  -0.000448   0.033509  -0.030667  -0.002394
 102  -0.060681   0.057478  -0.012295   0.015499
 103  -0.019814   0.022108   0.041058  -0.043351
 104  -0.041121  -0.019143   0.028570   0.031694
 105  -0.030391   0.047811   0.002900  -0.020320
 106  -0.017288   0.050076   0.002442  -0.035230
 107   0.014637   0.025992  -0.000111  -0.040518
 108   0.006131   0.038072   0.038895  -0.083099
 109   0.018490   0.005055   0.023665  -0.047210