 pos  val_A      val_C      val_G      val_T    
 74    0.031038  -0.049615   0.001449   0.017128
 75    0.025707  -0.024904  -0.012274   0.011471
 76    0.029354  -0.043985   0.018187  -0.003557
 77    0.021293  -0.057127   0.019324   0.016510
 78    0.057876  -0.024136   0.027079  -0.060819
 79    0.038703   0.060934  -0.009675  -0.089962
 80    0.022701   0.016012  -0.051988   0.013274
 81   -0.033242   0.018589   0.037058  -0.022404
 82    0.004742  -0.039887   0.026143   0.009002
 83   -0.009007  -0.000989   0.016972  -0.006976
 84   -0.021486   0.013279   0.005247   0.002961