 pos  val_A      val_C      val_G      val_T    
 103   0.052735  -0.006890  -0.030584  -0.015261
 104  -0.025783  -0.007444  -0.038637   0.071864
 105   0.087073  -0.030098  -0.060342   0.003367
 106  -0.017014   0.067198  -0.006043  -0.044140
 107  -0.042813  -0.007215  -0.042382   0.092411
 108   0.023012   0.013605  -0.034459  -0.002158
 109  -0.023350  -0.041129   0.003016   0.061463
 110   0.011037  -0.036384  -0.037174   0.062521
 111  -0.019189   0.046201   0.010681  -0.037692
 112  -0.031358   0.035419  -0.021978   0.017916
 113   0.024417  -0.015018   0.032556  -0.041955
 114   0.017451  -0.016442  -0.020439   0.019430
 115   0.009077  -0.007652   0.025998  -0.027423
 116   0.003469  -0.023387   0.005255   0.014663
 117   0.022657  -0.031551   0.017945  -0.009051
 118   0.034004   0.009846  -0.032370  -0.011481
 119  -0.006875  -0.046168   0.014509   0.038534
 120   0.024542   0.005563  -0.064612   0.034507
 121   0.034998   0.008668  -0.025655  -0.018011
 122   0.033197  -0.028593  -0.010523   0.005919
 123  -0.052321   0.052878   0.029025  -0.029582
 124  -0.012438  -0.017366  -0.047196   0.077000
 125  -0.022149  -0.000279  -0.059064   0.081491
 126  -0.019022  -0.008116   0.007542   0.019595
 127  -0.001334   0.016972  -0.015118  -0.000520
 128   0.020720  -0.016014  -0.005513   0.000806
 129  -0.004883   0.005439  -0.045688   0.045132
 130   0.031209  -0.037280  -0.038948   0.045019
 131   0.003261  -0.025063  -0.000862   0.022663
 132  -0.016502  -0.007309   0.025235  -0.001424
 133   0.022547  -0.010195  -0.009333  -0.003019
 134  -0.047925   0.045520   0.005214  -0.002809
 135   0.023991   0.001609   0.012243  -0.037844
 136   0.052602  -0.032917   0.001310  -0.020995
 137  -0.038567  -0.036092  -0.023384   0.098042
 138   0.033737  -0.013595  -0.013118  -0.007024
 139   0.015648   0.024884  -0.048911   0.008378
 140   0.036650  -0.023473  -0.019829   0.006653
 141  -0.012669  -0.020811   0.005173   0.028307
 142  -0.006466  -0.008332  -0.006297   0.021095
 143   0.055460   0.043572  -0.021885  -0.077146
 144   0.001081   0.007923   0.032181  -0.041186