 pos  val_A      val_C      val_G      val_T    
  91  -0.036143   0.005881   0.017406   0.012855
  92   0.015633  -0.013616  -0.047639   0.045622
  93   0.007625  -0.024768   0.021145  -0.004001
  94   0.019471  -0.035729  -0.023317   0.039575
  95   0.009626   0.037711  -0.021355  -0.025982
  96  -0.013098  -0.052040   0.039678   0.025461
  97  -0.053396  -0.001853   0.011254   0.043995
  98  -0.006845   0.000975   0.038114  -0.032244
  99   0.012618  -0.030369   0.041155  -0.023404
 100   0.001119  -0.058682   0.154784  -0.097221
 101  -0.012046  -0.022983   0.057726  -0.022696
 102  -0.044522  -0.062704  -0.006346   0.113572
 103   0.074214  -0.013174  -0.022931  -0.038110
 104  -0.032004  -0.011272  -0.029801   0.073077
 105   0.075272  -0.036127  -0.051772   0.012626
 106   0.034460   0.052968  -0.012375  -0.075053
 107  -0.026122  -0.040746  -0.036350   0.103218
 108   0.026459   0.011706  -0.032473  -0.005692
 109   0.001777  -0.056942   0.003483   0.051683
 110   0.009191  -0.017295  -0.028788   0.036892
 111  -0.021063   0.035145   0.014693  -0.028776
 112  -0.031199   0.010445  -0.007523   0.028276
 113   0.017500  -0.006156   0.024913  -0.036256
 114   0.028703  -0.008786  -0.032745   0.012828