 pos  val_A      val_C      val_G      val_T    
  92  -0.035398   0.018426   0.048984  -0.032012
  93  -0.006526   0.002220   0.006275  -0.001969
  94  -0.005073   0.029409   0.003056  -0.027391
  95  -0.015661  -0.014377   0.006668   0.023369
  96   0.002804   0.041332  -0.018150  -0.025986
  97   0.066839  -0.000879  -0.027040  -0.038920
  98   0.003736   0.005645  -0.018903   0.009522
  99  -0.012404   0.002172   0.000157   0.010076
 100  -0.019861   0.049773  -0.119913   0.090001
 101  -0.003965   0.019627  -0.047069   0.031408
 102   0.014886   0.059318   0.003029  -0.077233
 103  -0.053423  -0.002300   0.025264   0.030459
 104   0.038538   0.009233   0.019019  -0.066791
 105  -0.086651   0.024332   0.054080   0.008239
 106   0.005448  -0.075216   0.018648   0.051121
 107   0.045009   0.004448   0.036705  -0.086162
 108  -0.020867  -0.012786   0.022939   0.010713
 109   0.023947   0.044954  -0.009790  -0.059111
 110  -0.010279   0.021971   0.048897  -0.060589
 111   0.017804  -0.039794  -0.012488   0.034478
 112   0.023331  -0.025364   0.013348  -0.011315
 113  -0.034942   0.014901  -0.008380   0.028421
 114  -0.026117   0.008201   0.031218  -0.013302
 115  -0.004272  -0.014468  -0.020498   0.039238