 pos  val_A      val_C      val_G      val_T    
  98  -0.006845   0.000975   0.038114  -0.032244
  99   0.012618  -0.030369   0.041155  -0.023404
 100   0.001119  -0.058682   0.154784  -0.097221
 101  -0.012046  -0.022983   0.057726  -0.022696
 102  -0.044522  -0.062704  -0.006346   0.113572
 103   0.074214  -0.013174  -0.022931  -0.038110
 104  -0.032004  -0.011272  -0.029801   0.073077
 105   0.075272  -0.036127  -0.051772   0.012626
 106   0.034460   0.052968  -0.012375  -0.075053
 107  -0.026122  -0.040746  -0.036350   0.103218
 108   0.026459   0.011706  -0.032473  -0.005692
 109   0.001777  -0.056942   0.003483   0.051683
 110   0.009191  -0.017295  -0.028788   0.036892
 111  -0.021063   0.035145   0.014693  -0.028776
 112  -0.031199   0.010445  -0.007523   0.028276
 113   0.017500  -0.006156   0.024913  -0.036256
 114   0.028703  -0.008786  -0.032745   0.012828
 115   0.003478  -0.006032   0.017784  -0.015231
 116   0.005808  -0.015430  -0.013937   0.023558
 117  -0.004265   0.005092   0.009368  -0.010195
 118   0.025167   0.002695  -0.033783   0.005921
 119  -0.000365  -0.021350   0.020925   0.000790
 120   0.015145   0.036353  -0.061461   0.009964
 121   0.036085  -0.001499  -0.029168  -0.005418
 122   0.035091  -0.023463  -0.018758   0.007129
 123  -0.049794   0.040433   0.052166  -0.042805
 124  -0.018667  -0.001603  -0.050679   0.070949
 125  -0.018128  -0.005618  -0.055118   0.078864