 pos  val_A      val_C      val_G      val_T    
  92  -0.030679   0.008664   0.048801  -0.026786
  93   0.018141  -0.015832  -0.008527   0.006217
  94  -0.016016   0.033375  -0.008089  -0.009270
  95  -0.023924   0.011045   0.017633  -0.004755
  96  -0.013348   0.041598  -0.018061  -0.010189
  97   0.056505  -0.017394  -0.021729  -0.017382
  98   0.006759  -0.024112  -0.021202   0.038554
  99  -0.011398   0.011687  -0.012359   0.012070
 100  -0.040158   0.064296  -0.119954   0.095816
 101  -0.031571   0.037391  -0.043577   0.037757
 102   0.028383   0.052915  -0.004302  -0.076997
 103  -0.049813   0.008377   0.012943   0.028493
 104   0.034197   0.009504   0.019690  -0.063391
 105  -0.066785   0.019914   0.037026   0.009844
 106   0.000219  -0.052586   0.010662   0.041705
 107   0.033097  -0.002411   0.038521  -0.069207
 108  -0.029002  -0.007238   0.029083   0.007157
 109   0.014470   0.043103  -0.009359  -0.048214
 110  -0.009258   0.027569   0.039969  -0.058281