 pos  val_A      val_C      val_G      val_T    
 70    0.056038  -0.031853  -0.011539  -0.012646
 71    0.041500  -0.025311  -0.005708  -0.010481
 72    0.086131  -0.056933  -0.002413  -0.026785
 73    0.038324  -0.018085  -0.007315  -0.012924
 74   -0.019997  -0.023056  -0.052857   0.095910
 75    0.018464  -0.032764  -0.007173   0.021473
 76   -0.010983  -0.014262   0.017022   0.008223
 77    0.052876  -0.011798  -0.039355  -0.001722
 78   -0.059700  -0.052533  -0.081442   0.193675
 79   -0.035525  -0.049387  -0.003787   0.088699