 pos  val_A      val_C      val_G      val_T    
  91   0.023841  -0.006461   0.041320  -0.058700
  92  -0.009570   0.011414  -0.032753   0.030908
  93  -0.012420   0.005134  -0.016554   0.023839
  94   0.019464  -0.002172  -0.004655  -0.012637
  95   0.000155   0.006698   0.012927  -0.019779
  96  -0.038229  -0.004811   0.009666   0.033374
  97  -0.024400  -0.013514   0.002263   0.035651
  98   0.029373  -0.061902   0.038085  -0.005557
  99   0.010154  -0.029357   0.041900  -0.022697
 100  -0.019711  -0.048311   0.011987   0.056034
 101  -0.023946  -0.007904   0.042523  -0.010673
 102  -0.055877  -0.029809  -0.040068   0.125754
 103   0.078659  -0.014573  -0.007794  -0.056291
 104  -0.009374  -0.006553   0.019723  -0.003796
 105   0.044391  -0.056162  -0.015615   0.027386
 106   0.060396  -0.029912   0.007499  -0.037983
 107  -0.017787  -0.059581   0.001430   0.075938
 108   0.029870  -0.036941   0.023311  -0.016240
 109  -0.012406   0.017310  -0.028813   0.023910
 110  -0.009498  -0.006016   0.033809  -0.018294
 111   0.030068  -0.024175   0.005191  -0.011083
 112   0.011442  -0.003919  -0.026809   0.019286
 113   0.024550   0.001712  -0.030049   0.003787
 114  -0.006197  -0.019027  -0.014490   0.039714
 115  -0.012804   0.012533  -0.025662   0.025933
 116  -0.019979  -0.021683   0.047996  -0.006333
 117  -0.010862   0.030342   0.006717  -0.026197
 118   0.009955   0.008377  -0.019712   0.001380
 119   0.043459  -0.025694  -0.017854   0.000089
 120   0.003757  -0.009931   0.056848  -0.050673