 pos  val_A      val_C      val_G      val_T    
 71   -0.066370   0.025038   0.015348   0.025984
 72   -0.076335   0.011474   0.029623   0.035239
 73   -0.034950   0.015893   0.012497   0.006561
 74    0.014774   0.008906   0.022321  -0.046001
 75   -0.021818   0.038956   0.014379  -0.031517
 76    0.002096  -0.009302   0.012593  -0.005387
 77   -0.027654  -0.000307  -0.000409   0.028371
 78    0.048052   0.035165   0.064936  -0.148154
 79    0.038100   0.048637   0.007191  -0.093928
 80   -0.009932   0.057840   0.024148  -0.072055
 81    0.116561   0.012257  -0.144459   0.015641
 82    0.120538  -0.079609   0.041905  -0.082835
 83    0.010102  -0.012822   0.008147  -0.005427
 84   -0.000752   0.036460  -0.031298  -0.004410
 85   -0.013072   0.022478  -0.003475  -0.005932
 86    0.022766  -0.015941  -0.022913   0.016087
 87   -0.032744   0.049236   0.017914  -0.034406