 pos  val_A      val_C      val_G      val_T    
 67   -0.048358   0.029706   0.016385   0.002268
 68   -0.001505  -0.047921  -0.007526   0.056952
 69   -0.011788  -0.006711   0.001808   0.016691
 70    0.029119  -0.016655  -0.028079   0.015615
 71    0.040774  -0.033159   0.019283  -0.026898
 72    0.091362  -0.029938  -0.018967  -0.042457
 73    0.023860  -0.007040   0.007420  -0.024241
 74   -0.016091  -0.027466  -0.042758   0.086315
 75    0.026930  -0.025322  -0.002159   0.000551
 76   -0.008504  -0.002733   0.010992   0.000246
 77    0.026791   0.007717  -0.021982  -0.012526
 78   -0.038161  -0.028924  -0.084727   0.151812
 79   -0.039742  -0.023352  -0.012159   0.075252
 80   -0.005811  -0.076244   0.011067   0.070989
 81   -0.125525  -0.032920   0.160970  -0.002525
 82   -0.132330   0.079754  -0.047537   0.100113
 83   -0.001772   0.013536  -0.007665  -0.004100
 84    0.012897  -0.029601  -0.000467   0.017171
 85    0.021522  -0.057081   0.021502   0.014057
 86   -0.029791  -0.007267   0.034147   0.002911
 87    0.041724  -0.045302  -0.020387   0.023965
 88    0.034087  -0.010069   0.012095  -0.036113