 pos  val_A      val_C      val_G      val_T    
 102  -0.004074  -0.037124  -0.035257   0.076455
 103   0.055030  -0.027190   0.007764  -0.035603
 104   0.007082  -0.047389   0.058619  -0.018312
 105   0.030547  -0.044295  -0.027817   0.041565
 106   0.013228  -0.023302   0.011857  -0.001783
 107  -0.020670  -0.064567   0.007646   0.077590
 108   0.028267  -0.044417   0.024979  -0.008829
 109  -0.016887   0.016687  -0.025783   0.025982
 110   0.013385  -0.038501   0.027965  -0.002850
 111   0.029361  -0.038551   0.001597   0.007592
 112   0.020709  -0.017592  -0.032438   0.029322
 113   0.022640  -0.023728  -0.024312   0.025400
 114  -0.004186  -0.027618   0.013846   0.017959
 115  -0.048102   0.036703  -0.010283   0.021681
 116  -0.042213   0.002451   0.054056  -0.014294