 pos  val_A      val_C      val_G      val_T    
 67   -0.055334   0.020552   0.029106   0.005677
 68   -0.025545  -0.032259   0.012124   0.045681
 69   -0.009036  -0.002104  -0.003891   0.015032
 70    0.031423  -0.040795  -0.021682   0.031054
 71    0.035974  -0.024456   0.000194  -0.011712
 72    0.070910  -0.023950  -0.013125  -0.033835
 73    0.009959  -0.014107   0.016861  -0.012713
 74   -0.014149  -0.018156  -0.030174   0.062479
 75    0.011704  -0.023510  -0.007023   0.018829
 76   -0.005730  -0.000731  -0.007221   0.013682
 77    0.024018   0.012388  -0.031028  -0.005378
 78   -0.029657  -0.029994  -0.087607   0.147259
 79   -0.046264  -0.028311  -0.006150   0.080725
 80   -0.014516  -0.064842   0.014855   0.064503
 81   -0.132274  -0.011305   0.152107  -0.008528
 82   -0.131354   0.093167  -0.055183   0.093371
 83   -0.010132   0.006465  -0.007018   0.010685