 pos  val_A      val_C      val_G      val_T    
 72    0.093022  -0.049394  -0.021545  -0.022083
 73    0.038704  -0.028006  -0.002727  -0.007971
 74   -0.034507  -0.013287  -0.048290   0.096085
 75    0.006074  -0.033136  -0.017368   0.044431
 76   -0.016933   0.008776  -0.008922   0.017079
 77    0.056823  -0.012418  -0.045146   0.000741
 78   -0.068072  -0.043828  -0.093220   0.205120
 79   -0.027287  -0.037891  -0.007198   0.072376
 80    0.001881  -0.061811   0.011414   0.048515
 81   -0.109318  -0.015336   0.153826  -0.029173
 82   -0.130945   0.078796  -0.060586   0.112736
 83    0.001381   0.014098  -0.008863  -0.006615
 84    0.019721  -0.040966   0.023332  -0.002086
 85   -0.003952  -0.039200   0.006596   0.036556