 pos  val_A      val_C      val_G      val_T    
 101  -0.012839  -0.012005   0.034845  -0.010001
 102  -0.034151  -0.017303  -0.020726   0.072180
 103   0.019860  -0.028686   0.015874  -0.007048
 104   0.000504  -0.014633   0.038293  -0.024163
 105   0.023811  -0.016669  -0.031888   0.024746
 106   0.030737  -0.028429   0.011010  -0.013319
 107  -0.023595  -0.052179   0.002662   0.073113
 108   0.023765  -0.027428   0.005465  -0.001802
 109  -0.013538  -0.011764  -0.011436   0.036738
 110   0.024765  -0.029399   0.018544  -0.013910
 111   0.038788  -0.031124   0.005139  -0.012803
 112   0.008604  -0.015243  -0.022074   0.028713
 113   0.020656  -0.019001  -0.021931   0.020276
 114  -0.005302  -0.009297   0.017867  -0.003267
 115  -0.026375   0.025083  -0.032510   0.033802
 116  -0.032941  -0.015109   0.040499   0.007551