 pos  val_A      val_C      val_G      val_T    
  91  -0.042068  -0.024271   0.053933   0.012406
  92   0.019973  -0.009669   0.004636  -0.014940
  93   0.034313  -0.007337   0.003009  -0.029985
  94   0.016467  -0.000089  -0.031936   0.015558
  95  -0.011073   0.009446  -0.008486   0.010113
  96   0.002088   0.002378   0.008941  -0.013408
  97   0.015740  -0.019464   0.014216  -0.010492
  98  -0.019193  -0.002553  -0.008407   0.030153
  99  -0.045138   0.023891  -0.021205   0.042452
 100  -0.011348   0.046242   0.004269  -0.039163
 101   0.009282  -0.006467   0.021165  -0.023979
 102  -0.016685  -0.006367   0.017511   0.005541
 103   0.001636  -0.007630  -0.015385   0.021379
 104  -0.021689  -0.120343   0.092312   0.049720
 105   0.030912   0.010136  -0.032905  -0.008143
 106  -0.008274   0.004804   0.000241   0.003229
 107  -0.000100  -0.012784  -0.009243   0.022126
 108  -0.006585   0.002886   0.015285  -0.011586
 109   0.013319  -0.006409   0.014635  -0.021545
 110   0.062440   0.012089  -0.068535  -0.005995
 111  -0.013435   0.002904  -0.011506   0.022037
 112   0.002694  -0.014105   0.030033  -0.018622
 113   0.025832  -0.017282  -0.010133   0.001583
 114   0.022687  -0.021659  -0.002403   0.001375
 115   0.039170   0.011863   0.014492  -0.065525