 pos  val_A      val_C      val_G      val_T    
  85  -0.086274   0.001628   0.123529  -0.038883
  86   0.103095  -0.076548  -0.037477   0.010930
  87  -0.022075   0.056046   0.010785  -0.044756
  88   0.035336   0.034563  -0.051317  -0.018582
  89   0.037905  -0.064574   0.019626   0.007042
  90  -0.073301   0.026868   0.000072   0.046361
  91  -0.019526   0.024295  -0.004208  -0.000561
  92   0.020217  -0.003388   0.006195  -0.023024
  93  -0.019417   0.025102  -0.009696   0.004011
  94  -0.023054   0.001171   0.016503   0.005381
  95  -0.017158   0.022218  -0.003362  -0.001698
  96   0.001353   0.032621  -0.010243  -0.023732
  97   0.014877  -0.022394  -0.005318   0.012835
  98  -0.009049  -0.027420  -0.018584   0.055053
  99  -0.004961   0.012999  -0.014472   0.006435
 100  -0.023752  -0.006486  -0.013452   0.043690
 101  -0.029801  -0.012722  -0.017886   0.060409
 102   0.019095  -0.058428   0.055580  -0.016247
 103  -0.027208  -0.053137   0.049713   0.030632
 104  -0.033229  -0.111208   0.095659   0.048778
 105   0.023205  -0.002810   0.026562  -0.046956
 106  -0.038551  -0.028426   0.010526   0.056450
 107   0.095599  -0.021704  -0.036638  -0.037257
 108  -0.054211   0.011869   0.018770   0.023572
 109   0.104009  -0.056563  -0.018997  -0.028450
 110   0.060440   0.004005  -0.033674  -0.030771
 111  -0.030520  -0.025273  -0.067672   0.123465
 112   0.008650  -0.024931   0.000850   0.015430
 113   0.004252   0.006412  -0.038474   0.027810
 114  -0.002634  -0.060013   0.045715   0.016933
 115   0.019052  -0.013640   0.057167  -0.062580