 pos  val_A      val_C      val_G      val_T    
  85  -0.095750  -0.020805   0.153682  -0.037127
  86   0.084643  -0.063009  -0.052388   0.030754
  87  -0.045369   0.059527   0.000858  -0.015016
  88   0.041513   0.005168  -0.041767  -0.004914
  89   0.063125  -0.076418  -0.011740   0.025034
  90  -0.077150   0.022212  -0.003790   0.058728
  91  -0.037902  -0.004101   0.023260   0.018742
  92   0.020705  -0.017424  -0.006869   0.003588
  93  -0.015996   0.064703  -0.000348  -0.048359
  94  -0.034977   0.022938   0.012279  -0.000241
  95  -0.028068   0.010194   0.012055   0.005819
  96   0.022876   0.004382   0.002205  -0.029462
  97  -0.016148   0.002455   0.001433   0.012259
  98   0.015505  -0.036282  -0.034305   0.055082
  99   0.004736  -0.003445  -0.002081   0.000790
 100  -0.015828  -0.005848  -0.028573   0.050249
 101  -0.031856  -0.020102   0.007526   0.044431
 102   0.023086  -0.043803   0.034321  -0.013604
 103  -0.024548  -0.037234   0.040000   0.021782
 104  -0.044434  -0.106200   0.129310   0.021324
 105   0.024660  -0.005606   0.018863  -0.037916
 106  -0.033871  -0.026976   0.014534   0.046314
 107   0.095421  -0.049345  -0.057946   0.011870
 108  -0.037981   0.015248   0.016589   0.006144
 109   0.076835  -0.053610   0.001219  -0.024444
 110   0.077808   0.011955  -0.037046  -0.052717
 111  -0.045094  -0.022018  -0.050176   0.117288
 112   0.033416  -0.044416   0.009265   0.001734
 113   0.009545  -0.025235  -0.026902   0.042593
 114  -0.001304  -0.065764   0.042028   0.025039
 115   0.034992   0.026222   0.022421  -0.083635