 pos  val_A      val_C      val_G      val_T    
 105  -0.007868   0.043903  -0.029699  -0.006336
 106  -0.026630   0.034377   0.012487  -0.020234
 107  -0.019622   0.107130   0.051088  -0.138596
 108   0.003607   0.027130   0.021780  -0.052517
 109  -0.030807   0.041068   0.001063  -0.011323
 110   0.039226  -0.004345  -0.037109   0.002228
 111  -0.023997   0.019137   0.008128  -0.003269
 112   0.028062  -0.013210  -0.024981   0.010129
 113  -0.018246   0.022559   0.011155  -0.015469
 114   0.004630  -0.016687   0.021758  -0.009702
 115  -0.008242  -0.007899   0.008004   0.008137
 116   0.008976   0.008393  -0.015287  -0.002083
 117  -0.003017  -0.004563  -0.019281   0.026861
 118  -0.008048  -0.029674  -0.008125   0.045846