 pos  val_A      val_C      val_G      val_T    
  65   0.009074   0.021759   0.000933  -0.031766
  66   0.014097  -0.007472   0.009153  -0.015778
  67  -0.020763   0.005599   0.034565  -0.019401
  68   0.002116   0.009147   0.012154  -0.023417
  69  -0.015843  -0.015525   0.021992   0.009376
  70   0.007784   0.020083  -0.010200  -0.017667
  71   0.009128   0.020742  -0.009545  -0.020324
  72  -0.009872   0.005519  -0.002214   0.006568
  73  -0.016336   0.007450  -0.017838   0.026724
  74  -0.021192   0.034229  -0.015798   0.002761
  75  -0.018481   0.017998  -0.007091   0.007574
  76   0.000103   0.022368  -0.021807  -0.000664
  77   0.006662   0.037342  -0.053861   0.009856
  78   0.015324  -0.072960   0.005845   0.051792
  79   0.043409   0.053574   0.049843  -0.146825
  80   0.039448   0.033958   0.026100  -0.099507
  81   0.069975   0.055903  -0.167817   0.041940
  82  -0.157280   0.044521   0.061499   0.051260
  83   0.032306  -0.144174   0.067880   0.043988
  84  -0.098590   0.065750   0.036090  -0.003251
  85  -0.008171   0.054854  -0.004383  -0.042300
  86   0.017474   0.013898   0.007634  -0.039006
  87   0.000823  -0.009398  -0.000708   0.009283
  88   0.014803  -0.007065  -0.010958   0.003220
  89  -0.018898  -0.004061   0.011811   0.011148
  90   0.011879  -0.032708  -0.007191   0.028020
  91  -0.016282   0.002873  -0.001170   0.014578
  92  -0.010335  -0.006118  -0.001720   0.018173
  93  -0.016270   0.025727  -0.007204  -0.002253
  94  -0.020913   0.024802   0.003695  -0.007584
  95   0.019416   0.006705  -0.012984  -0.013138
  96  -0.020932   0.028529   0.029626  -0.037223
  97   0.030765   0.022764  -0.000595  -0.052934
  98  -0.019711   0.001375  -0.006230   0.024566
  99  -0.006916   0.038009  -0.019612  -0.011480
 100   0.024510   0.056481  -0.040395  -0.040596
 101   0.046616   0.010671  -0.067282   0.009995
 102   0.044601   0.040314   0.057830  -0.142744
 103  -0.055661   0.078059   0.053922  -0.076320
 104  -0.041335   0.012670   0.057234  -0.028570
 105  -0.044469   0.061032   0.017653  -0.034217
 106  -0.011745   0.028830   0.026760  -0.043845
 107  -0.018073   0.079865   0.010533  -0.072325
 108   0.025339   0.045377   0.041781  -0.112497
 109  -0.052039   0.049183   0.014710  -0.011853