 pos  val_A      val_C      val_G      val_T    
  76   0.013811   0.010998  -0.037979   0.013170
  77   0.022719   0.024706  -0.029010  -0.018415
  78   0.015055  -0.071004   0.006426   0.049524
  79   0.021109   0.056364   0.058239  -0.135712
  80   0.039860   0.030711   0.036800  -0.107371
  81   0.059286   0.051000  -0.134277   0.023990
  82  -0.128491   0.042698   0.050721   0.035072
  83   0.030146  -0.120541   0.051280   0.039115
  84  -0.080548   0.043564   0.039152  -0.002168
  85   0.008776   0.028626  -0.023767  -0.013635
  86   0.039803   0.001839   0.002940  -0.044582
  87   0.017326   0.019110  -0.024321  -0.012115
  88   0.004933  -0.025034  -0.002797   0.022899
  89  -0.007353   0.005113  -0.006608   0.008848
  90   0.020543  -0.025944  -0.008553   0.013954
  91  -0.043217   0.003984   0.000129   0.039104
  92   0.008895  -0.020901  -0.021790   0.033797
  93  -0.012162   0.019181   0.002104  -0.009123
  94  -0.016212   0.030899  -0.007799  -0.006888
  95   0.009036   0.021702  -0.012661  -0.018078
  96   0.005917   0.026089   0.008132  -0.040137
  97   0.036362  -0.006891   0.008976  -0.038447
  98  -0.004745   0.009940  -0.019266   0.014070
  99   0.002340   0.030899  -0.028154  -0.005084
 100   0.042478   0.054890  -0.040026  -0.057342
 101   0.029438   0.027556  -0.072840   0.015846
 102   0.029736   0.035936   0.038722  -0.104394
 103   0.014700   0.080871   0.062770  -0.158342
 104  -0.045145   0.027044   0.066746  -0.048644
 105  -0.061598   0.060049   0.033973  -0.032424
 106  -0.014980   0.043805   0.017003  -0.045828
 107  -0.011598   0.111148   0.045748  -0.145298
 108   0.013928   0.040308   0.039084  -0.093319
 109  -0.045285   0.056221   0.008813  -0.019749