 pos  val_A      val_C      val_G      val_T    
  37  -0.056431   0.027893   0.001296   0.027242
  38   0.002088  -0.011556   0.028496  -0.019028
  39   0.003078  -0.004017   0.037278  -0.036338
  40  -0.012542   0.010143   0.041413  -0.039015
  41  -0.039854   0.008341   0.034893  -0.003380
  42  -0.002435   0.011762   0.001917  -0.011243
  43   0.034348  -0.007096   0.022969  -0.050221
  44   0.033316   0.016625   0.033582  -0.083523
  45   0.033568  -0.022815   0.002907  -0.013660
  46  -0.008739   0.005313  -0.000136   0.003562
  47   0.029653  -0.006144   0.012683  -0.036192
  48   0.004685  -0.036092   0.041259  -0.009853
  49   0.017552   0.045472   0.024847  -0.087871
  50  -0.001748   0.003907  -0.031355   0.029196
  51   0.035607   0.002185  -0.036187  -0.001606
  52  -0.059748   0.005182   0.029008   0.025558
  53  -0.007186  -0.015057   0.012455   0.009788
  54  -0.002648   0.028437  -0.054018   0.028229
  55  -0.032696   0.037955  -0.017179   0.011921
  56   0.020203  -0.003979   0.049250  -0.065474
  57  -0.007365  -0.007952   0.017990  -0.002673
  58  -0.004001   0.031295  -0.025927  -0.001368
  59  -0.033200   0.004582   0.015325   0.013293
  60  -0.002206  -0.008110  -0.022290   0.032606
  61  -0.041562   0.033909   0.013946  -0.006294
  62   0.003611   0.024143  -0.023450  -0.004304
  63  -0.022760   0.038811  -0.000660  -0.015391
  64   0.008387   0.031593   0.051609  -0.091589
  65   0.020246   0.023522   0.008719  -0.052487
  66   0.022358   0.010881   0.018709  -0.051947
  67   0.033919  -0.013841   0.038306  -0.058384
  68  -0.069529   0.028535  -0.027329   0.068323
  69   0.022072  -0.006004  -0.007454  -0.008613
  70   0.039963   0.028901   0.008890  -0.077754
  71   0.014088   0.030816  -0.027442  -0.017462
  72   0.038588   0.077016  -0.097143  -0.018461
  73  -0.086316   0.015493   0.038888   0.031935
  74   0.004221  -0.073214   0.047977   0.021016
  75  -0.025522   0.006483   0.048791  -0.029752
  76  -0.017462   0.063049  -0.012031  -0.033556
  77   0.004740   0.025884   0.003728  -0.034352
  78  -0.027520   0.006357   0.023325  -0.002162
  79  -0.014718   0.009261   0.021134  -0.015678
  80   0.016057  -0.014204   0.019342  -0.021195
  81   0.004139   0.002238  -0.016093   0.009716
  82   0.030500   0.007704  -0.009634  -0.028570
  83   0.005760  -0.024354  -0.009344   0.027937
  84  -0.039910  -0.002966   0.012482   0.030393
  85   0.031079   0.005914   0.016758  -0.053751
  86  -0.003280   0.006841   0.002115  -0.005677
  87  -0.000468  -0.036057   0.035802   0.000722
  88  -0.023407   0.030272   0.033486  -0.040351
  89  -0.029532   0.032842  -0.029434   0.026124
  90   0.035949  -0.016545  -0.007605  -0.011799
  91  -0.005255   0.015743  -0.013104   0.002616
  92   0.029885  -0.002784  -0.019137  -0.007964
  93   0.015949   0.019240   0.038385  -0.073573
  94  -0.088501   0.033931   0.055159  -0.000589
  95   0.025988   0.020731   0.022497  -0.069216
  96  -0.061554   0.012832   0.016765   0.031956
  97  -0.039977  -0.033761   0.053175   0.020563
  98   0.052454  -0.008695   0.057048  -0.100807
  99  -0.004022   0.052080  -0.024663  -0.023395
 100  -0.014483   0.043984   0.005650  -0.035151
 101  -0.016779   0.009529   0.031344  -0.024094
 102  -0.014848   0.023122  -0.026648   0.018374
 103   0.012780   0.017580   0.006141  -0.036501
 104  -0.017174  -0.003428  -0.028060   0.048662
 105   0.039264  -0.035947   0.003237  -0.006554
 106  -0.013575   0.005322   0.043085  -0.034833
 107  -0.017314   0.028483   0.031874  -0.043042