 pos  val_A      val_C      val_G      val_T    
  64   0.039616  -0.050805  -0.046409   0.057597
  65   0.000869  -0.033791  -0.006866   0.039788
  66   0.011946  -0.043441  -0.014350   0.045845
  67  -0.016371   0.008086  -0.038904   0.047189
  68   0.143372  -0.036920  -0.024705  -0.081746
  69  -0.012450  -0.005998   0.005827   0.012621
  70  -0.016021  -0.072472   0.119736  -0.031243
  71   0.009840  -0.045792   0.021590   0.014362
  72  -0.036288  -0.102839   0.108692   0.030436
  73   0.098474  -0.046297  -0.050814  -0.001364
  74   0.012836   0.032613  -0.037347  -0.008101
  75   0.078108  -0.048050  -0.036683   0.006625
  76   0.007377  -0.047871  -0.008994   0.049488
  77  -0.008898  -0.040923  -0.017580   0.067401
  78  -0.003596  -0.007997   0.015143  -0.003550
  79   0.002296   0.020997  -0.008425  -0.014868
  80  -0.052945   0.019811   0.012820   0.020314
  81  -0.028994  -0.016732   0.016258   0.029468
  82  -0.000111   0.009096   0.022217  -0.031201
  83   0.012599  -0.019907   0.013017  -0.005710
  84   0.043899  -0.025424   0.008328  -0.026803
  85  -0.003598  -0.008368  -0.012973   0.024939
  86   0.011196   0.023465   0.008609  -0.043270
  87  -0.015099  -0.002823   0.012277   0.005645
  88  -0.015676   0.001042  -0.003308   0.017942
  89   0.009002  -0.000028   0.033302  -0.042276
  90  -0.042885  -0.012764   0.020497   0.035151
  91   0.007376  -0.012979  -0.001708   0.007310
  92   0.011287  -0.049967   0.007179   0.031501
  93  -0.087720  -0.017822  -0.052995   0.158537
  94   0.069076  -0.015285  -0.041559  -0.012232
  95  -0.028694  -0.006997  -0.018847   0.054537
  96   0.075644  -0.009147  -0.017410  -0.049087
  97   0.002829   0.022402  -0.021876  -0.003355
  98  -0.011895   0.005413  -0.032910   0.039393
  99   0.026362  -0.055937   0.040001  -0.010426
 100   0.037414  -0.060904  -0.027530   0.051021
 101   0.010028  -0.013586  -0.016441   0.019999
 102   0.034412  -0.062273   0.038438  -0.010577
 103  -0.002993  -0.020575  -0.011668   0.035235
 104   0.051694  -0.017595   0.009396  -0.043494
 105  -0.010172   0.045396  -0.006128  -0.029096
 106   0.009376   0.003705  -0.017223   0.004142
 107   0.007615   0.002136  -0.032863   0.023112
 108  -0.003241   0.011377   0.037965  -0.046102
 109   0.045183  -0.043823   0.010678  -0.012038