 pos  val_A      val_C      val_G      val_T    
  64  -0.040964  -0.005554   0.026866   0.019652
  65  -0.031850   0.026786  -0.006773   0.011838
  66   0.002752   0.007056  -0.024371   0.014564
  67   0.002268   0.020149  -0.024261   0.001844
  68  -0.020671   0.012310  -0.021535   0.029896
  69   0.025879  -0.043374   0.003717   0.013778
  70  -0.021840   0.020196   0.007869  -0.006225
  71  -0.027014  -0.002408   0.029547  -0.000125
  72  -0.019976   0.039915   0.018738  -0.038677
  73   0.026061  -0.044499   0.000018   0.018420
  74   0.009067   0.000370   0.017364  -0.026801
  75  -0.024733  -0.016897  -0.019366   0.060996
  76   0.005780   0.018696  -0.031664   0.007189
  77  -0.034374   0.021443   0.008902   0.004028
  78   0.046155  -0.092114   0.002509   0.043450
  79   0.021017   0.057053   0.031581  -0.109651
  80   0.037042   0.047617   0.065216  -0.149875
  81   0.045204   0.012642  -0.125178   0.067332
  82  -0.030054  -0.010042   0.032660   0.007435
  83  -0.026692   0.039104  -0.033928   0.021516
  84  -0.024409   0.023371   0.024263  -0.023224
  85  -0.012014  -0.004837   0.020206  -0.003356
  86  -0.009466   0.009234   0.007943  -0.007711
  87   0.006913   0.014919   0.015126  -0.036958
  88   0.061446  -0.001553  -0.008677  -0.051215
  89   0.027847  -0.009476   0.011492  -0.029863
  90   0.008234  -0.030359   0.023275  -0.001150
  91   0.015734  -0.008680  -0.023574   0.016520
  92   0.037978   0.001726   0.004870  -0.044574
  93   0.008369   0.052910  -0.039333  -0.021946
  94   0.017246  -0.013857   0.019540  -0.022929
  95  -0.009664  -0.007816  -0.015296   0.032776
  96  -0.015282   0.021857   0.013331  -0.019907
  97   0.008070  -0.002695   0.034179  -0.039554
  98  -0.004007   0.032733  -0.011062  -0.017664
  99   0.022106   0.018437  -0.043719   0.003176
 100   0.019837   0.057565  -0.049047  -0.028355
 101  -0.008024   0.019973  -0.000450  -0.011500
 102   0.055290   0.037730   0.034849  -0.127870
 103  -0.129332   0.022623   0.062525   0.044185
 104   0.026114  -0.023587   0.049619  -0.052147
 105  -0.067659   0.033542   0.012108   0.022010
 106  -0.078445   0.038042  -0.000874   0.041278
 107  -0.008684   0.014400   0.088971  -0.094687
 108   0.034721   0.008417  -0.029776  -0.013362
 109  -0.011915   0.014127   0.029677  -0.031889
 110  -0.014842  -0.017458   0.018181   0.014118
 111   0.022656  -0.018171  -0.015683   0.011198
 112  -0.035763  -0.012613   0.029261   0.019114
 113  -0.034037   0.010810  -0.002830   0.026058
 114   0.028125  -0.009383  -0.019999   0.001257
 115  -0.027030  -0.021783   0.005650   0.043164