 pos  val_A      val_C      val_G      val_T    
 100  -0.064405  -0.043900   0.071380   0.036924
 101   0.007506  -0.060351   0.060937  -0.008091
 102  -0.046954  -0.047593  -0.059799   0.154346
 103   0.133215  -0.020786  -0.063996  -0.048433
 104  -0.042344   0.005117  -0.006661   0.043888
 105   0.070356  -0.036432   0.011583  -0.045508
 106   0.090873   0.030815  -0.038403  -0.083285
 107  -0.001198  -0.020453  -0.091364   0.113015
 108   0.015872  -0.033864  -0.011839   0.029831
 109  -0.015562   0.001976  -0.032641   0.046227
 110   0.003408   0.034703  -0.022070  -0.016040
 111   0.007455   0.002986  -0.004614  -0.005826
 112  -0.006789   0.007499  -0.008259   0.007550
 113   0.034115  -0.016568   0.002290  -0.019837