 pos  val_A      val_C      val_G      val_T    
 100  -0.056889  -0.019340   0.024817   0.051413
 101   0.034624  -0.032128   0.034116  -0.036611
 102  -0.039065  -0.050162  -0.066724   0.155950
 103   0.127077  -0.038986  -0.040991  -0.047099
 104  -0.000317  -0.005383  -0.033668   0.039368
 105   0.025378  -0.028681   0.022065  -0.018761
 106   0.072114  -0.037417  -0.036918   0.002220
 107  -0.026051  -0.020194  -0.082476   0.128722
 108   0.003338  -0.016528   0.008718   0.004473
 109  -0.007761  -0.012395   0.008078   0.012077
 110   0.016122   0.018069   0.009984  -0.044175
 111  -0.001500   0.006917  -0.008519   0.003102
 112  -0.028020  -0.014162   0.010491   0.031691