 pos  val_A      val_C      val_G      val_T    
 103  -0.000065   0.005152  -0.010748   0.005662
 104   0.004306   0.028209  -0.012463  -0.020053
 105  -0.001009   0.003895   0.018193  -0.021080
 106  -0.000517  -0.034034   0.014049   0.020502
 107  -0.024353  -0.017074   0.034769   0.006658
 108   0.045850  -0.026300  -0.008524  -0.011025
 109  -0.012867  -0.009552   0.020980   0.001439
 110  -0.025629  -0.001382   0.006901   0.020110
 111   0.023048   0.043358  -0.000910  -0.065497
 112  -0.018317  -0.017605   0.042451  -0.006529
 113   0.021230  -0.026937   0.012945  -0.007238
 114   0.013325  -0.031380   0.015354   0.002700
 115  -0.007934  -0.027650  -0.008248   0.043832
 116   0.013438  -0.008109  -0.024488   0.019159
 117   0.015896  -0.006414  -0.001779  -0.007704
 118  -0.009355   0.008268  -0.006104   0.007191
 119  -0.015882   0.004810   0.011112  -0.000041
 120   0.008127  -0.005293  -0.004075   0.001241