 pos  val_A      val_C      val_G      val_T    
  98  -0.010745  -0.037267   0.012322   0.035690
  99  -0.016691  -0.029728   0.056393  -0.009974
 100  -0.016055  -0.005352   0.005286   0.016121
 101  -0.017417  -0.041777  -0.009098   0.068292
 102   0.058416  -0.018043  -0.008648  -0.031725
 103   0.011843   0.008183  -0.021671   0.001646
 104   0.053482  -0.014778  -0.032521  -0.006182
 105   0.006953   0.020453  -0.010364  -0.017042
 106  -0.000085  -0.017872  -0.021050   0.039007
 107  -0.040212  -0.004989   0.005367   0.039835
 108   0.055025  -0.007465  -0.001602  -0.045958