 pos  val_A      val_C      val_G      val_T    
  92  -0.050286   0.040044   0.004018   0.006224
  93  -0.025456   0.025963   0.011311  -0.011818
  94  -0.003816   0.016694  -0.019410   0.006532
  95  -0.020519  -0.019007   0.046837  -0.007311
  96   0.041878  -0.043841   0.047573  -0.045610
  97  -0.036739  -0.049803  -0.053009   0.139551
  98  -0.000686   0.005432   0.004849  -0.009595
  99  -0.007238   0.042963  -0.079146   0.043422
 100   0.003556  -0.026719   0.004148   0.019016
 101   0.040311   0.022264   0.041951  -0.104525
 102  -0.068600   0.015699   0.005991   0.046909
 103   0.023624  -0.013469   0.007387  -0.017541
 104  -0.065943   0.024340   0.039038   0.002565
 105   0.003691  -0.055257   0.017662   0.033904
 106   0.002398   0.034246   0.037277  -0.073921