 pos  val_A      val_C      val_G      val_T    
  99   0.005470   0.018177  -0.050404   0.026756
 100   0.001921   0.001879  -0.007269   0.003468
 101   0.004913   0.038248   0.034167  -0.077327
 102  -0.058243   0.008866   0.014169   0.035207
 103   0.039688  -0.009588  -0.025545  -0.004555
 104  -0.034232   0.021137   0.006877   0.006218
 105   0.000257  -0.017692   0.011671   0.005764
 106   0.005165   0.013483   0.018219  -0.036867
 107   0.008878  -0.008779  -0.017943   0.017844
 108  -0.035678  -0.008429   0.029109   0.014998