 pos  val_A      val_C      val_G      val_T    
  92   0.019542   0.014033  -0.048755   0.015181
  93   0.006403  -0.009103  -0.003462   0.006162
  94  -0.006435   0.012295   0.003447  -0.009307
  95  -0.052418   0.018164   0.009014   0.025240
  96   0.014588   0.010980   0.011995  -0.037563
  97  -0.032898   0.021329   0.023372  -0.011803
  98   0.012543   0.015561   0.016662  -0.044766
  99  -0.028835  -0.012220  -0.013046   0.054102
 100   0.021138   0.005927  -0.043967   0.016901
 101   0.005969   0.006266  -0.013056   0.000821
 102  -0.008835  -0.017533  -0.023874   0.050242
 103  -0.014939   0.059997   0.022700  -0.067758
 104  -0.084196   0.035750   0.031681   0.016766
 105   0.001149   0.027321   0.030339  -0.058808
 106  -0.052655   0.047220   0.005908  -0.000473
 107  -0.009446  -0.022047   0.023488   0.008005
 108   0.007651   0.028581   0.028725  -0.064956
 109   0.008467   0.016601   0.024943  -0.050012