 pos  val_A      val_C      val_G      val_T    
 20   -0.006584   0.066616  -0.002632  -0.057399
 21    0.001388   0.008658  -0.020990   0.010944
 22    0.000611   0.025830  -0.003636  -0.022804
 23    0.007272   0.025223  -0.005876  -0.026620
 24   -0.005323  -0.023937   0.007662   0.021598
 25    0.023068   0.130746  -0.015918  -0.137896
 26    0.019113   0.024618  -0.012393  -0.031338
 27    0.027469  -0.008126  -0.018017  -0.001326
 28    0.008172  -0.032496  -0.017496   0.041821
 29   -0.026506   0.025222  -0.004964   0.006248
 30    0.005370   0.002671   0.003106  -0.011147
 31    0.012147   0.018330   0.010811  -0.041287
 32    0.013980  -0.011495   0.010960  -0.013444
 33   -0.012565  -0.006665  -0.001377   0.020608
 34   -0.022359  -0.001224   0.014575   0.009008
 35   -0.001137  -0.001533  -0.008965   0.011636
 36    0.003657   0.001501  -0.010851   0.005694
 37    0.013411  -0.014978   0.012163  -0.010596
 38   -0.011473  -0.003289   0.015596  -0.000835
 39   -0.001756  -0.013888   0.031362  -0.015718