 pos  val_A      val_C      val_G      val_T    
 16    0.033330   0.032554  -0.045431  -0.020454
 17   -0.020386   0.011181   0.025709  -0.016504
 18    0.003962   0.005858  -0.044450   0.034630
 19    0.012599   0.014887  -0.018361  -0.009125
 20    0.010475  -0.066923  -0.000155   0.056602
 21   -0.006655   0.025112   0.021981  -0.040438
 22    0.013511  -0.005289  -0.041455   0.033233
 23   -0.018498  -0.000553  -0.003019   0.022071
 24    0.006373   0.036801  -0.014144  -0.029030
 25   -0.053889  -0.105202   0.023589   0.135502
 26   -0.020270  -0.041813   0.021476   0.040607
 27   -0.018449  -0.018751   0.014497   0.022703
 28   -0.007292  -0.000044   0.049155  -0.041819