 pos  val_A      val_C      val_G      val_T    
 20   -0.003499   0.057119  -0.007659  -0.045961
 21    0.007726   0.003687  -0.027858   0.016446
 22   -0.005445   0.016168   0.007751  -0.018474
 23    0.013627   0.015535  -0.004266  -0.024896
 24    0.004879  -0.025411  -0.003157   0.023689
 25    0.031053   0.121981  -0.020132  -0.132902
 26    0.015915   0.021532  -0.015465  -0.021982
 27    0.015506   0.015309  -0.015709  -0.015106
 28   -0.001208  -0.009191  -0.022680   0.033079
 29   -0.015625   0.020701  -0.015269   0.010193
 30   -0.005340   0.005922   0.004666  -0.005248
 31    0.006933   0.012643   0.021501  -0.041077
 32    0.025098  -0.013697   0.019061  -0.030462
 33   -0.008953  -0.005698   0.002884   0.011767
 34    0.005609  -0.018351   0.007539   0.005202
 35   -0.000893   0.005177  -0.022457   0.018173
 36   -0.002469   0.002704  -0.012295   0.012060
 37    0.008410  -0.013721   0.013204  -0.007893
 38   -0.014817  -0.006111   0.020976  -0.000048
 39   -0.012860  -0.004397   0.030305  -0.013048