 pos  val_A      val_C      val_G      val_T    
 118   0.000065   0.000059  -0.000287   0.000163
 119  -0.000021  -0.000324   0.000566  -0.000222
 120  -0.000706  -0.000044   0.000862  -0.000112
 121  -0.000307  -0.000496   0.000393   0.000409
 122   0.001192  -0.000615  -0.000668   0.000091
 123  -0.000470   0.000564  -0.000098   0.000005
 124  -0.000400   0.000351  -0.000002   0.000051
 125   0.000134   0.000141  -0.000167  -0.000108
 126  -0.000170   0.000595   0.000551  -0.000976
 127  -0.000432  -0.000411   0.001364  -0.000521
 128  -0.000119   0.000350   0.000034  -0.000265
 129  -0.000592   0.000603  -0.000450   0.000439
 130   0.000259   0.000135  -0.000455   0.000061
 131  -0.000195  -0.000223   0.000316   0.000102
 132  -0.000673  -0.000674   0.000169   0.001178
 133  -0.000626   0.000719   0.000701  -0.000794
 134  -0.000185  -0.000223  -0.000130   0.000538
 135   0.000409   0.000267  -0.000685   0.000009
 136   0.000304  -0.000140  -0.000140  -0.000025
 137   0.000039   0.000690  -0.000326  -0.000403
 138   0.000126   0.000024   0.000125  -0.000275
 139   0.000148   0.000572   0.000108  -0.000828
 140  -0.000428   0.000670   0.000481  -0.000722
 141   0.000491   0.000514  -0.000649  -0.000355
 142   0.000736   0.000237  -0.000411  -0.000562
 143   0.000290  -0.000274   0.001068  -0.001083
 144  -0.000175   0.000463  -0.000891   0.000603