 pos  val_A      val_C      val_G      val_T    
 69   -0.003147   0.055222   0.002171  -0.054246
 70   -0.009490   0.007545   0.010862  -0.008917
 71   -0.034825   0.042152  -0.012685   0.005359
 72    0.006069  -0.022378  -0.004850   0.021159
 73   -0.021844   0.003074  -0.012413   0.031183
 74    0.012427   0.032718  -0.043672  -0.001472
 75   -0.008037  -0.006720   0.014956  -0.000200
 76   -0.018114   0.006315   0.014671  -0.002872
 77    0.016207   0.015645  -0.006148  -0.025704
 78    0.011033  -0.012355  -0.001285   0.002607
 79   -0.048119   0.027091   0.007434   0.013593
 80    0.056298  -0.027411  -0.023911  -0.004976
 81    0.005293   0.008033  -0.003971  -0.009355
 82    0.017999   0.024163  -0.024379  -0.017784
 83    0.015946  -0.014561   0.003503  -0.004889