 pos  val_A      val_C      val_G      val_T    
 104   0.098122  -0.012334  -0.019031  -0.066757
 105   0.042452  -0.001353  -0.039195  -0.001903
 106   0.022793  -0.023784   0.019734  -0.018743
 107   0.026973  -0.016010   0.006218  -0.017182
 108   0.010468  -0.021508  -0.005967   0.017007
 109  -0.016556  -0.006199   0.008954   0.013801
 110   0.018162  -0.036514   0.021693  -0.003341
 111  -0.000476  -0.005985  -0.025013   0.031474
 112   0.003954  -0.015928   0.002453   0.009521
 113  -0.033529   0.044247  -0.027085   0.016367
 114   0.000044  -0.003800   0.003098   0.000658
 115  -0.050296   0.016288   0.014877   0.019131
 116   0.058691  -0.018077  -0.012845  -0.027768
 117  -0.023975   0.043270   0.023346  -0.042640