 pos  val_A      val_C      val_G      val_T    
  97  -0.032389  -0.023986  -0.021618   0.077993
  98   0.023373  -0.026607   0.048671  -0.045437
  99  -0.023078  -0.021038  -0.004852   0.048968
 100   0.030627  -0.058015   0.018666   0.008722
 101  -0.028132   0.068995  -0.027816  -0.013047
 102  -0.039492  -0.046819  -0.028338   0.114649
 103   0.128602  -0.040285  -0.034420  -0.053898
 104  -0.084461   0.026825  -0.008492   0.066128
 105   0.089830  -0.043505  -0.025938  -0.020388
 106  -0.024415   0.052543  -0.020824  -0.007304
 107  -0.008170  -0.051998  -0.017190   0.077357