 pos  val_A      val_C      val_G      val_T    
 102  -0.040911  -0.034278   0.054176   0.021012
 103   0.004571  -0.010680   0.024882  -0.018772
 104  -0.013924  -0.030667   0.010654   0.033937
 105   0.048771  -0.028788  -0.026784   0.006800
 106   0.008008  -0.036257  -0.002497   0.030747
 107   0.015907  -0.024745  -0.016991   0.025829
 108   0.047535  -0.032920   0.000429  -0.015044
 109  -0.001795  -0.013150  -0.031538   0.046484
 110   0.042354  -0.011152  -0.002160  -0.029042
 111   0.024209  -0.011024  -0.003563  -0.009622
 112   0.034814  -0.077906   0.051438  -0.008345
 113   0.047473   0.031128  -0.046710  -0.031891
 114   0.010613  -0.036811  -0.016558   0.042756
 115  -0.015925  -0.014665   0.002714   0.027877
 116   0.020436  -0.049837   0.041928  -0.012527
 117   0.034245  -0.025712   0.025617  -0.034149
 118   0.038981  -0.010968   0.015186  -0.043198
 119   0.031118  -0.002405   0.009648  -0.038362
 120   0.016212  -0.023561   0.026029  -0.018679
 121   0.002572  -0.009211   0.003336   0.003304
 122   0.031716  -0.035240   0.016627  -0.013102
 123   0.001419   0.001527   0.046213  -0.049159
 124   0.012233   0.013394   0.005005  -0.030632
 125   0.015934  -0.043473   0.032138  -0.004600
 126  -0.012033  -0.037769   0.038311   0.011491