 pos  val_A      val_C      val_G      val_T    
  96   0.018098  -0.052751   0.036820  -0.002168
  97   0.023093  -0.052141   0.032399  -0.003351
  98   0.012065  -0.008803  -0.005835   0.002572
  99  -0.002803  -0.014135  -0.044745   0.061683
 100  -0.003056  -0.005569   0.047180  -0.038555
 101   0.032278  -0.068755   0.005881   0.030596
 102  -0.056703  -0.043101   0.060385   0.039419
 103  -0.006470  -0.020735   0.043037  -0.015832
 104  -0.037856  -0.046167  -0.041385   0.125409
 105   0.153248  -0.053876  -0.065575  -0.033796
 106   0.013924  -0.043632  -0.029222   0.058931
 107   0.080207  -0.044488  -0.033236  -0.002484
 108   0.083059  -0.033048  -0.007148  -0.042863
 109  -0.047930  -0.048458  -0.042202   0.138589
 110   0.063524  -0.030319  -0.026221  -0.006984
 111   0.015344  -0.005431  -0.006477  -0.003436
 112   0.026700  -0.063307   0.051042  -0.014435
 113   0.047139   0.039989  -0.061038  -0.026090
 114   0.001326  -0.003582  -0.031653   0.033909
 115  -0.006459  -0.028639   0.024651   0.010447