 pos  val_A      val_C      val_G      val_T    
 100  -0.029438   0.040402  -0.015785   0.004820
 101   0.006841   0.047534  -0.003770  -0.050604
 102   0.050914   0.051735  -0.068093  -0.034556
 103   0.019435   0.015964  -0.052544   0.017146
 104   0.031061   0.020800  -0.020333  -0.031528
 105  -0.076160   0.046908   0.029240   0.000012
 106  -0.034139   0.040265   0.006647  -0.012773
 107  -0.034624   0.028595   0.043818  -0.037790
 108  -0.041612   0.019980  -0.002227   0.023859
 109   0.002256   0.004040   0.017715  -0.024011
 110  -0.031263   0.031026  -0.024953   0.025190
 111  -0.029038   0.022029  -0.003828   0.010837
 112  -0.037667   0.081552  -0.062522   0.018637
 113  -0.046791  -0.040427   0.060992   0.026226
 114  -0.001338   0.011317   0.052382  -0.062361
 115  -0.020274   0.036624  -0.006634  -0.009716
 116  -0.044080   0.060556  -0.038167   0.021691
 117  -0.027273   0.035814  -0.016007   0.007466
 118  -0.005120  -0.000065  -0.045172   0.050356
 119  -0.047558   0.003433  -0.008540   0.052665
 120  -0.020815   0.057629  -0.038063   0.001248
 121  -0.001946   0.023577   0.004300  -0.025931
 122  -0.005654   0.031703  -0.035185   0.009136
 123  -0.028728   0.000891  -0.025978   0.053815
 124  -0.010427  -0.014718   0.007523   0.017621
 125  -0.027996   0.046560  -0.016075  -0.002489
 126  -0.004731   0.060208  -0.027259  -0.028218