 pos  val_A      val_C      val_G      val_T    
 131  -0.012258  -0.037461   0.063249  -0.013529
 132   0.054548  -0.022923  -0.003121  -0.028503
 133  -0.005488  -0.045141   0.061305  -0.010676
 134   0.060132  -0.061631   0.034974  -0.033475
 135   0.013690  -0.007218  -0.008251   0.001778
 136   0.005270  -0.006102  -0.001935   0.002768
 137   0.011194  -0.014272   0.008456  -0.005378
 138  -0.002941  -0.005205  -0.018383   0.026529
 139   0.044159  -0.006106  -0.012077  -0.025975
 140  -0.001948  -0.024949   0.016991   0.009906
 141   0.021432  -0.023435  -0.011102   0.013105
 142   0.052976  -0.038252   0.004495  -0.019219
 143  -0.003889  -0.031483   0.005312   0.030061
 144  -0.022965  -0.009725   0.041487  -0.008797