 pos  val_A      val_C      val_G      val_T    
  98  -0.040197  -0.077936   0.026216   0.091918
  99   0.086470  -0.031216  -0.016621  -0.038633
 100  -0.102378  -0.019831   0.045580   0.076629
 101  -0.015680  -0.060151   0.119071  -0.043239
 102  -0.070151   0.028526   0.104779  -0.063155
 103  -0.004745   0.021811  -0.047578   0.030511
 104   0.074735  -0.029914  -0.011696  -0.033125
 105  -0.054316   0.015412   0.037453   0.001451
 106   0.027473  -0.034192  -0.030863   0.037582
 107   0.009417  -0.038540   0.035826  -0.006703
 108   0.008779  -0.013074   0.001013   0.003282
 109  -0.004800  -0.036406   0.010729   0.030477
 110  -0.016311   0.013181   0.024616  -0.021486
 111  -0.021045   0.026944  -0.014201   0.008301
 112   0.014002   0.008311  -0.020336  -0.001977
 113  -0.003914  -0.001327   0.008118  -0.002877
 114   0.006033   0.034407  -0.002400  -0.038040
 115  -0.042538   0.000119  -0.027052   0.069470