 pos  val_A      val_C      val_G      val_T    
 110   0.005727   0.011294   0.025880  -0.042901
 111  -0.005123   0.008202  -0.016481   0.013401
 112   0.017645   0.015399  -0.026823  -0.006221
 113  -0.010027  -0.015304  -0.000258   0.025589
 114   0.002283   0.040392  -0.007092  -0.035583
 115  -0.057985   0.011962  -0.015605   0.061628
 116   0.000401   0.029953  -0.048304   0.017950
 117  -0.014648   0.058749  -0.038452  -0.005649
 118   0.038768   0.020032  -0.046580  -0.012220
 119  -0.051498   0.033022   0.064637  -0.046161
 120  -0.143980   0.042405   0.047671   0.053905
 121  -0.005261  -0.030046   0.073806  -0.038500
 122  -0.060860  -0.005722   0.039998   0.026583
 123  -0.022665  -0.011173   0.005250   0.028588
 124  -0.002266   0.009722   0.030528  -0.037983