 pos  val_A      val_C      val_G      val_T    
  58  -0.000946   0.001720  -0.037047   0.036273
  59   0.010438  -0.042261  -0.041278   0.073101
  60  -0.004972  -0.040781   0.014382   0.031371
  61  -0.011526   0.006510  -0.016587   0.021603
  62  -0.038659  -0.047498  -0.017552   0.103708
  63  -0.031637  -0.033512   0.095293  -0.030144
  64  -0.011687  -0.021685  -0.037004   0.070376
  65  -0.035854  -0.062253   0.137296  -0.039189
  66   0.127770  -0.045485  -0.071321  -0.010965
  67  -0.044585   0.019421  -0.002717   0.027881
  68  -0.035407   0.038712   0.050970  -0.054276
  69  -0.014587  -0.008327  -0.001883   0.024796
  70  -0.003572  -0.001526   0.002085   0.003013
  71   0.025362  -0.004042   0.001918  -0.023238
  72  -0.001935   0.021517  -0.011510  -0.008072
  73   0.013486   0.039227  -0.002379  -0.050334
  74   0.012019  -0.010924  -0.000092  -0.001003
  75  -0.025412   0.013152   0.010809   0.001451
  76  -0.005251   0.006931   0.032767  -0.034447
  77   0.040961  -0.021851   0.021910  -0.041021
  78   0.007826  -0.009731   0.013244  -0.011338
  79  -0.014055  -0.045170  -0.006932   0.066157
  80  -0.047575  -0.035864  -0.001281   0.084720
  81   0.005263  -0.016511  -0.038152   0.049400
  82  -0.005794  -0.017206  -0.006271   0.029270
  83  -0.024150   0.036819  -0.001416  -0.011253
  84   0.013630  -0.029976   0.045132  -0.028786
  85   0.040362  -0.033335  -0.026359   0.019332
  86   0.022382   0.025046  -0.046059  -0.001369
  87   0.001693  -0.006336   0.020073  -0.015430
  88  -0.031340  -0.022400   0.015217   0.038523
  89  -0.010688   0.008755  -0.027244   0.029177
  90   0.004404  -0.002967   0.020620  -0.022057
  91   0.039299  -0.024975  -0.019375   0.005052
  92  -0.009532  -0.006096   0.018934  -0.003306
  93  -0.019794  -0.000823   0.047497  -0.026880
  94   0.023197   0.009821   0.007891  -0.040909
  95  -0.026989  -0.076578  -0.037897   0.141464
  96   0.008218  -0.063509   0.002160   0.053132
  97  -0.064307  -0.021990   0.040057   0.046240
  98   0.033610   0.078942  -0.012944  -0.099608
  99  -0.123451   0.054424  -0.008576   0.077603
 100   0.106125   0.043153  -0.040174  -0.109104
 101  -0.006179   0.060133  -0.119193   0.065238
 102   0.103731  -0.035849  -0.099769   0.031888
 103  -0.020396  -0.012549   0.045855  -0.012910
 104  -0.071389   0.050762   0.005976   0.014652
 105   0.025919   0.008981  -0.038635   0.003735
 106  -0.021596   0.041236   0.020313  -0.039954
 107  -0.003155   0.028745  -0.020049  -0.005540
 108  -0.001912  -0.011598  -0.013081   0.026591
 109  -0.008468   0.045023  -0.023910  -0.012645
 110   0.045729  -0.039764  -0.036558   0.030592
 111   0.023210  -0.026558  -0.003898   0.007245
 112   0.002243  -0.030630   0.026261   0.002126
 113   0.009255   0.000146  -0.014468   0.005067
 114   0.004461  -0.039975   0.025516   0.009998
 115   0.039415  -0.034151   0.058954  -0.064217
 116  -0.001921  -0.010669   0.025266  -0.012676
 117   0.006642  -0.037868   0.056911  -0.025685
 118  -0.052741  -0.038399   0.070653   0.020488
 119   0.092982  -0.079019  -0.071589   0.057627
 120   0.158561  -0.067397  -0.067663  -0.023501
 121   0.028730  -0.002240  -0.057135   0.030646
 122   0.049550  -0.004948  -0.054094   0.009492