 pos  val_A      val_C      val_G      val_T    
  98  -0.034863  -0.087704   0.025152   0.097415
  99   0.078659  -0.017040  -0.013412  -0.048207
 100  -0.096479   0.003791   0.024444   0.068244
 101  -0.007792  -0.066126   0.111199  -0.037280
 102  -0.050985   0.000497   0.104504  -0.054017
 103   0.006555   0.021176  -0.059222   0.031491
 104   0.054910  -0.037396  -0.003915  -0.013598
 105  -0.033506   0.010951   0.024792  -0.002237
 106   0.012713  -0.027003  -0.031393   0.045682
 107   0.009622  -0.027356   0.022507  -0.004773
 108  -0.000823   0.008187  -0.006292  -0.001072
 109  -0.014212  -0.032477   0.013275   0.033413
 110   0.005727   0.011294   0.025880  -0.042901
 111  -0.005123   0.008202  -0.016481   0.013401
 112   0.017645   0.015399  -0.026823  -0.006221
 113  -0.010027  -0.015304  -0.000258   0.025589
 114   0.002283   0.040392  -0.007092  -0.035583
 115  -0.057985   0.011962  -0.015605   0.061628
 116   0.000401   0.029953  -0.048304   0.017950
 117  -0.014648   0.058749  -0.038452  -0.005649