 pos  val_A      val_C      val_G      val_T    
  98  -0.024651  -0.095696   0.032087   0.088260
  99   0.094437  -0.018697  -0.024597  -0.051143
 100  -0.119267  -0.008936   0.058190   0.070013
 101  -0.016131  -0.050743   0.108039  -0.041165
 102  -0.085576   0.028596   0.093600  -0.036620
 103   0.017296   0.021909  -0.043300   0.004095
 104   0.082582  -0.055459  -0.001542  -0.025581
 105  -0.034823  -0.000172   0.025878   0.009116
 106   0.023740  -0.043043  -0.029781   0.049085
 107  -0.012111  -0.018955   0.018702   0.012364
 108   0.019564  -0.008131  -0.000401  -0.011032
 109  -0.021156  -0.048018   0.030141   0.039033
 110  -0.016982   0.011684   0.026562  -0.021264
 111  -0.005858   0.025824  -0.017834  -0.002132
 112   0.008289   0.023287  -0.029844  -0.001732
 113  -0.009391  -0.024233   0.018538   0.015086
 114   0.020164   0.017991  -0.022798  -0.015357
 115  -0.049294   0.001222  -0.016725   0.064797