 pos  val_A      val_C      val_G      val_T    
 109  -0.021156  -0.048018   0.030141   0.039033
 110  -0.016982   0.011684   0.026562  -0.021264
 111  -0.005858   0.025824  -0.017834  -0.002132
 112   0.008289   0.023287  -0.029844  -0.001732
 113  -0.009391  -0.024233   0.018538   0.015086
 114   0.020164   0.017991  -0.022798  -0.015357
 115  -0.049294   0.001222  -0.016725   0.064797
 116   0.014461   0.031730  -0.072795   0.026605
 117  -0.020668   0.031003  -0.030526   0.020191
 118   0.049498   0.030422  -0.067016  -0.012904
 119  -0.068063   0.044683   0.055582  -0.032202
 120  -0.127390   0.010717   0.053389   0.063285
 121  -0.010812  -0.016939   0.075830  -0.048079
 122  -0.049679  -0.008419   0.060369  -0.002271
 123  -0.000015  -0.035758   0.007451   0.028322
 124   0.001842   0.014403   0.013443  -0.029688
 125  -0.029691   0.001231   0.016100   0.012360
 126  -0.003515   0.014041  -0.021202   0.010677
 127  -0.028698   0.045713  -0.000116  -0.016899
 128   0.038043  -0.051538   0.001054   0.012441
 129   0.013614  -0.007165   0.007839  -0.014288
 130  -0.023385  -0.024553   0.024977   0.022961
 131   0.009065  -0.000847   0.014683  -0.022900
 132  -0.007428   0.017037   0.022006  -0.031615