 pos  val_A      val_C      val_G      val_T    
  58  -0.001638  -0.021845  -0.017238   0.040720
  59  -0.016601  -0.023651  -0.031791   0.072043
  60  -0.031607  -0.034285   0.001474   0.064418
  61  -0.029547   0.008404  -0.018168   0.039311
  62  -0.067345  -0.022121  -0.003213   0.092679
  63  -0.023016  -0.063600   0.118295  -0.031680
  64  -0.007873  -0.028343  -0.026951   0.063167
  65  -0.035297  -0.023818   0.125279  -0.066164
  66   0.145046  -0.053085  -0.078652  -0.013309
  67  -0.039762   0.037983  -0.013712   0.015491
  68  -0.027507   0.051080   0.039688  -0.063261
  69  -0.007301  -0.006922   0.000104   0.014119
  70   0.010899  -0.027279   0.024051  -0.007671
  71   0.010700   0.021451  -0.001531  -0.030620
  72   0.010700   0.010063  -0.010740  -0.010022
  73  -0.001644   0.043303  -0.008236  -0.033422
  74  -0.000696  -0.017309   0.002343   0.015662
  75   0.005409  -0.000756  -0.003765  -0.000887
  76  -0.032156   0.038887   0.009058  -0.015789
  77   0.066814  -0.020993   0.007136  -0.052956
  78   0.000992  -0.029497   0.008964   0.019541
  79   0.004763  -0.040275  -0.032891   0.068404
  80  -0.041725  -0.029037  -0.010756   0.081517
  81  -0.035604  -0.011300  -0.022094   0.068998
  82  -0.008119  -0.037750   0.005304   0.040565
  83  -0.032151   0.032157   0.000161  -0.000167
  84  -0.005023  -0.002502   0.011158  -0.003633
  85   0.063774  -0.033635  -0.033219   0.003079
  86   0.020710   0.005886  -0.042569   0.015972
  87   0.034574  -0.013673  -0.005625  -0.015275
  88  -0.017726  -0.046516   0.020341   0.043901
  89   0.005291   0.003358  -0.023230   0.014581
  90   0.006921  -0.035798   0.047974  -0.019097
  91   0.034763  -0.013900  -0.015442  -0.005421
  92   0.020914  -0.019603  -0.006952   0.005642
  93  -0.025282   0.013184   0.049188  -0.037090
  94  -0.007760   0.028394   0.001841  -0.022474
  95  -0.046426  -0.049377  -0.023051   0.118854
  96   0.001362  -0.049714  -0.039659   0.088011
  97  -0.084985  -0.021609   0.091301   0.015293
  98   0.035037   0.065231  -0.039747  -0.060520
  99  -0.058693   0.031943   0.005109   0.021642
 100   0.079262   0.005418  -0.024184  -0.060497
 101   0.026913   0.034911  -0.099996   0.038172
 102   0.050655  -0.007418  -0.091902   0.048666
 103  -0.017911   0.005198   0.004475   0.008238
 104  -0.034276   0.010667  -0.001991   0.025600
 105  -0.001417   0.016477  -0.009902  -0.005158
 106  -0.033590   0.019039   0.031086  -0.016535
 107  -0.016306   0.028277  -0.004618  -0.007353
 108  -0.010449   0.009836  -0.007879   0.008492
 109  -0.014381   0.033736  -0.026492   0.007137
 110   0.019125  -0.020169  -0.009060   0.010104
 111   0.001018  -0.033072   0.006868   0.025185
 112  -0.017066  -0.025843   0.035748   0.007161
 113  -0.008525   0.002533   0.000157   0.005836
 114  -0.003603  -0.035783   0.001419   0.037967
 115   0.035856  -0.006373   0.009590  -0.039074
 116  -0.009118  -0.025536   0.063056  -0.028403
 117   0.012764  -0.041550   0.034500  -0.005713
 118  -0.028526  -0.020839   0.027710   0.021656
 119   0.055543  -0.080401  -0.055946   0.080803
 120   0.171164  -0.072238  -0.061915  -0.037011
 121   0.011515   0.001130  -0.060027   0.047381
 122   0.058239  -0.010467  -0.033357  -0.014415
 123   0.008545   0.040228  -0.013406  -0.035367
 124   0.006683  -0.019518  -0.050002   0.062838
 125   0.039991  -0.004502  -0.029454  -0.006035
 126   0.009115  -0.014738   0.002192   0.003430
 127   0.039623  -0.026334  -0.014900   0.001611