 pos  val_A      val_C      val_G      val_T    
 59    0.005054   0.031885   0.041610  -0.078549
 60    0.021706   0.033258  -0.012624  -0.042340
 61    0.031924  -0.021586   0.023371  -0.033709
 62    0.062050   0.023115   0.007858  -0.093022
 63    0.026562   0.039414  -0.067122   0.001147
 64    0.010933   0.035259   0.021620  -0.067812
 65    0.021421   0.035357  -0.076389   0.019611
 66   -0.102433   0.040269   0.052540   0.009624
 67    0.045175  -0.025256   0.014491  -0.034409
 68    0.036742  -0.034694  -0.067519   0.065471
 69   -0.005925  -0.002644   0.011347  -0.002778
 70    0.007209   0.008004  -0.030193   0.014979
 71   -0.026917   0.002832   0.028118  -0.004033
 72   -0.025747  -0.023833   0.016519   0.033061
 73   -0.006554  -0.038494  -0.005862   0.050910
 74    0.005379   0.009291   0.003814  -0.018484
 75    0.041272  -0.021633  -0.004321  -0.015318
 76    0.018527  -0.023848  -0.020299   0.025621
 77   -0.034194   0.013854  -0.011970   0.032310
 78   -0.002557   0.024306  -0.001029  -0.020720
 79    0.002710   0.033427  -0.015523  -0.020614
 80    0.041454   0.014505   0.013530  -0.069489
 81    0.030003   0.019325   0.023014  -0.072342
 82    0.016243   0.037900  -0.020153  -0.033990
 83    0.017009  -0.040851   0.017067   0.006775
 84   -0.009803   0.029974  -0.022151   0.001980
 85   -0.055286   0.049233   0.010670  -0.004617
 86   -0.032370  -0.012728   0.036489   0.008609
 87   -0.038646   0.014195  -0.021719   0.046170
 88    0.013050   0.005024   0.016376  -0.034451
 89    0.007988   0.016616  -0.001715  -0.022889
 90   -0.010749   0.007152   0.001560   0.002037
 91   -0.052902   0.047955   0.011002  -0.006055
 92    0.003456   0.007348  -0.010679  -0.000124
 93    0.023209   0.000745  -0.042381   0.018427
 94   -0.019905   0.005081   0.002635   0.012189
 95    0.056017   0.041170  -0.000469  -0.096717
 96   -0.008693   0.063771  -0.005032  -0.050045