 pos  val_A      val_C      val_G      val_T    
  88   0.030071   0.004344  -0.024984  -0.009431
  89   0.004477  -0.013192  -0.006028   0.014742
  90   0.002811  -0.001717   0.014841  -0.015936
  91   0.013943  -0.028596   0.020220  -0.005568
  92   0.019310  -0.018172  -0.018319   0.017181
  93   0.010587   0.014591  -0.029825   0.004648
  94  -0.008212   0.013969   0.000823  -0.006581
  95   0.001298  -0.002556  -0.008086   0.009343
  96   0.004166  -0.005613  -0.013682   0.015128
  97  -0.007750   0.015559  -0.033469   0.025659
  98  -0.002365  -0.013165   0.009061   0.006468
  99   0.032098  -0.018800  -0.022674   0.009377
 100   0.030674   0.018018  -0.015166  -0.033526
 101   0.021701   0.023964  -0.010555  -0.035111
 102  -0.003798  -0.012220  -0.019037   0.035055
 103  -0.003794  -0.032317   0.050354  -0.014244
 104   0.014191  -0.011566   0.000609  -0.003234
 105   0.004429  -0.035683   0.018380   0.012875
 106   0.068122   0.003493  -0.025495  -0.046120
 107   0.001857  -0.016180   0.018545  -0.004222
 108   0.012869  -0.013898   0.014907  -0.013877
 109   0.048837  -0.026391  -0.022042  -0.000403
 110  -0.017436  -0.046979  -0.014650   0.079065