 pos  val_A      val_C      val_G      val_T    
 102  -0.012342  -0.006469  -0.011846   0.030657
 103  -0.011927  -0.038579   0.067173  -0.016667
 104  -0.011455   0.003593   0.011144  -0.003282
 105  -0.011958  -0.014936   0.005971   0.020922
 106   0.012495   0.007111   0.006339  -0.025946
 107   0.010664   0.003961  -0.012780  -0.001845
 108   0.018350  -0.021307   0.049323  -0.046366
 109  -0.010806   0.034221  -0.031289   0.007874
 110  -0.033505  -0.024952  -0.019991   0.078447
 111  -0.007340   0.016020  -0.003196  -0.005485
 112   0.011695  -0.017844  -0.010826   0.016975
 113   0.001545   0.026550  -0.013759  -0.014337
 114   0.028204   0.013044  -0.013398  -0.027850
 115   0.002730  -0.006923   0.014509  -0.010316
 116   0.037790  -0.020053  -0.016594  -0.001143