 pos  val_A      val_C      val_G      val_T    
  88  -0.005758   0.031116  -0.036667   0.011308
  89  -0.015742   0.012191  -0.003157   0.006707
  90   0.005428   0.001242  -0.009756   0.003087
  91   0.000425   0.001859  -0.003077   0.000792
  92  -0.014259  -0.016355   0.014157   0.016457
  93  -0.001027   0.003676  -0.030150   0.027500
  94   0.006999  -0.005077  -0.020302   0.018380
  95   0.021398  -0.012302  -0.013031   0.003936
  96   0.007179  -0.023072   0.021372  -0.005479
  97  -0.013785  -0.004021  -0.010150   0.027956
  98   0.017331  -0.016654  -0.001819   0.001142
  99   0.017112   0.023844  -0.091311   0.050355
 100   0.013006  -0.000118  -0.056553   0.043666