 pos  val_A      val_C      val_G      val_T    
  97  -0.029399  -0.023724  -0.027451   0.080574
  98   0.035191  -0.038082  -0.009835   0.012725
  99   0.023579   0.023221  -0.114433   0.067633
 100   0.005309  -0.034486  -0.068114   0.097290
 101   0.001398   0.015443  -0.009451  -0.007390
 102  -0.043904  -0.008551  -0.004836   0.057291
 103   0.066768  -0.015923  -0.020380  -0.030466
 104   0.019845  -0.014778  -0.007194   0.002126
 105   0.015133  -0.022056  -0.006952   0.013875
 106   0.039339  -0.023534  -0.012221  -0.003584
 107  -0.020289  -0.032665   0.005853   0.047102