 pos  val_A      val_C      val_G      val_T    
 52    0.006528  -0.046051  -0.003116   0.042639
 53   -0.017934  -0.016773  -0.027695   0.062402
 54   -0.009168  -0.017960   0.025607   0.001520
 55    0.026919  -0.028037   0.002686  -0.001568
 56    0.064735  -0.068589  -0.004610   0.008463
 57   -0.011938  -0.022210  -0.012836   0.046984
 58   -0.013476   0.023052  -0.027838   0.018263
 59   -0.102279   0.029416  -0.006398   0.079260
 60    0.045367   0.011849  -0.025339  -0.031877
 61   -0.042520   0.001104  -0.004903   0.046319
 62    0.063214  -0.004741  -0.024630  -0.033843
 63    0.039341   0.015960  -0.036703  -0.018598
 64    0.007303  -0.025269   0.007419   0.010547
 65    0.033655  -0.003949  -0.030669   0.000963
 66    0.016598  -0.004083  -0.004759  -0.007756
 67    0.057476  -0.051171  -0.018497   0.012193