 pos  val_A      val_C      val_G      val_T    
 55   -0.049387   0.079750  -0.012418  -0.017944
 56   -0.030309   0.060942  -0.009581  -0.021052
 57   -0.000672  -0.002672   0.014997  -0.011654
 58    0.001201  -0.019795   0.012753   0.005841
 59    0.142473  -0.009689   0.006171  -0.138955
 60   -0.063224  -0.004453   0.012529   0.055148
 61    0.067451  -0.005376  -0.008348  -0.053727
 62   -0.029729   0.011500   0.013043   0.005185
 63   -0.037157  -0.003534   0.023429   0.017263
 64    0.021356   0.029019  -0.007558  -0.042817
 65   -0.086017   0.033401   0.048429   0.004187
 66   -0.015422   0.017747  -0.026378   0.024053
 67   -0.041737   0.047565  -0.012430   0.006602
 68   -0.011577   0.039571  -0.009027  -0.018967
 69    0.056958   0.018187  -0.035973  -0.039171
 70    0.045645  -0.005474   0.010514  -0.050685
 71    0.009454   0.002037  -0.046050   0.034559
 72    0.025061  -0.007058  -0.003904  -0.014098
 73    0.105764  -0.014403  -0.056132  -0.035229
 74    0.049705  -0.027276  -0.021351  -0.001078