 pos  val_A      val_C      val_G      val_T    
  86   0.020995   0.011863   0.042832  -0.075691
  87   0.025927  -0.006574  -0.027938   0.008584
  88  -0.004071  -0.000973   0.019506  -0.014462
  89   0.052953  -0.004362  -0.014391  -0.034199
  90  -0.000384   0.031632   0.000863  -0.032110
  91  -0.004534   0.051869  -0.057738   0.010403
  92   0.022784   0.017716   0.004681  -0.045181
  93   0.028323   0.026784  -0.022938  -0.032169
  94  -0.006647   0.006996   0.011985  -0.012334
  95   0.047447  -0.005780  -0.009641  -0.032026
  96  -0.045609   0.017480  -0.002857   0.030986
  97   0.002037   0.020875   0.025074  -0.047986
  98  -0.013713  -0.015412   0.005082   0.024043
  99  -0.053291   0.005411  -0.013203   0.061083
 100  -0.018192   0.033017   0.026449  -0.041273