 pos  val_A      val_C      val_G      val_T    
 30   -0.010532   0.016271  -0.031178   0.025438
 31   -0.006592   0.024150   0.006880  -0.024438
 32    0.008398   0.039259  -0.039624  -0.008034
 33   -0.009642   0.001771   0.006207   0.001663
 34    0.011290  -0.015465   0.014663  -0.010488
 35    0.048484  -0.034089   0.003696  -0.018091
 36   -0.009486   0.023525   0.060607  -0.074646
 37    0.024526   0.058810  -0.013252  -0.070084
 38    0.033212   0.037552  -0.080962   0.010198
 39   -0.001356  -0.048412   0.028085   0.021683
 40   -0.041612   0.025556   0.008551   0.007505
 41   -0.029846  -0.011817   0.015211   0.026452
 42   -0.037128   0.023172   0.029306  -0.015350
 43   -0.039599   0.014688   0.036928  -0.012017
 44    0.004666   0.008994   0.011925  -0.025585
 45   -0.061020   0.047080   0.021057  -0.007117
 46    0.000088   0.002442   0.011881  -0.014410
 47   -0.004092  -0.006428   0.017911  -0.007391
 48   -0.042812   0.010295   0.014252   0.018265
 49    0.043424   0.022895  -0.073336   0.007017
 50    0.039122  -0.009343  -0.068487   0.038708
 51    0.008190   0.019300  -0.052413   0.024923
 52   -0.012561   0.090138  -0.001196  -0.076382
 53    0.009308   0.038458   0.022099  -0.069865
 54    0.031151   0.020786  -0.005045  -0.046892
 55   -0.049387   0.079750  -0.012418  -0.017944
 56   -0.030309   0.060942  -0.009581  -0.021052
 57   -0.000672  -0.002672   0.014997  -0.011654
 58    0.001201  -0.019795   0.012753   0.005841
 59    0.142473  -0.009689   0.006171  -0.138955
 60   -0.063224  -0.004453   0.012529   0.055148
 61    0.067451  -0.005376  -0.008348  -0.053727
 62   -0.029729   0.011500   0.013043   0.005185
 63   -0.037157  -0.003534   0.023429   0.017263
 64    0.021356   0.029019  -0.007558  -0.042817
 65   -0.086017   0.033401   0.048429   0.004187
 66   -0.015422   0.017747  -0.026378   0.024053
 67   -0.041737   0.047565  -0.012430   0.006602
 68   -0.011577   0.039571  -0.009027  -0.018967
 69    0.056958   0.018187  -0.035973  -0.039171
 70    0.045645  -0.005474   0.010514  -0.050685
 71    0.009454   0.002037  -0.046050   0.034559
 72    0.025061  -0.007058  -0.003904  -0.014098
 73    0.105764  -0.014403  -0.056132  -0.035229
 74    0.049705  -0.027276  -0.021351  -0.001078
 75    0.073484  -0.028378  -0.022978  -0.022128
 76   -0.037456   0.028006   0.016130  -0.006681
 77   -0.028028  -0.022128   0.051130  -0.000975
 78   -0.041440   0.009088   0.000139   0.032214