 pos  val_A      val_C      val_G      val_T    
 55   -0.044113   0.035228   0.015190  -0.006305
 56   -0.049197   0.064877  -0.006353  -0.009327
 57    0.004457   0.033175  -0.000455  -0.037176
 58    0.013484  -0.023934   0.013074  -0.002624
 59    0.125950  -0.031325   0.010433  -0.105058
 60   -0.039237  -0.030741   0.030937   0.039040
 61    0.032010   0.011074   0.010678  -0.053762
 62   -0.047724  -0.001584   0.027434   0.021875
 63   -0.026542  -0.026669   0.031349   0.021861
 64   -0.014461   0.017891  -0.003700   0.000271
 65   -0.035337   0.017213   0.033562  -0.015439
 66   -0.030012   0.028080  -0.002887   0.004819
 67   -0.057808   0.053243   0.020908  -0.016343
 68   -0.025083   0.034733  -0.001847  -0.007803
 69    0.048485  -0.010262  -0.020151  -0.018072
 70    0.031658   0.006471  -0.006515  -0.031614
 71    0.011254   0.003880  -0.027905   0.012772
 72    0.047212   0.008029  -0.051832  -0.003409
 73    0.073188  -0.032249  -0.040651  -0.000288
 74    0.033610  -0.009589  -0.011852  -0.012169