 pos  val_A      val_C      val_G      val_T    
 134   0.008418   0.035891  -0.004930  -0.039379
 135   0.006363  -0.025278  -0.012338   0.031253
 136   0.033123  -0.015823  -0.028498   0.011198
 137  -0.001430   0.008054   0.001639  -0.008263
 138   0.001757  -0.010139   0.012481  -0.004099
 139  -0.011694   0.005996  -0.000623   0.006321
 140  -0.030264   0.023805   0.009021  -0.002561
 141  -0.030804   0.020755  -0.004143   0.014192
 142  -0.009618   0.028026  -0.048965   0.030557
 143   0.025787  -0.027029  -0.004694   0.005936
 144  -0.023753  -0.007173  -0.006960   0.037887