 pos  val_A      val_C      val_G      val_T    
 71   -0.045924  -0.000328   0.013314   0.032939
 72   -0.020688   0.029368  -0.005982  -0.002697
 73   -0.023020   0.013033   0.012573  -0.002586
 74   -0.033502   0.035243  -0.002436   0.000695
 75   -0.015951   0.005741   0.009547   0.000663
 76    0.039690  -0.022915  -0.015319  -0.001456
 77   -0.028946   0.013872  -0.026504   0.041578
 78    0.045875  -0.033324  -0.023714   0.011163
 79    0.050351   0.084246   0.028168  -0.162766
 80    0.021650   0.053818  -0.028364  -0.047104