 pos  val_A      val_C      val_G      val_T    
  96   0.031222  -0.013632   0.025708  -0.043299
  97   0.034724  -0.013272   0.048394  -0.069846
  98  -0.020157   0.031402  -0.075474   0.064229
  99   0.057675   0.060195   0.040028  -0.157898
 100   0.022917   0.086997  -0.143763   0.033850
 101   0.027718   0.013345  -0.037434  -0.003629
 102   0.078375   0.035290   0.076683  -0.190347
 103  -0.235951   0.083031   0.074391   0.078528
 104   0.022427   0.029264   0.064169  -0.115860
 105  -0.172979   0.082457   0.017724   0.072798
 106  -0.157832   0.062048   0.082689   0.013095
 107   0.030125   0.015745   0.050417  -0.096286