 pos  val_A      val_C      val_G      val_T    
 71   -0.051195   0.008316   0.013865   0.029014
 72   -0.019284   0.013623   0.005375   0.000286
 73   -0.019165   0.008719   0.013746  -0.003300
 74   -0.034795   0.016727   0.014205   0.003863
 75   -0.004114  -0.001911  -0.001017   0.007042
 76    0.013508   0.005708  -0.008660  -0.010555
 77   -0.035028   0.013153  -0.001626   0.023501
 78    0.025612  -0.013968  -0.017158   0.005514
 79    0.024367   0.041239   0.018797  -0.084404
 80   -0.002385   0.046934   0.000459  -0.045008
 81   -0.013231  -0.013635   0.017902   0.008964
 82   -0.006709  -0.013953   0.018258   0.002404
 83    0.006979  -0.014258   0.006180   0.001099
 84    0.017460   0.004154   0.009299  -0.030913