 pos  val_A      val_C      val_G      val_T    
  96   0.026110  -0.003008   0.011560  -0.034662
  97   0.043295   0.000892   0.032250  -0.076437
  98  -0.036979   0.043470  -0.070075   0.063585
  99   0.062152   0.053491   0.017415  -0.133059
 100   0.008100   0.100819  -0.139922   0.031002
 101   0.039740   0.000295  -0.040438   0.000403
 102   0.077106   0.051112   0.056020  -0.184239
 103  -0.220503   0.084835   0.060183   0.075485
 104   0.017573   0.039355   0.056286  -0.113214
 105  -0.165496   0.076313   0.000368   0.088815
 106  -0.138966   0.038934   0.078944   0.021088
 107   0.019488   0.027768   0.070434  -0.117690
 108   0.011099   0.012039  -0.001468  -0.021670
 109  -0.016522   0.023586  -0.008712   0.001648
 110  -0.020273   0.027770   0.013093  -0.020590
 111  -0.032789   0.020222   0.021336  -0.008769
 112  -0.020262   0.008860  -0.003009   0.014411
 113  -0.013807   0.014938   0.002656  -0.003787
 114  -0.019338   0.033643  -0.003803  -0.010502
 115  -0.007518   0.058562  -0.049538  -0.001506