 pos  val_A      val_C      val_G      val_T    
 71   -0.040863  -0.004061   0.019075   0.025849
 72   -0.038903   0.044460  -0.004102  -0.001455
 73   -0.020055   0.031619   0.007250  -0.018813
 74   -0.027901   0.043038  -0.004453  -0.010685
 75    0.009079  -0.005502   0.003637  -0.007214
 76    0.025502  -0.018403   0.019818  -0.026917
 77   -0.047130   0.009671   0.008926   0.028533
 78    0.038998   0.007870  -0.023604  -0.023264
 79    0.030536   0.075587   0.046060  -0.152183
 80    0.011430   0.072563  -0.035295  -0.048698
 81   -0.009530  -0.028800   0.029666   0.008664
 82    0.006125  -0.037502   0.043976  -0.012599
 83   -0.023168   0.011183   0.003400   0.008584
 84    0.029248   0.005279   0.015595  -0.050122