 pos  val_A      val_C      val_G      val_T    
  91  -0.004152   0.010297   0.004138  -0.010284
  92  -0.011410   0.002399   0.008746   0.000265
  93   0.011915   0.003474   0.000493  -0.015882
  94   0.004195  -0.009741   0.022975  -0.017429
  95   0.000244   0.000058  -0.012482   0.012179
  96   0.006500   0.013056  -0.023274   0.003717
  97   0.023693  -0.019442  -0.028908   0.024658
  98   0.005080  -0.021315  -0.004838   0.021073
  99  -0.032259   0.041946   0.017600  -0.027288
 100   0.008106  -0.029956   0.013468   0.008381
 101  -0.018968  -0.007810   0.017337   0.009441
 102  -0.034042   0.004154   0.019520   0.010368
 103  -0.051492  -0.017929  -0.016028   0.085448
 104   0.078915  -0.043378  -0.001196  -0.034341
 105  -0.001514  -0.008244  -0.033475   0.043233
 106   0.046537  -0.048056  -0.018888   0.020407
 107   0.060292   0.006137  -0.047189  -0.019240
 108  -0.038766  -0.037906  -0.016805   0.093476
 109   0.031695  -0.044613   0.000890   0.012028
 110   0.025266  -0.038020  -0.003253   0.016007
 111  -0.021837  -0.006847  -0.036616   0.065300
 112   0.019059  -0.016648  -0.017482   0.015071
 113   0.000117  -0.026366  -0.007258   0.033507
 114   0.017429  -0.018944  -0.015102   0.016617
 115   0.044813  -0.065182   0.029132  -0.008763