 pos  val_A      val_C      val_G      val_T    
  58   0.033751   0.010883   0.011298  -0.055932
  59  -0.024869   0.016747  -0.005616   0.013738
  60  -0.042672  -0.011805   0.041885   0.012593
  61  -0.008059   0.028081   0.007562  -0.027584
  62   0.015657  -0.014173   0.005038  -0.006522
  63  -0.035328   0.004399   0.029874   0.001055
  64  -0.012312  -0.015778  -0.006508   0.034599
  65  -0.011398  -0.003817  -0.009365   0.024581
  66  -0.022400   0.009580  -0.019917   0.032737
  67   0.020919   0.019572  -0.033219  -0.007272
  68  -0.045045   0.010433   0.036891  -0.002279
  69  -0.051068   0.003574   0.018336   0.029158
  70  -0.057413   0.032217   0.022031   0.003165
  71  -0.027744  -0.000727   0.038964  -0.010493
  72  -0.023545   0.007675   0.004694   0.011176
  73  -0.016726   0.031786   0.012666  -0.027726
  74   0.003831  -0.022598   0.032624  -0.013857
  75   0.002316   0.000273   0.017491  -0.020080
  76   0.014509  -0.071995  -0.024392   0.081878
  77   0.053650   0.076029   0.047250  -0.176929
  78   0.034812   0.052334   0.051867  -0.139013
  79   0.046427   0.070069  -0.141633   0.025137
  80  -0.139124   0.050352   0.062988   0.025785
  81   0.068767  -0.131763   0.047779   0.015217
  82   0.013759   0.011983  -0.004931  -0.020810
  83  -0.011419   0.032159   0.019845  -0.040585
  84  -0.019170   0.004687  -0.000919   0.015402
  85   0.029216  -0.021959   0.007304  -0.014561
  86  -0.008514  -0.022479   0.014614   0.016379
  87  -0.007965   0.012207   0.016157  -0.020399
  88   0.044230   0.006133  -0.042940  -0.007423
  89  -0.010890   0.018426   0.015133  -0.022670
  90  -0.010586  -0.012283   0.019983   0.002886
  91  -0.033528   0.008429   0.006799   0.018300
  92  -0.039962   0.000859   0.019370   0.019733
  93  -0.076467  -0.004588   0.033184   0.047871
  94  -0.013295   0.007665   0.016680  -0.011051
  95   0.026209   0.024667   0.028270  -0.079146
  96  -0.042217  -0.011296   0.015624   0.037889
  97   0.009549   0.010573  -0.025840   0.005718
  98   0.004772   0.018141  -0.030530   0.007617
  99   0.004836   0.065793  -0.084692   0.014064
 100   0.026142   0.024874   0.058194  -0.109210
 101  -0.107236   0.039562   0.083008  -0.015334
 102  -0.001048   0.019152   0.047750  -0.065854
 103  -0.073260   0.068685   0.036990  -0.032415
 104  -0.054015   0.028894   0.080635  -0.055514
 105   0.045710   0.038454   0.078258  -0.162422
 106   0.022925   0.029044  -0.000090  -0.051879
 107   0.043863   0.047765  -0.000594  -0.091034
 108  -0.036521   0.024485  -0.004915   0.016952
 109  -0.006190   0.017654   0.015076  -0.026540
 110  -0.029929   0.027340  -0.020713   0.023302
 111   0.014537   0.001571  -0.007083  -0.009026
 112  -0.003153  -0.015939   0.015267   0.003825
 113  -0.007028  -0.001576  -0.001892   0.010496
 114   0.008790   0.056297  -0.032756  -0.032331
 115   0.005991   0.011462   0.016114  -0.033567