 pos  val_A      val_C      val_G      val_T    
  63   0.033005   0.006496  -0.031062  -0.008439
  64   0.008824  -0.001460   0.008370  -0.015735
  65   0.006829   0.005861   0.004172  -0.016862
  66   0.011432  -0.021409   0.026144  -0.016167
  67  -0.018100  -0.016923   0.023243   0.011781
  68   0.032525  -0.002559  -0.034698   0.004732
  69   0.047838   0.013789  -0.033285  -0.028342
  70   0.054728  -0.038840  -0.011389  -0.004499
  71   0.027551  -0.009307  -0.046808   0.028565
  72   0.030379   0.018704  -0.035356  -0.013727
  73  -0.008191  -0.021246  -0.002022   0.031459
  74  -0.009708   0.021617  -0.025649   0.013741
  75   0.005770   0.001319  -0.039923   0.032834
  76  -0.023563   0.105313   0.019572  -0.101322
  77  -0.045874  -0.095555  -0.044867   0.186295
  78  -0.049800  -0.073000  -0.040175   0.162975
  79  -0.052928  -0.070053   0.172392  -0.049411
  80   0.131908  -0.025282  -0.062607  -0.044019
  81  -0.075599   0.161787  -0.047049  -0.039139
  82  -0.018429  -0.037766   0.004975   0.051220
  83  -0.001415  -0.033945  -0.007304   0.042663
  84   0.001775  -0.011690   0.006523   0.003392
  85  -0.017919   0.021848  -0.008609   0.004679
  86   0.043383  -0.006543  -0.025526  -0.011314
  87  -0.010819  -0.000734  -0.015270   0.026823
  88  -0.030713  -0.006509   0.014048   0.023175
  89   0.011013  -0.002596  -0.018744   0.010326
  90  -0.007199   0.009753  -0.020207   0.017654
  91   0.014984  -0.013331   0.001316  -0.002969
  92   0.045719   0.002508  -0.021051  -0.027177
  93   0.073238  -0.000400  -0.031818  -0.041020
  94   0.010215   0.001881  -0.018566   0.006470
  95  -0.012290  -0.029065  -0.032463   0.073819
  96   0.046910   0.009110  -0.017032  -0.038988
  97  -0.005430   0.002247   0.018783  -0.015601
  98   0.007040  -0.033212   0.029707  -0.003536
  99   0.002247  -0.058741   0.086586  -0.030092
 100  -0.032256  -0.034924  -0.061752   0.128932
 101   0.115946  -0.020781  -0.098460   0.003295
 102   0.010676  -0.026378  -0.050518   0.066220
 103   0.048085  -0.051410  -0.025901   0.029226
 104   0.040844  -0.027785  -0.053711   0.040652
 105  -0.036005  -0.039805  -0.078316   0.154126
 106  -0.026151  -0.030799   0.012528   0.044422
 107  -0.032005  -0.049905   0.002286   0.079623
 108   0.036755  -0.026052   0.023736  -0.034439