 pos  val_A      val_C      val_G      val_T    
  69   0.050246  -0.001083  -0.014584  -0.034580
  70   0.052225  -0.036406  -0.014024  -0.001795
  71   0.047318  -0.014532  -0.059614   0.026828
  72   0.010162  -0.009755   0.013306  -0.013713
  73  -0.007853  -0.002607  -0.009590   0.020051
  74  -0.015706   0.023172  -0.023617   0.016151
  75   0.019421  -0.006846  -0.025201   0.012626
  76  -0.017500   0.076037  -0.013582  -0.044955
  77  -0.027437  -0.056481  -0.080238   0.164156
  78  -0.042809  -0.069275  -0.015736   0.127821
  79  -0.030530  -0.076101   0.139018  -0.032387
  80   0.117293  -0.002768  -0.071418  -0.043107
  81  -0.075782   0.118497  -0.036667  -0.006048
  82   0.000210  -0.025069  -0.015691   0.040550
  83   0.026600  -0.056291   0.020450   0.009241
  84   0.010158  -0.040034   0.021103   0.008773
  85  -0.015372   0.032701  -0.013917  -0.003411
  86   0.056492  -0.025417  -0.028768  -0.002307
  87  -0.019167   0.011681  -0.010866   0.018352
  88  -0.038824  -0.015391   0.043795   0.010420
  89  -0.000485  -0.032556   0.011535   0.021506
  90   0.006778   0.007644  -0.027890   0.013469
  91  -0.012999  -0.012602   0.040293  -0.014692
  92   0.035861  -0.029577   0.001967  -0.008250
  93   0.045938  -0.013445  -0.011054  -0.021438
  94   0.026416  -0.014190  -0.015840   0.003615
  95   0.008296  -0.025163  -0.044661   0.061527
  96   0.032365   0.013242  -0.008835  -0.036772
  97  -0.016946  -0.025533   0.023995   0.018484
  98   0.022423  -0.040775   0.014866   0.003486
  99  -0.003064  -0.062386   0.102247  -0.036797
 100  -0.033375  -0.014936  -0.058897   0.107208
 101   0.108376  -0.001080  -0.113251   0.005955
 102   0.020775  -0.043617  -0.045463   0.068306
 103   0.080386  -0.077354  -0.057796   0.054765
 104   0.060355  -0.050797  -0.055568   0.046010
 105  -0.062870  -0.068702  -0.102119   0.233691
 106  -0.032387  -0.027999  -0.030403   0.090788
 107  -0.043442  -0.042576   0.022514   0.063504
 108   0.010274  -0.018880   0.025508  -0.016901
 109   0.004157  -0.026041   0.005250   0.016634
 110   0.043230  -0.039187   0.016017  -0.020060