 pos  val_A      val_C      val_G      val_T    
  79   0.009882  -0.071794  -0.003124   0.065037
  80   0.061693   0.064913   0.067159  -0.193766
  81  -0.030903   0.129694   0.017838  -0.116629
  82   0.058246   0.029257  -0.127368   0.039865
  83  -0.157650   0.022605   0.081225   0.053819
  84   0.030865  -0.151521   0.089095   0.031561
  85  -0.037581   0.027434   0.043857  -0.033710
  86  -0.016232   0.033924   0.036816  -0.054508
  87   0.019080  -0.000965  -0.019103   0.000988
  88   0.000102   0.015110  -0.001424  -0.013788
  89   0.015036   0.002432  -0.014622  -0.002846
  90  -0.006192  -0.009283  -0.001554   0.017028
  91  -0.014776   0.005330  -0.001645   0.011091
  92   0.007437  -0.010158  -0.021643   0.024364
  93  -0.011576  -0.011258  -0.000267   0.023101
  94  -0.011388  -0.018982   0.014530   0.015840
  95  -0.026292  -0.003549   0.023526   0.006315
  96  -0.016681  -0.000501   0.014790   0.002392
  97  -0.003235   0.012231   0.025118  -0.034114
  98   0.027803  -0.024120   0.046388  -0.050071
  99   0.006454   0.003391   0.006892  -0.016737
 100   0.012470   0.035051   0.014047  -0.061567
 101  -0.029093   0.067052  -0.050524   0.012566
 102  -0.005519   0.009190   0.006029  -0.009700
 103   0.081155   0.055877   0.032023  -0.169055
 104  -0.195998   0.066745   0.057080   0.072173
 105   0.033447   0.011912   0.036506  -0.081865
 106  -0.116828   0.043984   0.027691   0.045152
 107  -0.119773  -0.045895   0.076156   0.089512
 108   0.063172   0.070973   0.062893  -0.197038
 109  -0.018111   0.020840  -0.003938   0.001208