 pos  val_A      val_C      val_G      val_T    
 75   -0.044285   0.045274   0.003366  -0.004355
 76    0.005592  -0.014981  -0.000873   0.010261
 77   -0.012384   0.040226  -0.022294  -0.005548
 78   -0.020861   0.023538  -0.011742   0.009066
 79    0.001109  -0.073017   0.015604   0.056303
 80    0.038056   0.072426   0.052751  -0.163232
 81   -0.050345   0.152057   0.025530  -0.127242
 82    0.061476   0.040176  -0.133153   0.031502
 83   -0.140844   0.038139   0.046717   0.055987
 84    0.019837  -0.126417   0.076063   0.030517
 85   -0.048048   0.019411   0.034693  -0.006057
 86   -0.018323   0.030165   0.043445  -0.055287
 87    0.010732  -0.002275   0.022669  -0.031127
 88   -0.019128   0.038376  -0.002704  -0.016545
 89    0.010268   0.003245  -0.022430   0.008917
 90    0.017508  -0.042347  -0.000059   0.024898
 91   -0.028373   0.031718  -0.027506   0.024161
 92   -0.013889   0.001547  -0.016079   0.028422
 93   -0.028445  -0.022782   0.000980   0.050246
 94   -0.002147  -0.026649   0.008808   0.019988
 95   -0.013732  -0.003167   0.037073  -0.020174