 pos  val_A      val_C      val_G      val_T    
  79  -0.018222   0.082499  -0.005081  -0.059196
  80  -0.057199  -0.081310  -0.066877   0.205385
  81   0.020096  -0.141261  -0.008585   0.129751
  82  -0.068344  -0.040114   0.159507  -0.051049
  83   0.181036  -0.046501  -0.090710  -0.043826
  84  -0.033949   0.143160  -0.086994  -0.022216
  85   0.045802  -0.036768  -0.018227   0.009193
  86   0.011557  -0.038757  -0.036214   0.063414
  87  -0.016223  -0.002138   0.003161   0.015200
  88   0.006045  -0.021679   0.007701   0.007933
  89  -0.014644  -0.000576   0.019156  -0.003936
  90  -0.002427   0.023489  -0.005869  -0.015193
  91   0.008789  -0.004561   0.001656  -0.005884
  92  -0.001878   0.002681   0.027376  -0.028179
  93   0.000003   0.023534   0.011868  -0.035405
  94   0.004032   0.014036  -0.007961  -0.010108
  95   0.018086  -0.013135  -0.024584   0.019633
  96   0.003392  -0.010342  -0.009257   0.016207
  97   0.005434  -0.008043  -0.034684   0.037294
  98  -0.019180   0.017375  -0.035368   0.037173
  99   0.003989  -0.007255   0.000765   0.002501
 100  -0.003621  -0.039410  -0.010340   0.053371
 101   0.004971  -0.061039   0.047821   0.008247
 102  -0.007261  -0.001630  -0.000341   0.009232
 103  -0.073103  -0.053647  -0.050579   0.177328
 104   0.195480  -0.067290  -0.055603  -0.072587
 105  -0.014396  -0.033091  -0.039763   0.087251
 106   0.109728  -0.035096  -0.038365  -0.036267
 107   0.118330   0.018502  -0.057952  -0.078880
 108  -0.075272  -0.053892  -0.066183   0.195348
 109   0.037293  -0.040523   0.007656  -0.004426