 pos  val_A      val_C      val_G      val_T    
  79   0.013084  -0.076490   0.008215   0.055191
  80   0.050045   0.067075   0.048530  -0.165650
  81  -0.006731   0.097752   0.026275  -0.117297
  82   0.064729   0.051280  -0.152537   0.036527
  83  -0.157938   0.010001   0.098572   0.049365
  84   0.047427  -0.139357   0.060374   0.031557
  85  -0.011119   0.016753   0.014941  -0.020575
  86   0.007153   0.030474   0.033279  -0.070906
  87  -0.002819   0.012909   0.006281  -0.016372
  88   0.017464   0.004094  -0.010073  -0.011484
  89   0.019670  -0.012631  -0.037577   0.030538
  90   0.005590  -0.011488   0.004389   0.001509
  91  -0.006057   0.006525  -0.011197   0.010729
  92  -0.023715   0.025728  -0.021310   0.019297
  93  -0.008380  -0.007149  -0.001279   0.016808
  94   0.008899   0.010815  -0.023957   0.004242
  95   0.016776  -0.027098   0.020120  -0.009798
  96   0.010616   0.020580  -0.018418  -0.012778
  97   0.011606   0.009516   0.021836  -0.042958
  98   0.004893  -0.018643   0.045904  -0.032154
  99  -0.011976   0.015725   0.011400  -0.015148
 100  -0.008657   0.029577   0.013070  -0.033990
 101   0.001807   0.048394  -0.047088  -0.003114
 102  -0.012718   0.007815   0.001530   0.003372
 103   0.034699   0.065260   0.041136  -0.141095
 104  -0.135904   0.038974   0.022430   0.074500
 105   0.026727   0.032048   0.032668  -0.091442
 106  -0.099153   0.039828   0.043908   0.015416
 107  -0.124234  -0.009981   0.056143   0.078073
 108   0.078536   0.042576   0.073371  -0.194483
 109  -0.024563   0.038457  -0.018396   0.004503