 pos  val_A      val_C      val_G      val_T    
  79   0.005194  -0.077288   0.008154   0.063940
  80   0.033897   0.076517   0.041067  -0.151481
  81  -0.045651   0.156983   0.004188  -0.115520
  82   0.054363   0.012289  -0.110602   0.043950
  83  -0.141195   0.030392   0.054292   0.056511
  84   0.024775  -0.112239   0.079235   0.008229
  85  -0.044339   0.039333   0.035162  -0.030156
  86   0.007126   0.043262   0.018894  -0.069281
  87   0.015355  -0.005643  -0.001318  -0.008394
  88  -0.009083   0.030650   0.006638  -0.028204
  89   0.004680   0.010067  -0.027854   0.013107
  90   0.010340  -0.016429  -0.000230   0.006319
  91  -0.006903   0.018792  -0.013833   0.001944
  92  -0.005639   0.006750  -0.018237   0.017126
  93  -0.013268  -0.003995  -0.001812   0.019075
  94  -0.001035  -0.012185   0.012556   0.000664
  95  -0.022593   0.017394   0.015159  -0.009960
  96  -0.006094   0.011163   0.000415  -0.005484
  97   0.003032   0.010528   0.030040  -0.043600
  98   0.031227  -0.020861   0.029573  -0.039938
  99  -0.011159   0.017434   0.008873  -0.015148
 100   0.005657   0.046042   0.010996  -0.062695
 101  -0.015918   0.055282  -0.044394   0.005030
 102  -0.020846   0.017445   0.012358  -0.008956
 103   0.044031   0.048077   0.028239  -0.120347
 104  -0.149592   0.054299   0.048548   0.046745
 105   0.019878   0.020251   0.032061  -0.072190
 106  -0.107601   0.050011   0.023002   0.034587
 107  -0.090014  -0.010928   0.033941   0.067001
 108   0.050276   0.045735   0.054210  -0.150221
 109  -0.020483   0.029225  -0.024698   0.015955