 pos  val_A      val_C      val_G      val_T    
 102  -0.089640   0.049767  -0.002452   0.042325
 103  -0.005620   0.011701   0.067548  -0.073629
 104  -0.105403   0.034602   0.026094   0.044707
 105  -0.043701  -0.009522   0.029317   0.023906
 106   0.011208   0.042452   0.004190  -0.057850
 107  -0.063602   0.025925   0.017444   0.020234
 108  -0.000787  -0.008871   0.013640  -0.003982
 109  -0.012037   0.012097  -0.017420   0.017360
 110  -0.039360   0.031736   0.018542  -0.010918
 111  -0.015273   0.032977   0.019839  -0.037543
 112   0.000454   0.016935  -0.026629   0.009240
 113   0.004217   0.001112  -0.002745  -0.002584
 114  -0.059267   0.013498  -0.022393   0.068161