 pos  val_A      val_C      val_G      val_T    
 65    0.039714  -0.040247  -0.029098   0.029631
 66   -0.016759   0.018829   0.000133  -0.002203
 67    0.032518   0.000765  -0.058270   0.024987
 68    0.004095  -0.009904  -0.023949   0.029758
 69   -0.003283  -0.025770   0.015733   0.013321
 70    0.049300  -0.071090   0.016932   0.004858
 71    0.084429  -0.048181  -0.027522  -0.008726
 72    0.114269  -0.044964  -0.027733  -0.041571
 73    0.021707   0.024349  -0.048709   0.002653
 74    0.021715   0.008598  -0.012490  -0.017823
 75    0.020642  -0.049953   0.001485   0.027827
 76    0.013424  -0.012419  -0.045186   0.044181
 77   -0.053155   0.052967   0.031793  -0.031605
 78   -0.000392  -0.056183  -0.027895   0.084471
 79   -0.016428  -0.076333  -0.008943   0.101704
 80   -0.022584  -0.025133   0.119197  -0.071480
 81    0.003735   0.040876  -0.048248   0.003637
 82    0.010508   0.068418  -0.056303  -0.022624
 83    0.045524  -0.053380  -0.000318   0.008174