 pos  val_A      val_C      val_G      val_T    
  90  -0.002359   0.057791   0.003615  -0.059046
  91   0.002757  -0.025280  -0.008100   0.030623
  92   0.007145  -0.013777   0.000355   0.006276
  93   0.003682   0.005566   0.013683  -0.022931
  94  -0.029261   0.012451   0.010030   0.006780
  95  -0.018784  -0.011866  -0.007370   0.038019
  96  -0.008516   0.003013  -0.006458   0.011961
  97  -0.005981  -0.007694   0.020957  -0.007283
  98   0.006058  -0.001914   0.023185  -0.027329
  99   0.015775  -0.001950  -0.016628   0.002803
 100   0.019920  -0.008075  -0.024941   0.013096
 101   0.013997  -0.031957  -0.004977   0.022937
 102   0.005689   0.018361  -0.013226  -0.010823
 103   0.028306   0.001793  -0.020327  -0.009772
 104   0.056379  -0.007641  -0.014258  -0.034480