 pos  val_A      val_C      val_G      val_T    
 80    0.009531  -0.013694  -0.022346   0.026509
 81   -0.002572   0.002765  -0.004213   0.004020
 82   -0.037675  -0.010026   0.059582  -0.011880
 83    0.054639   0.007382  -0.009736  -0.052285
 84    0.028088  -0.002818  -0.023551  -0.001719
 85   -0.013045   0.015941  -0.012843   0.009947
 86    0.011155  -0.035237   0.014888   0.009195
 87    0.007926  -0.036689   0.011829   0.016934
 88   -0.020115   0.034928   0.003157  -0.017970
 89   -0.033032   0.033695  -0.032344   0.031681
 90   -0.006660  -0.067484  -0.008713   0.082857