 pos  val_A      val_C      val_G      val_T    
  78   0.035683   0.008123   0.014892  -0.058699
  79  -0.015131  -0.004456   0.014123   0.005464
  80  -0.010965   0.006552   0.029543  -0.025130
  81  -0.018154  -0.023747   0.026251   0.015649
  82   0.007746   0.017230  -0.017924  -0.007053
  83  -0.019777  -0.003824  -0.023959   0.047559
  84  -0.011895  -0.016689   0.011675   0.016909
  85  -0.023211  -0.025549   0.037978   0.010782
  86  -0.018386   0.001623  -0.000997   0.017760
  87  -0.024387   0.024521  -0.001569   0.001435
  88   0.019802  -0.044957  -0.004164   0.029318
  89   0.012469   0.008216   0.018650  -0.039335
  90  -0.001844   0.071783  -0.011201  -0.058738
  91  -0.019088  -0.014694   0.000494   0.033287
  92  -0.001878  -0.008675  -0.013993   0.024546
  93  -0.017701   0.004248   0.028483  -0.015030
  94  -0.055519   0.030725   0.005384   0.019410
  95  -0.010958   0.003042   0.020746  -0.012830
  96  -0.018173   0.012032  -0.015823   0.021964
  97   0.012691  -0.008101   0.015779  -0.020370
  98   0.004378   0.012740   0.004517  -0.021635
  99   0.014676   0.002534  -0.035408   0.018197
 100   0.033616  -0.019048  -0.021862   0.007294
 101   0.013756  -0.034889  -0.003533   0.024665
 102   0.011921   0.023732  -0.026982  -0.008672
 103   0.043820  -0.006455  -0.010807  -0.026559
 104   0.018283   0.004559  -0.008306  -0.014536
 105   0.010998   0.001503   0.008480  -0.020981