 pos  val_A      val_C      val_G      val_T    
  68  -0.029561  -0.006846   0.022278   0.014129
  69  -0.000914   0.026288   0.041757  -0.067130
  70   0.016593  -0.012116  -0.004611   0.000134
  71   0.011659   0.022474  -0.017134  -0.017000
  72  -0.031357   0.017821   0.021558  -0.008022
  73  -0.011270  -0.010664   0.023225  -0.001290
  74   0.011792   0.029204  -0.017036  -0.023960
  75  -0.008377   0.003372  -0.008131   0.013135
  76   0.030674  -0.006474  -0.033129   0.008929
  77  -0.042407   0.008549   0.039769  -0.005910
  78  -0.039261  -0.026665   0.003177   0.062748
  79   0.000055   0.054122   0.006089  -0.060266
  80   0.009531  -0.013694  -0.022346   0.026509
  81  -0.002572   0.002765  -0.004213   0.004020
  82  -0.037675  -0.010026   0.059582  -0.011880
  83   0.054639   0.007382  -0.009736  -0.052285
  84   0.028088  -0.002818  -0.023551  -0.001719
  85  -0.013045   0.015941  -0.012843   0.009947
  86   0.011155  -0.035237   0.014888   0.009195
  87   0.007926  -0.036689   0.011829   0.016934
  88  -0.020115   0.034928   0.003157  -0.017970
  89  -0.033032   0.033695  -0.032344   0.031681
  90  -0.006660  -0.067484  -0.008713   0.082857
  91   0.015750  -0.005375   0.006329  -0.016704
  92  -0.000291   0.025854   0.007852  -0.033416
  93   0.018980  -0.002143   0.010969  -0.027806
  94   0.088414  -0.046311  -0.033530  -0.008573
  95   0.067959  -0.001766  -0.004760  -0.061433
  96   0.053423   0.011696  -0.029500  -0.035619
  97  -0.001580   0.003401  -0.027425   0.025603
  98   0.016853   0.022737  -0.029981  -0.009608
  99  -0.027086  -0.002542   0.028464   0.001164
 100  -0.026096   0.024741   0.022362  -0.021007
 101  -0.008305   0.048362  -0.040982   0.000925
 102  -0.021355  -0.011130   0.003560   0.028926
 103  -0.028523  -0.025789  -0.024728   0.079041
 104  -0.031168   0.005413  -0.014304   0.040059
 105   0.041108  -0.003771  -0.050547   0.013210
 106   0.032730  -0.014386  -0.023839   0.005495
 107  -0.032366  -0.003790  -0.045047   0.081204
 108  -0.004577   0.008038   0.027427  -0.030888
 109   0.036486  -0.016231  -0.029073   0.008819
 110   0.008851   0.015648  -0.005448  -0.019051
 111  -0.022213   0.011351  -0.008600   0.019461
 112  -0.012777   0.004788  -0.008443   0.016431
 113  -0.022720   0.020922  -0.009646   0.011444
 114  -0.014884  -0.044964   0.013242   0.046606
 115  -0.012054  -0.009173   0.008101   0.013126