 pos  val_A      val_C      val_G      val_T    
  77   0.007662   0.025002  -0.057605   0.024941
  78   0.006594   0.009067  -0.026258   0.010596
  79   0.019552  -0.019031  -0.005706   0.005185
  80   0.020678  -0.058321   0.020692   0.016951
  81   0.032530   0.032069   0.034834  -0.099434
  82   0.014288   0.020645   0.038047  -0.072980
  83   0.040004   0.029536  -0.071624   0.002084
  84  -0.022007   0.000044   0.020673   0.001291
  85   0.026772   0.004006   0.010235  -0.041013
  86   0.019880   0.006089   0.039306  -0.065276
  87   0.016640   0.011813   0.021509  -0.049962
  88   0.011398   0.000076   0.029119  -0.040593
  89   0.002666   0.014131   0.021992  -0.038788
  90  -0.001040   0.007132  -0.018861   0.012769
  91  -0.017504   0.002074  -0.007494   0.022924
  92  -0.016569   0.005559  -0.006164   0.017174
  93   0.007665  -0.001051  -0.000329  -0.006285
  94   0.000885   0.029901  -0.017145  -0.013641
  95   0.009230   0.013790  -0.006066  -0.016953
  96   0.009103  -0.002045   0.008715  -0.015773
  97  -0.025094   0.013452   0.000295   0.011347
  98  -0.037840   0.031298  -0.020027   0.026568
  99  -0.010643  -0.021420   0.021780   0.010283
 100   0.007346  -0.039332   0.007043   0.024943
 101   0.020627  -0.045126   0.020793   0.003706
 102   0.016683  -0.045347   0.032786  -0.004122
 103   0.004709  -0.047619   0.045083  -0.002173
 104  -0.071725   0.017350   0.032146   0.022229