 pos  val_A      val_C      val_G      val_T    
  97   0.036435   0.006120   0.027786  -0.070341
  98  -0.039762   0.011251   0.007122   0.021388
  99   0.059264   0.030512   0.046883  -0.136658
 100   0.009109   0.065398  -0.055263  -0.019244
 101   0.012368   0.016271  -0.008968  -0.019672
 102   0.037999   0.030404   0.009263  -0.077666
 103  -0.045692   0.045133  -0.007216   0.007774
 104   0.056683  -0.030428  -0.005407  -0.020849
 105  -0.074660   0.006480   0.026351   0.041829
 106  -0.052317   0.027907   0.010149   0.014260