 pos  val_A      val_C      val_G      val_T    
 78   -0.024191  -0.015237  -0.022122   0.061550
 79    0.018477  -0.019780  -0.009414   0.010717
 80   -0.009722   0.025880  -0.025894   0.009736
 81   -0.006816   0.004955  -0.013950   0.015812
 82   -0.010178  -0.018242   0.063413  -0.034992
 83   -0.037073  -0.043407  -0.085160   0.165641
 84   -0.046626  -0.022117  -0.021883   0.090626
 85   -0.017635  -0.004671   0.040974  -0.018668
 86   -0.002810   0.046563  -0.061731   0.017979
 87    0.020872  -0.011767   0.040649  -0.049755
 88   -0.003276  -0.025940   0.004620   0.024595
 89    0.010098  -0.016438  -0.030672   0.037012
 90    0.190199  -0.032767  -0.133568  -0.023863
 91    0.033271  -0.041995  -0.023161   0.031885
 92    0.039970  -0.040477  -0.028281   0.028788