 pos  val_A      val_C      val_G      val_T    
 101   0.007796   0.009985   0.017192  -0.034973
 102   0.015789  -0.039392   0.014058   0.009545
 103  -0.002303  -0.006399   0.010390  -0.001689
 104   0.018995   0.040697  -0.038924  -0.020768
 105   0.003369  -0.023580  -0.014547   0.034759
 106   0.035196   0.001452   0.033051  -0.069699
 107  -0.062630   0.046161   0.003966   0.012503
 108   0.009106   0.006706   0.014763  -0.030575
 109  -0.042595   0.008561   0.012235   0.021799
 110  -0.062154  -0.005484   0.040032   0.027607
 111   0.038596   0.018657   0.031396  -0.088649