 pos  val_A      val_C      val_G      val_T    
  78   0.018789   0.008885   0.038784  -0.066457
  79  -0.028029   0.004820   0.007069   0.016140
  80   0.001950   0.008533   0.009120  -0.019603
  81  -0.021130   0.006996  -0.000748   0.014882
  82   0.001997   0.002303  -0.037042   0.032743
  83   0.024862   0.034516   0.066189  -0.125567
  84   0.027095   0.043606   0.016743  -0.087444
  85   0.020769   0.026245  -0.060449   0.013435
  86   0.032182  -0.050474   0.052851  -0.034560
  87  -0.027554   0.033210  -0.018601   0.012946
  88   0.042485   0.004629  -0.029524  -0.017590
  89  -0.006595   0.029804   0.029146  -0.052355
  90  -0.178502   0.022470   0.128500   0.027532
  91  -0.039050   0.028953   0.022615  -0.012518
  92  -0.045165   0.018402   0.016749   0.010013
  93  -0.037101  -0.028462   0.022625   0.042938
  94   0.006649  -0.004765   0.010598  -0.012482
  95  -0.007590   0.001793  -0.003191   0.008988
  96   0.027678   0.008442  -0.060209   0.024089
  97  -0.014215   0.004956   0.008108   0.001151
  98  -0.008694   0.023670  -0.020007   0.005030
  99  -0.005729   0.020806   0.001190  -0.016267
 100  -0.020646   0.023193  -0.000051  -0.002495
 101   0.031905   0.031354   0.026513  -0.089773
 102   0.009838  -0.026693   0.010675   0.006179
 103   0.011571   0.015405   0.012415  -0.039391
 104  -0.001757   0.033854  -0.025694  -0.006404
 105   0.000185   0.000435  -0.014425   0.013804
 106   0.027320   0.017141   0.026876  -0.071337
 107  -0.092645   0.055145   0.006599   0.030901
 108   0.014984   0.010136   0.039271  -0.064392
 109  -0.043346   0.010979  -0.002515   0.034883
 110  -0.060864  -0.010139   0.033227   0.037776
 111   0.047971   0.011380   0.054791  -0.114143