 pos  val_A      val_C      val_G      val_T    
 78    0.017556   0.023808   0.007818  -0.049181
 79   -0.018414   0.015111   0.004401  -0.001098
 80    0.003983  -0.022897   0.016927   0.001987
 81    0.006217  -0.002402   0.020629  -0.024444
 82   -0.000133   0.013626  -0.055571   0.042079
 83    0.039671   0.035709   0.091663  -0.167044
 84    0.038811   0.023310   0.011900  -0.074021
 85    0.013542   0.012378  -0.037298   0.011377
 86    0.013817  -0.051043   0.048049  -0.010823
 87   -0.006842   0.008028  -0.048031   0.046846
 88    0.012589   0.013818  -0.011672  -0.014734
 89   -0.000727   0.023122   0.012579  -0.034974
 90   -0.198944   0.040487   0.113837   0.044620
 91   -0.016509   0.019158   0.027450  -0.030098
 92   -0.050444   0.038910   0.028486  -0.016952