 pos  val_A      val_C      val_G      val_T    
  83   0.033956   0.059751   0.098266  -0.191973
  84   0.040718   0.040849   0.020685  -0.102253
  85   0.031591   0.016860  -0.058712   0.010261
  86   0.014240  -0.044624   0.052780  -0.022396
  87  -0.030108   0.029681  -0.049231   0.049657
  88   0.020887   0.036170  -0.029029  -0.028028
  89  -0.001844   0.021961   0.034781  -0.054897
  90  -0.219983   0.046763   0.135315   0.037905
  91  -0.035691   0.028023   0.028741  -0.021073
  92  -0.059801   0.041941   0.035192  -0.017332
  93  -0.054296  -0.033875   0.051959   0.036213
  94  -0.003571   0.024426   0.009837  -0.030692
  95  -0.012325   0.004095  -0.004039   0.012269
  96   0.039594   0.016634  -0.089205   0.032976
  97  -0.000076   0.021778  -0.016567  -0.005135
  98  -0.004581   0.022979  -0.018753   0.000355
  99  -0.019991   0.022196   0.005283  -0.007487
 100  -0.007696   0.004332  -0.009180   0.012545
 101   0.017275   0.042338   0.017998  -0.077611
 102  -0.014777  -0.018871   0.017034   0.016614
 103   0.008885   0.035267  -0.007186  -0.036966