 pos  val_A      val_C      val_G      val_T    
 101  -0.006592  -0.049268  -0.021925   0.077785
 102   0.040013   0.005117  -0.010241  -0.034889
 103  -0.004669  -0.021127   0.003563   0.022232
 104   0.012273  -0.046841   0.031824   0.002744
 105   0.002505   0.002254  -0.009419   0.004660
 106  -0.014683   0.009112  -0.044786   0.050357
 107   0.073330  -0.066247   0.002556  -0.009640
 108  -0.016049  -0.011274  -0.035737   0.063061
 109   0.036558   0.012172  -0.012715  -0.036015
 110   0.023279   0.023138  -0.009887  -0.036531
 111  -0.017451  -0.009837  -0.047247   0.074535
 112  -0.008907   0.000520   0.029840  -0.021453
 113   0.016728  -0.014621   0.020551  -0.022658
 114   0.028040  -0.023579   0.008657  -0.013118
 115  -0.002987  -0.001551   0.008089  -0.003552
 116  -0.009600   0.000073  -0.011229   0.020755
 117   0.034538  -0.002430  -0.021231  -0.010877
 118   0.030434   0.006585   0.016457  -0.053477
 119  -0.002577  -0.018901  -0.026442   0.047919
 120  -0.000949  -0.012506  -0.000516   0.013970