 pos  val_A      val_C      val_G      val_T    
 83    0.036952   0.051781   0.100736  -0.189469
 84    0.022583   0.036213   0.018131  -0.076927
 85    0.027272   0.008980  -0.041839   0.005587
 86    0.019799  -0.047352   0.038794  -0.011242
 87   -0.018970   0.023774  -0.048687   0.043883
 88   -0.001565   0.030092  -0.008889  -0.019637
 89   -0.007468   0.023123   0.025576  -0.041231
 90   -0.215394   0.042323   0.140118   0.032953
 91   -0.039532   0.044394   0.024022  -0.028883
 92   -0.048531   0.041458   0.034357  -0.027284
 93   -0.060623  -0.015089   0.044550   0.031162