 pos  val_A      val_C      val_G      val_T    
  88   0.019494   0.017139   0.014608  -0.051241
  89   0.023144  -0.014803   0.017261  -0.025602
  90   0.017868  -0.009058  -0.010253   0.001443
  91  -0.019159   0.017959  -0.000014   0.001214
  92   0.014649  -0.005433  -0.007442  -0.001774
  93  -0.015244  -0.002576   0.005052   0.012768
  94  -0.021557   0.015657  -0.006329   0.012229
  95  -0.043139   0.034147  -0.001445   0.010436
  96   0.003807  -0.022419  -0.000093   0.018704
  97  -0.035979   0.030567   0.013958  -0.008546
  98   0.028962   0.022396   0.013845  -0.065203
  99   0.006763   0.022094  -0.052624   0.023768
 100   0.010418   0.019382  -0.019949  -0.009851
 101  -0.023607   0.045566  -0.051090   0.029131
 102   0.037128  -0.091100   0.013674   0.040297
 103   0.015774   0.037888   0.017900  -0.071562
 104  -0.097920   0.051192   0.017877   0.028851
 105   0.026649   0.017891   0.035316  -0.079856
 106  -0.040923   0.006255   0.015670   0.018997
 107  -0.015735  -0.041874   0.007279   0.050330
 108   0.041146   0.035544   0.020464  -0.097153
 109  -0.014399   0.023897   0.032873  -0.042372