 pos  val_A      val_C      val_G      val_T    
 103   0.020063   0.019498  -0.006147  -0.033414
 104   0.044995   0.002742  -0.009894  -0.037843
 105   0.070646  -0.032848  -0.038578   0.000780
 106   0.016007  -0.024420  -0.003834   0.012246
 107   0.046799   0.002645  -0.023677  -0.025767
 108   0.032446   0.000830  -0.025022  -0.008253
 109   0.012452   0.000465   0.050692  -0.063609
 110   0.015912  -0.056490   0.055212  -0.014634
 111  -0.030663  -0.026231   0.058048  -0.001155
 112  -0.062999   0.022617   0.023861   0.016522
 113  -0.078692  -0.107903  -0.005330   0.191925
 114   0.001906  -0.041486  -0.061419   0.100999
 115  -0.032260  -0.001501  -0.045854   0.079616
 116   0.007576  -0.035932   0.000087   0.028270
 117   0.054821   0.005978  -0.043340  -0.017459
 118  -0.016867  -0.008314  -0.030977   0.056158
 119   0.017675   0.010449  -0.000055  -0.028069
 120   0.018366  -0.005779  -0.000139  -0.012449
 121   0.011237  -0.021726  -0.015841   0.026330
 122   0.029768  -0.010673   0.003327  -0.022422
 123   0.023101  -0.005926  -0.017497   0.000322
 124   0.037253  -0.022608  -0.045347   0.030703