 pos  val_A      val_C      val_G      val_T    
 109   0.012491   0.008896   0.028875  -0.050262
 110   0.038143  -0.045078   0.013453  -0.006518
 111  -0.057802  -0.033019   0.054564   0.036257
 112  -0.048585  -0.000752   0.031472   0.017865
 113  -0.132628  -0.092905   0.008902   0.216631
 114   0.068482  -0.052562  -0.087621   0.071702
 115  -0.035263  -0.034895  -0.033874   0.104032
 116   0.069519  -0.051098  -0.036550   0.018129
 117   0.075727  -0.013750  -0.050096  -0.011880
 118  -0.030760  -0.050456  -0.063254   0.144469
 119   0.074102  -0.029116  -0.000829  -0.044157
 120   0.001996   0.011421   0.012223  -0.025639
 121   0.001988  -0.027795   0.005600   0.020207
 122  -0.018145   0.013081   0.019373  -0.014310
 123  -0.030315   0.012155   0.009512   0.008649
 124   0.008499  -0.009945  -0.029884   0.031329