 pos  val_A      val_C      val_G      val_T    
  84  -0.064277   0.011692  -0.009728   0.062313
  85  -0.083939   0.029011   0.041549   0.013380
  86   0.015924   0.039626  -0.025191  -0.030359
  87   0.006799   0.018671   0.002354  -0.027824
  88   0.012344   0.052797  -0.036625  -0.028516
  89   0.000975  -0.065526  -0.006938   0.071489
  90   0.027015   0.056916   0.040729  -0.124660
  91   0.029292   0.002248   0.042967  -0.074507
  92   0.070387   0.012376  -0.111456   0.028693
  93  -0.136295   0.018550   0.090292   0.027453
  94  -0.017357   0.058429  -0.071940   0.030868
  95  -0.005181   0.016156  -0.013131   0.002156
  96  -0.042853   0.033125  -0.001481   0.011209
  97  -0.042232   0.013217   0.014152   0.014862
  98  -0.040998   0.019586   0.017581   0.003831
  99  -0.043129   0.027645   0.017032  -0.001548
 100   0.035865  -0.015749   0.012403  -0.032519
 101   0.009909   0.002723  -0.031994   0.019362
 102   0.012954  -0.001985   0.003304  -0.014274
 103  -0.032739   0.021602   0.027290  -0.016153
 104  -0.032547   0.006172   0.010662   0.015713
 105  -0.076191   0.039630   0.051440  -0.014879
 106  -0.039257   0.024777  -0.012052   0.026531
 107  -0.083562   0.042935   0.037181   0.003446
 108  -0.016768   0.029961   0.041099  -0.054292
 109   0.004099  -0.020729  -0.048066   0.064695
 110  -0.019610   0.049171  -0.028395  -0.001166
 111   0.077427   0.031088  -0.088481  -0.020034
 112   0.063804  -0.004964  -0.050863  -0.007977
 113   0.122480   0.108946  -0.009579  -0.221846
 114  -0.063509   0.067928   0.077528  -0.081947
 115   0.023326   0.020481   0.040807  -0.084615
 116  -0.071422   0.050917   0.050167  -0.029662
 117  -0.066553  -0.000119   0.063086   0.003586
 118   0.028834   0.046844   0.056070  -0.131747
 119  -0.059006   0.021146  -0.001473   0.039334
 120  -0.024288  -0.001210   0.002916   0.022582
 121  -0.004822   0.025352   0.003519  -0.024049
 122   0.019849  -0.002166  -0.038068   0.020385
 123   0.007860   0.008636  -0.004765  -0.011731
 124  -0.001656   0.001403   0.036871  -0.036618
 125  -0.024683   0.025117  -0.025171   0.024737
 126   0.019656  -0.009523  -0.017912   0.007778
 127  -0.039974   0.015140  -0.044688   0.069522
 128  -0.000820  -0.003916  -0.019317   0.024053
 129  -0.000967   0.025763  -0.011279  -0.013517
 130   0.003228   0.012101  -0.000870  -0.014459
 131  -0.011899   0.018591  -0.024548   0.017855
 132  -0.034875   0.041453  -0.031549   0.024971