 pos  val_A      val_C      val_G      val_T    
 109  -0.010391  -0.021889  -0.006311   0.038590
 110  -0.029183   0.016764  -0.029197   0.041616
 111   0.012546   0.003566  -0.022218   0.006106
 112   0.032597  -0.014112  -0.006975  -0.011509
 113   0.033615   0.108974  -0.004562  -0.138026
 114  -0.003359   0.037085   0.034197  -0.067923
 115   0.009808   0.020769   0.008184  -0.038761
 116  -0.013996   0.022217   0.015729  -0.023950
 117  -0.028250   0.002353   0.019532   0.006364
 118   0.018656   0.000912   0.036367  -0.055935
 119  -0.019386   0.003356  -0.007956   0.023987
 120  -0.009701   0.014477  -0.001866  -0.002909
 121  -0.018310   0.015788   0.006812  -0.004289
 122  -0.029526   0.010665  -0.006076   0.024936
 123  -0.016621   0.020375  -0.005449   0.001695
 124  -0.015169  -0.008248   0.045009  -0.021593