 pos  val_A      val_C      val_G      val_T    
 52   -0.000298   0.026360   0.020460  -0.046522
 53    0.003702  -0.022063  -0.001544   0.019905
 54   -0.014569   0.028343  -0.019152   0.005378
 55    0.010048  -0.020855   0.006890   0.003916
 56   -0.010842  -0.025050   0.018937   0.016955
 57   -0.009027   0.016274  -0.013019   0.005772
 58   -0.023447  -0.004272   0.003653   0.024066
 59   -0.009978  -0.028185   0.004027   0.034136
 60   -0.010195   0.014669   0.004824  -0.009299
 61   -0.004391  -0.057392   0.028725   0.033058
 62    0.030442   0.045333   0.001054  -0.076828
 63    0.033463   0.027268  -0.001314  -0.059417
 64    0.046231   0.021106  -0.083687   0.016350
 65   -0.080120   0.022280   0.019515   0.038325
 66    0.008000  -0.066926   0.044679   0.014248
 67   -0.052335   0.009483   0.018602   0.024250
 68   -0.000664  -0.011449   0.047661  -0.035548
 69   -0.006300   0.006121  -0.014731   0.014910
 70   -0.004764  -0.030487   0.031641   0.003610
 71    0.014117  -0.010343  -0.021308   0.017534
 72   -0.006563  -0.023640  -0.003127   0.033330
 73   -0.000110   0.000364  -0.002121   0.001866
 74   -0.002828   0.016902  -0.002051  -0.012023
 75    0.002749   0.036898  -0.023411  -0.016235
 76   -0.029945  -0.019200   0.026611   0.022535
 77   -0.038351   0.019612  -0.016333   0.035072
 78   -0.020702   0.003186  -0.003156   0.020672
 79    0.030981  -0.004805   0.010227  -0.036403
 80   -0.004986  -0.005004  -0.003551   0.013541
 81    0.021525   0.037983   0.036240  -0.095748
 82    0.021271   0.026295  -0.028999  -0.018567
 83    0.050846  -0.028410  -0.038957   0.016522
 84    0.179795  -0.054907  -0.011494  -0.113394
 85   -0.024691  -0.028260   0.037824   0.015127
 86    0.053131   0.014973   0.035768  -0.103873
 87   -0.105271   0.052982   0.049773   0.002516
 88   -0.074832   0.026625   0.027329   0.020879
 89   -0.009259   0.047519   0.040758  -0.079018
 90    0.013682  -0.000343  -0.012521  -0.000817
 91   -0.031846   0.023166  -0.032731   0.041411
 92   -0.024046  -0.023192   0.032819   0.014419
 93    0.003536   0.017953  -0.008894  -0.012595
 94   -0.001415   0.019041  -0.001337  -0.016289
 95    0.020682   0.016469   0.014663  -0.051814
 96   -0.012676   0.024497  -0.021358   0.009537
 97    0.014843  -0.005186   0.011177  -0.020834
 98    0.006661   0.017580   0.028454  -0.052695