 pos  val_A      val_C      val_G      val_T    
 81   -0.031854  -0.022600  -0.015353   0.069807
 82   -0.025665  -0.024620   0.025925   0.024360
 83   -0.049828   0.025863   0.013630   0.010335
 84   -0.208301   0.049067   0.034972   0.124262
 85    0.059219   0.007380  -0.022517  -0.044082
 86   -0.074828   0.000957  -0.039332   0.113203
 87    0.099670  -0.036296  -0.041195  -0.022178
 88    0.091280  -0.039857  -0.032365  -0.019057
 89   -0.001175  -0.045494  -0.031065   0.077734
 90   -0.000694  -0.012751   0.015215  -0.001771
 91    0.033472  -0.031225   0.028671  -0.030918
 92    0.020324   0.020471  -0.029194  -0.011601
 93    0.010309  -0.025885   0.002222   0.013354
 94    0.010157   0.007786  -0.039753   0.021809
 95   -0.004654  -0.023746  -0.006694   0.035094