 pos  val_A      val_C      val_G      val_T    
 101  -0.032428   0.011688   0.000661   0.020079
 102  -0.008407   0.047036  -0.027198  -0.011431
 103   0.021336  -0.026276  -0.007630   0.012570
 104   0.020388   0.027666   0.021177  -0.069231
 105   0.086060   0.018749  -0.019079  -0.085730
 106   0.024599   0.004822  -0.056410   0.026990
 107  -0.041598   0.015836   0.029244  -0.003482
 108   0.019380  -0.018768  -0.003402   0.002790
 109   0.010039   0.009907   0.012436  -0.032382
 110   0.004256  -0.000991   0.018843  -0.022108
 111   0.010666   0.022417   0.007825  -0.040908
 112   0.029635  -0.022621   0.030406  -0.037421
 113  -0.000214   0.005227  -0.003497  -0.001516
 114   0.016592  -0.028821   0.008278   0.003951
 115   0.014414  -0.034867   0.011638   0.008815
 116   0.022843   0.012643  -0.040330   0.004845
 117   0.002129  -0.003550   0.003235  -0.001814
 118   0.006080   0.021916   0.000836  -0.028832
 119  -0.039112   0.053870  -0.002496  -0.012261
 120  -0.017358   0.016695  -0.001802   0.002465
 121  -0.007507  -0.017396   0.014312   0.010592
 122   0.050088   0.006872  -0.022703  -0.034256
 123   0.007121   0.007627  -0.009005  -0.005742
 124   0.005022   0.003038   0.002073  -0.010134
 125  -0.037579   0.115212  -0.087076   0.009443
 126   0.017879  -0.023160   0.005677  -0.000396
 127   0.032797   0.021676   0.008441  -0.062914
 128  -0.095467   0.022716   0.031241   0.041510
 129   0.025521   0.012232   0.020636  -0.058389
 130  -0.039247   0.009529  -0.024704   0.054422
 131  -0.043274   0.009376   0.026024   0.007874
 132   0.030516   0.036044   0.031437  -0.097997
 133  -0.045726   0.015142   0.025574   0.005010
 134  -0.001972   0.006833  -0.020082   0.015222
 135  -0.062781   0.000587  -0.005513   0.067708
 136  -0.016200   0.025789   0.014738  -0.024327
 137   0.002243   0.022958  -0.000047  -0.025154
 138  -0.004592  -0.006602   0.010395   0.000799
 139   0.009770   0.024636  -0.005011  -0.029396
 140  -0.040448   0.009380  -0.005542   0.036610