 pos  val_A      val_C      val_G      val_T    
 113   0.047509  -0.035831  -0.004549  -0.007129
 114   0.044939  -0.030780  -0.029703   0.015544
 115   0.048292  -0.017319  -0.021434  -0.009539
 116   0.031661   0.001772  -0.030981  -0.002453
 117  -0.043344   0.004366  -0.018571   0.057550
 118   0.039153  -0.060400   0.043057  -0.021811
 119  -0.027860  -0.022664  -0.026608   0.077133
 120  -0.018490  -0.037044   0.088842  -0.033308
 121  -0.049917   0.091580  -0.043387   0.001724
 122  -0.045898  -0.058301  -0.057436   0.161635
 123   0.131229  -0.043304  -0.033751  -0.054173
 124  -0.038890  -0.001460  -0.021082   0.061433
 125   0.081544  -0.043457  -0.019907  -0.018180
 126   0.090445   0.014929  -0.026610  -0.078764
 127  -0.034447  -0.041300  -0.045594   0.121340