 pos  val_A      val_C      val_G      val_T    
 113  -0.047446   0.037616  -0.001432   0.011262
 114  -0.013216   0.023120   0.023587  -0.033491
 115  -0.038216   0.055564  -0.040472   0.023124
 116  -0.043053  -0.011205   0.051201   0.003058
 117   0.047762   0.002768   0.011283  -0.061812
 118  -0.007072  -0.007653  -0.026894   0.041619
 119   0.007622   0.044381   0.031972  -0.083975
 120   0.000116   0.048744  -0.080276   0.031415
 121   0.027507  -0.043143  -0.011081   0.026718
 122   0.007645   0.055339   0.026946  -0.089930
 123  -0.110848   0.035970   0.029572   0.045305
 124   0.054796   0.006011   0.029390  -0.090196
 125  -0.031353   0.032309   0.024056  -0.025012
 126  -0.013123  -0.043078   0.031414   0.024787
 127   0.034941   0.015265   0.061121  -0.111326