 pos  val_A      val_C      val_G      val_T    
  97  -0.007722   0.027501   0.019058  -0.038836
  98   0.041357  -0.004143   0.031960  -0.069174
  99  -0.001186   0.032411  -0.032401   0.001175
 100   0.012329  -0.044813  -0.006083   0.038567
 101  -0.017369   0.028917  -0.043452   0.031905
 102   0.012827   0.033969   0.039466  -0.086262
 103   0.023704  -0.011324   0.033962  -0.046342
 104  -0.067606   0.017066   0.034846   0.015694
 105   0.026892   0.013957  -0.003135  -0.037715
 106  -0.034815  -0.032171   0.042893   0.024094
 107  -0.049818  -0.003819   0.037875   0.015762
 108   0.015663   0.029618   0.020040  -0.065321