 pos  val_A      val_C      val_G      val_T    
 120  -0.000719   0.026618  -0.038802   0.012903
 121  -0.007655   0.040075   0.010448  -0.042868
 122  -0.012097   0.007016   0.001564   0.003518
 123   0.008439   0.020714   0.029408  -0.058561
 124   0.030898   0.009241  -0.077145   0.037006
 125  -0.001955   0.031747  -0.041919   0.012127
 126   0.039186   0.043743  -0.028696  -0.054233
 127  -0.108412   0.026253   0.026673   0.055486
 128   0.008314  -0.024214  -0.012541   0.028442
 129  -0.003825   0.025058   0.020705  -0.041938
 130  -0.052168   0.028380   0.008109   0.015679
 131   0.019748  -0.008872   0.057798  -0.068673
 132  -0.001081   0.009253   0.016402  -0.024573
 133  -0.027964  -0.003862  -0.002571   0.034397
 134  -0.008678  -0.030014   0.001999   0.036693
 135  -0.007668  -0.034766   0.025126   0.017308
 136  -0.014016   0.005695  -0.001205   0.009527
 137  -0.016351  -0.006495   0.013812   0.009033
 138   0.009284   0.020347   0.001834  -0.031465