 pos  val_A      val_C      val_G      val_T    
  97   0.011857   0.029564   0.002887  -0.044308
  98   0.044854   0.011123   0.023005  -0.078982
  99   0.012462   0.046832  -0.028141  -0.031152
 100  -0.003675  -0.015854  -0.020118   0.039647
 101  -0.023949   0.026972  -0.026938   0.023916
 102   0.017350   0.025627   0.022009  -0.064985
 103   0.051050  -0.014354   0.030610  -0.067306
 104  -0.065155   0.011609   0.028570   0.024976
 105   0.018733   0.007547   0.015692  -0.041971
 106  -0.038930  -0.009999   0.038656   0.010273
 107  -0.064213   0.016593   0.012387   0.035233
 108   0.009252   0.029000   0.024766  -0.063018
 109   0.007516   0.033871   0.015784  -0.057172
 110  -0.015771   0.004343  -0.001302   0.012729
 111  -0.020492  -0.001961   0.009734   0.012719
 112   0.027441   0.018441   0.004382  -0.050264
 113  -0.003949  -0.021344   0.023095   0.002198
 114  -0.023172   0.029105   0.022082  -0.028015
 115  -0.001077  -0.020189  -0.011772   0.033038
 116   0.007300  -0.020722   0.007144   0.006277
 117   0.035657   0.009723  -0.045601   0.000220