 pos  val_A      val_C      val_G      val_T    
 59   -0.032737  -0.003512  -0.012152   0.048401
 60   -0.016421   0.045438   0.028493  -0.057510
 61    0.002590  -0.021113   0.025881  -0.007357
 62    0.033794  -0.010201   0.020284  -0.043877
 63    0.024964   0.011085  -0.009974  -0.026075
 64    0.005161   0.003392  -0.002443  -0.006110
 65    0.002770  -0.030389   0.020065   0.007554
 66   -0.001430  -0.044559  -0.018366   0.064355
 67   -0.011407  -0.024041  -0.032414   0.067862
 68   -0.017082  -0.010367  -0.004367   0.031816
 69   -0.039603  -0.023330  -0.004810   0.067743
 70   -0.017214  -0.005671   0.047682  -0.024797
 71   -0.029461  -0.017850  -0.002008   0.049319
 72    0.010010  -0.009018  -0.001820   0.000828
 73   -0.007936   0.036646  -0.030383   0.001674