 pos  val_A      val_C      val_G      val_T    
 38   -0.007941   0.007488   0.032004  -0.031551
 39    0.031559   0.020657  -0.048187  -0.004030
 40   -0.057561   0.019427   0.002758   0.035376
 41    0.011019  -0.014870  -0.012370   0.016221
 42    0.016136  -0.052067   0.011947   0.023984
 43    0.002706   0.012475  -0.009904  -0.005277
 44    0.011082  -0.004565  -0.019906   0.013389
 45   -0.022846   0.050382  -0.040484   0.012949
 46    0.025548   0.005853   0.000577  -0.031977
 47   -0.001728   0.017515   0.003579  -0.019365
 48    0.025597  -0.051697   0.020398   0.005702
 49   -0.049395   0.025262   0.008537   0.015596
 50    0.003125  -0.046069   0.045743  -0.002800
 51   -0.097049   0.042040   0.030983   0.024025
 52   -0.010785   0.031712  -0.016451  -0.004477
 53    0.016099   0.032962  -0.019853  -0.029208
 54   -0.012699   0.036420   0.018866  -0.042587
 55   -0.005218   0.012759   0.032160  -0.039701
 56    0.021091  -0.007923  -0.017994   0.004825
 57    0.052152  -0.000850  -0.039001  -0.012301
 58    0.013783   0.009562   0.002753  -0.026097
 59   -0.017726  -0.017312   0.026979   0.008059
 60   -0.017063   0.013431   0.002230   0.001402
 61   -0.010583   0.014880   0.018653  -0.022951
 62    0.020238  -0.015461   0.032538  -0.037315
 63   -0.027668  -0.007074   0.029500   0.005243
 64   -0.034273   0.020084   0.008054   0.006135