 pos  val_A      val_C      val_G      val_T    
  96  -0.001108  -0.030508  -0.000968   0.032584
  97  -0.040941   0.019510   0.002847   0.018584
  98  -0.001960   0.011424  -0.012833   0.003369
  99  -0.026563  -0.009109   0.014320   0.021352
 100   0.003961  -0.046602   0.090656  -0.048015
 101  -0.010007   0.009429   0.009671  -0.009093
 102  -0.027957   0.004485  -0.032719   0.056191
 103   0.077450  -0.017403  -0.035567  -0.024480
 104   0.004395  -0.030011   0.001263   0.024353
 105   0.073123  -0.028050  -0.031790  -0.013283
 106   0.001462  -0.023587   0.002723   0.019402
 107  -0.059873  -0.006635  -0.036137   0.102645
 108   0.015803  -0.028944   0.022368  -0.009227
 109   0.016705  -0.007486   0.001334  -0.010553
 110   0.007884  -0.020088   0.012340  -0.000135
 111   0.014484   0.015856  -0.045679   0.015340
 112  -0.015809  -0.008410   0.040514  -0.016295
 113   0.004344   0.016322  -0.017375  -0.003291
 114  -0.009773   0.006195  -0.016372   0.019950
 115   0.005019  -0.037764  -0.007865   0.040611