 pos  val_A      val_C      val_G      val_T    
 35   -0.008387  -0.023220   0.033339  -0.001733
 36    0.011249  -0.016020   0.010087  -0.005315
 37   -0.002111  -0.031523   0.022185   0.011450
 38    0.014359  -0.023007  -0.035079   0.043727
 39   -0.052331   0.023246   0.051547  -0.022461
 40    0.021708  -0.018403  -0.006131   0.002826
 41   -0.029631   0.044283  -0.018185   0.003533
 42   -0.010240   0.067506  -0.013831  -0.043436
 43   -0.034494   0.018763   0.001397   0.014333
 44    0.026615  -0.022945  -0.012227   0.008557
 45   -0.034216  -0.016507   0.017606   0.033117
 46   -0.020940  -0.009506  -0.008664   0.039109
 47    0.017171  -0.041507  -0.038028   0.062365
 48   -0.013227   0.048803  -0.021444  -0.014132
 49    0.051125  -0.001332  -0.041170  -0.008623
 50    0.001656   0.061277  -0.030076  -0.032856
 51    0.084507  -0.067387   0.002215  -0.019335
 52   -0.006681   0.013508  -0.011498   0.004670
 53   -0.044517  -0.037491   0.041290   0.040719
 54    0.028258  -0.034408  -0.016811   0.022961
 55    0.001920  -0.021024  -0.001249   0.020352
 56   -0.059960   0.014254   0.028100   0.017606
 57   -0.031719  -0.009287   0.031167   0.009839
 58    0.016781  -0.020061  -0.005089   0.008369
 59    0.032726   0.007816  -0.025080  -0.015462
 60    0.012905  -0.001061  -0.024332   0.012488
 61   -0.017792  -0.040227   0.042791   0.015228
 62   -0.004468   0.035300  -0.020590  -0.010242
 63    0.016367   0.030179  -0.046692   0.000147
 64    0.053002  -0.025162   0.001989  -0.029829