 pos  val_A      val_C      val_G      val_T    
  79  -0.021574  -0.022139  -0.004424   0.048138
  80   0.009188  -0.026233  -0.044258   0.061303
  81  -0.039113  -0.023848   0.108422  -0.045461
  82  -0.031921   0.014836   0.013438   0.003647
  83   0.037302   0.001624  -0.036580  -0.002345
  84   0.052505  -0.015064  -0.029155  -0.008287
  85  -0.035681  -0.033622   0.006161   0.063142
  86   0.000117  -0.013159  -0.019845   0.032887
  87  -0.016569   0.026440  -0.026604   0.016733
  88  -0.007364   0.037026  -0.008053  -0.021609
  89   0.014410  -0.005002   0.005321  -0.014728
  90  -0.003645  -0.052099   0.032896   0.022848
  91  -0.020229   0.055448   0.014533  -0.049752
  92   0.029334  -0.035810   0.005056   0.001420
  93  -0.006855  -0.027601   0.019260   0.015196
  94  -0.009125  -0.051131   0.044377   0.015879
  95   0.029270  -0.043592  -0.015208   0.029530
  96   0.003036  -0.045820   0.006743   0.036042
  97  -0.034629   0.030119  -0.001879   0.006390
  98   0.000532   0.016550  -0.010329  -0.006752
  99  -0.039488  -0.015868   0.021350   0.034006
 100   0.001466  -0.035959   0.073278  -0.038784
 101  -0.005463   0.005076   0.013007  -0.012620
 102  -0.046266  -0.008626  -0.011887   0.066779
 103   0.084894   0.004845  -0.041270  -0.048469
 104  -0.025946  -0.025501   0.001496   0.049951
 105   0.076720  -0.028893  -0.010516  -0.037311
 106   0.004084  -0.009853  -0.014428   0.020196
 107  -0.081724  -0.021052  -0.030862   0.133637
 108   0.016653  -0.009912   0.012348  -0.019089
 109   0.018630   0.007438  -0.017839  -0.008229
 110   0.013496   0.009647   0.008004  -0.031147
 111   0.015853   0.011921  -0.029403   0.001629
 112  -0.034386  -0.009065   0.045056  -0.001604
 113   0.033387   0.004614  -0.040399   0.002398
 114   0.005296  -0.001480  -0.012659   0.008843
 115   0.000835  -0.031320  -0.000396   0.030881
 116   0.016559  -0.013138  -0.000895  -0.002527
 117   0.014199  -0.010337  -0.013728   0.009866
 118   0.046885  -0.010543  -0.008376  -0.027966
 119  -0.030862   0.017355  -0.017179   0.030686
 120  -0.023859   0.000348  -0.011876   0.035386