 pos  val_A      val_C      val_G      val_T    
 71    0.026136  -0.029841  -0.007363   0.011068
 72   -0.005169   0.017661   0.004594  -0.017086
 73   -0.019427   0.000443   0.003052   0.015933
 74    0.034105  -0.018085   0.015209  -0.031228
 75    0.011597  -0.000980  -0.008496  -0.002121
 76    0.010709  -0.015715   0.010724  -0.005718
 77   -0.003143  -0.010268  -0.011852   0.025262
 78   -0.010044   0.023733   0.022168  -0.035857
 79    0.017737  -0.009291  -0.006370  -0.002076
 80   -0.004848   0.001684  -0.040446   0.043610
 81   -0.019050  -0.026447   0.108286  -0.062789