 pos  val_A      val_C      val_G      val_T    
  71   0.003460  -0.038942   0.017163   0.018319
  72  -0.025030   0.011050   0.014074  -0.000094
  73   0.003242   0.002814  -0.014580   0.008524
  74  -0.009980   0.000672  -0.006852   0.016161
  75  -0.006194  -0.000214   0.010162  -0.003754
  76   0.015998   0.001078  -0.003268  -0.013808
  77   0.013261  -0.015576  -0.013551   0.015866
  78   0.036203   0.009738   0.026543  -0.072485
  79   0.019069   0.035314   0.013102  -0.067485
  80   0.033912   0.029813  -0.078341   0.014616
  81  -0.020983  -0.042753   0.019680   0.044055
  82  -0.028205  -0.047169   0.063128   0.012246
  83  -0.005908  -0.007398   0.017663  -0.004356
  84  -0.018921   0.010466   0.017997  -0.009542
  85  -0.025918   0.016926   0.013478  -0.004486
  86  -0.014889   0.002445   0.034798  -0.022354
  87   0.002846   0.008291   0.005580  -0.016717
  88  -0.014679  -0.006573   0.001534   0.019718
  89   0.002914  -0.007158  -0.000426   0.004671
  90   0.002497   0.005434  -0.007688  -0.000243
  91   0.001141   0.009713  -0.016236   0.005382
  92   0.002591   0.005377   0.004446  -0.012415
  93  -0.039763   0.004887   0.018773   0.016103
  94   0.005314  -0.005966   0.011619  -0.010967
  95   0.006708  -0.002446   0.006852  -0.011113
  96  -0.020857   0.037693  -0.009318  -0.007517
  97   0.092920  -0.001758  -0.022467  -0.068695
  98   0.000501   0.008278  -0.033842   0.025063
  99   0.023174   0.019709   0.082719  -0.125602
 100   0.008227   0.011388  -0.013927  -0.005688
 101   0.010850  -0.035013   0.009073   0.015090
 102   0.031316   0.042442   0.018007  -0.091766
 103  -0.100384   0.037630   0.036945   0.025809
 104   0.022562   0.020263   0.022822  -0.065646
 105  -0.072074   0.018618   0.023937   0.029519
 106  -0.062026  -0.013916   0.085425  -0.009482
 107   0.020661   0.054978   0.020351  -0.095990
 108  -0.021904   0.020638   0.027340  -0.026073