 pos  val_A      val_C      val_G      val_T    
 101   0.042026   0.019245   0.005141  -0.066413
 102   0.027495   0.009335  -0.071827   0.034997
 103  -0.001798  -0.039982   0.020135   0.021645
 104   0.026015   0.010855   0.014676  -0.051546
 105  -0.053817   0.007839   0.027959   0.018019
 106   0.020588  -0.007589   0.037664  -0.050663
 107  -0.025657   0.010179   0.012396   0.003082
 108   0.015817  -0.017504  -0.013223   0.014911
 109   0.015285   0.053861   0.030238  -0.099384
 110  -0.018697  -0.006378   0.014580   0.010495