 pos  val_A      val_C      val_G      val_T    
  2   -0.006453   0.022907  -0.005575  -0.010879
  3   -0.021077  -0.013654   0.007605   0.027126
  4   -0.032199   0.029008   0.020835  -0.017643
  5    0.011548  -0.025981  -0.013434   0.027867
  6    0.038536  -0.022899  -0.001857  -0.013780
  7    0.021897   0.015700  -0.011010  -0.026587
  8    0.005300  -0.028183   0.033228  -0.010344
  9    0.013367  -0.016127   0.011002  -0.008242
 10   -0.015552   0.039699  -0.017930  -0.006216
 11   -0.039242   0.009930   0.017499   0.011813