 pos  val_A      val_C      val_G      val_T    
 84    0.081079   0.028771  -0.158565   0.048716
 85    0.038021   0.044318  -0.069236  -0.013104
 86   -0.030580  -0.026724   0.035433   0.021871
 87   -0.012174  -0.022439   0.018252   0.016361
 88   -0.015996   0.001999  -0.013245   0.027242
 89   -0.010722   0.050585  -0.045134   0.005271
 90   -0.023251   0.004553  -0.009432   0.028129
 91   -0.017410   0.006693  -0.028250   0.038967
 92    0.024380  -0.017557   0.017709  -0.024532
 93    0.013965  -0.019303  -0.000317   0.005655
 94    0.047784  -0.028792  -0.028851   0.009860
 95   -0.009228   0.026646   0.005481  -0.022899
 96    0.030024  -0.002231  -0.026322  -0.001471
 97   -0.001917  -0.027788   0.010906   0.018800
 98    0.024513   0.029821  -0.046269  -0.008065