 pos  val_A      val_C      val_G      val_T    
  73   0.005082   0.034901  -0.035559  -0.004424
  74  -0.012955   0.013867  -0.009653   0.008741
  75   0.002866   0.001595  -0.033742   0.029280
  76   0.006671   0.026914  -0.026447  -0.007137
  77  -0.066207   0.015711   0.044188   0.006307
  78   0.010671   0.015034  -0.006748  -0.018957
  79   0.049870   0.036183  -0.015526  -0.070528
  80   0.002019  -0.010607  -0.016031   0.024618
  81   0.047636   0.051915   0.026183  -0.125734
  82   0.047871   0.022003   0.004551  -0.074425
  83   0.032160   0.003161  -0.042606   0.007285
  84  -0.064235  -0.040889   0.169147  -0.064023
  85  -0.013084  -0.043232   0.055733   0.000582
  86   0.000851   0.055120  -0.036058  -0.019913
  87   0.037584   0.046781  -0.036717  -0.047647
  88   0.018755   0.033554  -0.002626  -0.049684
  89  -0.046696  -0.020059   0.041510   0.025245
  90   0.015341  -0.010254   0.041254  -0.046341
  91   0.000694   0.022642   0.009340  -0.032676
  92  -0.010148   0.026402  -0.040002   0.023748
  93   0.028703  -0.018791  -0.015334   0.005422
  94  -0.055719   0.043713   0.019163  -0.007157
  95  -0.027018  -0.003735  -0.000846   0.031599
  96  -0.033718  -0.017002   0.033847   0.016873
  97  -0.020311   0.026541  -0.037242   0.031012
  98  -0.068913   0.000276   0.044172   0.024465
  99  -0.041965   0.020913   0.045660  -0.024608
 100   0.006281  -0.020976  -0.002343   0.017037
 101   0.037280   0.046833   0.004245  -0.088358
 102   0.027253   0.008856  -0.062129   0.026019
 103   0.012788  -0.043366   0.004233   0.026345
 104   0.045040   0.025141   0.041591  -0.111772
 105  -0.085255   0.071890  -0.004206   0.017571
 106   0.000674   0.005234   0.017827  -0.023735
 107  -0.067077   0.057470  -0.024022   0.033629
 108  -0.045421   0.015050   0.022276   0.008095
 109   0.035665   0.042701   0.043723  -0.122089
 110  -0.057114   0.018951   0.029637   0.008525