 pos  val_A      val_C      val_G      val_T    
 84    0.063730   0.039594  -0.112949   0.009625
 85    0.028222   0.032881  -0.082073   0.020969
 86   -0.028935  -0.025812   0.030040   0.024708
 87   -0.002047  -0.012080   0.000162   0.013966
 88   -0.001406  -0.020956  -0.007156   0.029517
 89    0.003423   0.034186  -0.016905  -0.020704
 90   -0.008640  -0.016536   0.003093   0.022083
 91   -0.019774  -0.015957   0.002015   0.033716
 92    0.012814   0.008681   0.006939  -0.028433
 93   -0.010000  -0.003253   0.002555   0.010698
 94    0.015833  -0.026174   0.007499   0.002842
 95    0.019149  -0.015252  -0.007490   0.003592
 96    0.000769   0.009959  -0.002079  -0.008649
 97   -0.006325  -0.017459   0.025917  -0.002132
 98    0.020553   0.002943  -0.013931  -0.009565
 99    0.011339  -0.005313  -0.034552   0.028526