 pos  val_A      val_C      val_G      val_T    
  81   0.040670   0.048900   0.006278  -0.095849
  82   0.017969   0.048591   0.012031  -0.078591
  83   0.007835   0.022167  -0.042261   0.012259
  84  -0.057473  -0.049060   0.168290  -0.061757
  85  -0.061402  -0.028728   0.071356   0.018774
  86   0.024639   0.064116  -0.049071  -0.039684
  87   0.006161   0.048287  -0.040476  -0.013972
  88  -0.010004   0.047951   0.006681  -0.044627
  89  -0.006373   0.003156   0.013864  -0.010647
  90   0.016126  -0.016376   0.020161  -0.019911
  91   0.024531  -0.001465   0.017470  -0.040536
  92   0.014064   0.013144  -0.053108   0.025901
  93   0.000862   0.005618   0.009362  -0.015842
  94  -0.059223   0.031048   0.019671   0.008504
  95  -0.005020   0.010108  -0.016103   0.011015
  96  -0.015351  -0.009021   0.024627  -0.000256
  97   0.002055   0.022590  -0.017826  -0.006819
  98  -0.052677  -0.008463   0.038380   0.022761
  99   0.007624   0.010196   0.035404  -0.053224
 100   0.019152  -0.039972  -0.004339   0.025160
 101   0.023309   0.022782   0.007421  -0.053512
 102   0.011945   0.001424  -0.069845   0.056476
 103   0.025710  -0.039581  -0.010057   0.023928
 104   0.025359   0.040221   0.045153  -0.110733
 105  -0.047023   0.035503   0.000579   0.010941
 106   0.003445   0.022648   0.010034  -0.036128
 107  -0.044426   0.028633   0.002147   0.013646
 108  -0.005631   0.016259  -0.000376  -0.010252
 109   0.026706   0.021030   0.059785  -0.107521
 110  -0.042763   0.010597   0.037942  -0.005776
 111  -0.030033   0.008558   0.006378   0.015096
 112  -0.054149   0.028811  -0.011983   0.037321
 113   0.002839  -0.008860  -0.006303   0.012324
 114   0.042686   0.039617  -0.004306  -0.077997
 115  -0.011868  -0.012926   0.013342   0.011452
 116   0.026104  -0.041343  -0.018939   0.034178
 117  -0.040678   0.000768   0.009822   0.030088
 118  -0.009094   0.006712  -0.028120   0.030502
 119   0.028234  -0.022769  -0.008036   0.002571
 120   0.018611   0.020169  -0.033903  -0.004877