 pos  val_A      val_C      val_G      val_T    
 84    0.050125   0.058129  -0.153599   0.045345
 85    0.025752   0.030587  -0.076882   0.020543
 86    0.007504  -0.034033   0.028224  -0.001696
 87   -0.020195  -0.016570   0.030448   0.006317
 88   -0.003421  -0.016601  -0.010538   0.030561
 89   -0.001787  -0.007540   0.007719   0.001608
 90   -0.030800   0.019673  -0.011758   0.022885
 91    0.036637  -0.029990  -0.033433   0.026786
 92   -0.005730   0.005330   0.045023  -0.044623
 93    0.024300  -0.023917  -0.006633   0.006251
 94    0.016571   0.001422  -0.014314  -0.003679
 95    0.013052   0.001906   0.001769  -0.016727
 96    0.017438  -0.032246   0.016247  -0.001439
 97    0.004441  -0.011200   0.017268  -0.010510
 98    0.054491   0.004174  -0.045985  -0.012680