 pos  val_A      val_C      val_G      val_T    
 61    0.045648  -0.053285  -0.001234   0.008871
 62   -0.009062  -0.021054   0.001407   0.028709
 63   -0.020053   0.022730  -0.012169   0.009492
 64   -0.025051   0.007196  -0.014440   0.032295
 65    0.033726  -0.028948  -0.005936   0.001159
 66   -0.036499   0.010358   0.010925   0.015216
 67   -0.035050  -0.014609   0.084280  -0.034621
 68    0.004575   0.004748  -0.022961   0.013638
 69    0.016855   0.002998  -0.021683   0.001831
 70   -0.009386  -0.002096  -0.003864   0.015347
 71    0.002093   0.024720  -0.023264  -0.003549
 72    0.015204  -0.006744  -0.017288   0.008829
 73    0.023869   0.024649  -0.056047   0.007529
 74   -0.010725   0.006809   0.003589   0.000327
 75    0.008217  -0.008380  -0.023737   0.023900
 76    0.005551  -0.016552  -0.013426   0.024427
 77   -0.013171   0.039332   0.001233  -0.027393
 78    0.031782  -0.009344   0.006443  -0.028880
 79    0.001342  -0.016590   0.015718  -0.000470
 80    0.012540  -0.009457  -0.022548   0.019465
 81   -0.016148  -0.007756  -0.005393   0.029297