 pos  val_A      val_C      val_G      val_T    
 54    0.048052  -0.028637  -0.003327  -0.016088
 55    0.051225  -0.037604  -0.025194   0.011573
 56    0.003224   0.002631  -0.000663  -0.005192
 57   -0.001703  -0.021946   0.013752   0.009897
 58    0.007618  -0.020806  -0.012887   0.026075
 59    0.005910  -0.018398  -0.018485   0.030974
 60   -0.017774   0.001432  -0.023421   0.039763
 61    0.027179  -0.009880  -0.027221   0.009921
 62    0.009610  -0.030347   0.001490   0.019247
 63    0.011185  -0.004291  -0.021743   0.014850
 64   -0.024917   0.002342   0.015291   0.007284
 65    0.034576  -0.025511  -0.003547  -0.005518
 66   -0.039073   0.021792  -0.007595   0.024876
 67   -0.019877  -0.036120  -0.049428   0.105425
 68   -0.005621  -0.045609  -0.103817   0.155047
 69   -0.022394  -0.022318   0.066778  -0.022065