 pos  val_A      val_C      val_G      val_T    
  88  -0.030760  -0.029913  -0.018072   0.078746
  89  -0.024283  -0.031110   0.081665  -0.026272
  90  -0.056497   0.074329  -0.007018  -0.010814
  91  -0.034245  -0.030985  -0.026535   0.091765
  92   0.098774  -0.026225  -0.033326  -0.039224
  93  -0.050403  -0.008201   0.003654   0.054951
  94  -0.010564  -0.011211  -0.001447   0.023223
  95   0.027218   0.008661  -0.002218  -0.033661
  96  -0.031597  -0.017119  -0.015800   0.064517
  97   0.007183   0.006660   0.014763  -0.028606
  98   0.014362   0.005282  -0.001562  -0.018082
  99   0.011813  -0.017948  -0.004257   0.010391
 100  -0.014469  -0.004764  -0.007787   0.027020
 101  -0.008174  -0.012404   0.025214  -0.004636
 102   0.025664   0.006477  -0.012945  -0.019195
 103   0.042169  -0.014300  -0.010219  -0.017650