 pos  val_A      val_C      val_G      val_T    
 82    0.008116   0.036153  -0.027767  -0.016502
 83    0.033859  -0.012660  -0.020497  -0.000702
 84    0.012865   0.009077  -0.018112  -0.003830
 85   -0.010089  -0.010690  -0.027415   0.048194
 86   -0.079663   0.012938  -0.027495   0.094220
 87    0.045487  -0.039141   0.017732  -0.024078
 88   -0.023809  -0.013419  -0.028293   0.065520
 89   -0.034678  -0.040826   0.109957  -0.034453
 90   -0.043766   0.053746  -0.010056   0.000077
 91   -0.040810  -0.037866  -0.021673   0.100350
 92    0.092536  -0.032411  -0.037572  -0.022553
 93   -0.040161  -0.008600  -0.010826   0.059586
 94    0.001113  -0.022370   0.008639   0.012618
 95    0.016560   0.007548   0.004965  -0.029072
 96   -0.033968  -0.014780  -0.010998   0.059746