 pos  val_A      val_C      val_G      val_T    
 54    0.058612  -0.033789  -0.000995  -0.023828
 55    0.046374  -0.036166  -0.027525   0.017317
 56   -0.008053  -0.003303   0.013156  -0.001799
 57    0.005250  -0.031528   0.014040   0.012238
 58    0.026899  -0.025725  -0.011120   0.009946
 59    0.017838  -0.025922  -0.015873   0.023957
 60   -0.010622   0.002216  -0.022937   0.031343
 61    0.028417  -0.021702  -0.032961   0.026246
 62    0.004031  -0.018393  -0.005138   0.019499
 63    0.025022  -0.002419  -0.024516   0.001913
 64   -0.030572   0.011291   0.011553   0.007728
 65    0.012104  -0.029190   0.007015   0.010072
 66   -0.044175   0.031095  -0.003753   0.016832
 67   -0.021668  -0.044087  -0.051938   0.117693
 68   -0.012809  -0.050199  -0.104618   0.167626
 69   -0.029224  -0.031460   0.079273  -0.018590