 pos  val_A      val_C      val_G      val_T    
  54   0.050133  -0.021667  -0.013191  -0.015274
  55   0.030226  -0.019412  -0.021367   0.010552
  56  -0.000810   0.005091  -0.006315   0.002035
  57  -0.005837  -0.020736   0.013653   0.012920
  58   0.013703  -0.026329  -0.000041   0.012666
  59   0.005216  -0.015919  -0.014935   0.025639
  60  -0.035069   0.003632  -0.023077   0.054513
  61   0.022050  -0.019294  -0.032772   0.030016
  62   0.003955  -0.029326  -0.000464   0.025834
  63   0.018871   0.007232  -0.030307   0.004204
  64  -0.010460   0.006121   0.003880   0.000459
  65   0.029557  -0.036018  -0.006005   0.012466
  66  -0.053677   0.042048  -0.005264   0.016893
  67  -0.028032  -0.033252  -0.060806   0.122091
  68  -0.020066  -0.045284  -0.098158   0.163509
  69  -0.021833  -0.027695   0.073902  -0.024374
  70   0.062888   0.003697  -0.038605  -0.027980
  71   0.009677  -0.010680   0.052092  -0.051090
  72   0.037640   0.003432  -0.034314  -0.006758
  73  -0.016181  -0.024365   0.020046   0.020499
  74   0.015890  -0.007105  -0.016458   0.007673
  75   0.009744   0.001841   0.003395  -0.014981
  76   0.006885  -0.020788  -0.018905   0.032808
  77   0.001200   0.020277   0.013849  -0.035327
  78  -0.025876   0.006479   0.020708  -0.001312
  79  -0.017275   0.039660  -0.015547  -0.006839
  80  -0.012633  -0.003659   0.007234   0.009058
  81   0.024155  -0.016157  -0.003727  -0.004271
  82   0.020836  -0.003020  -0.023719   0.005903
  83   0.031271  -0.018103  -0.013951   0.000783
  84   0.009720   0.011724  -0.009140  -0.012304
  85   0.008655   0.026987  -0.060808   0.025166
  86  -0.096905   0.029205  -0.038870   0.106570
  87   0.076185  -0.059681   0.018726  -0.035231
  88  -0.038243  -0.050591  -0.039230   0.128064
  89  -0.058973  -0.049454   0.156976  -0.048549
  90  -0.020923   0.024550  -0.013056   0.009429
  91  -0.051780  -0.054978  -0.017249   0.124007
  92   0.129910  -0.031778  -0.054603  -0.043529
  93  -0.053217  -0.018882   0.005841   0.066257
  94  -0.033676  -0.016539   0.026645   0.023570
  95   0.045337   0.007890  -0.003414  -0.049812
  96  -0.050935  -0.021626  -0.033574   0.106134
  97   0.022760  -0.004462   0.027797  -0.046094
  98   0.026732   0.012891  -0.013371  -0.026253
  99  -0.003429  -0.026979   0.013599   0.016809
 100  -0.006090  -0.015341   0.016282   0.005150
 101  -0.000248  -0.012650   0.017656  -0.004758
 102   0.027989  -0.025483   0.010147  -0.012653
 103   0.032165   0.016400  -0.033778  -0.014788