 pos  val_A      val_C      val_G      val_T    
 105  -0.009787  -0.006130  -0.014171   0.030088
 106  -0.005828  -0.008927   0.014648   0.000107
 107   0.016932   0.022389  -0.022583  -0.016738
 108  -0.043129   0.051998  -0.005304  -0.003564
 109   0.014804  -0.004433  -0.032106   0.021736
 110   0.004289   0.003529  -0.009100   0.001282
 111   0.010051   0.019347  -0.026067  -0.003331
 112   0.016547  -0.045283  -0.003581   0.032318
 113  -0.003706   0.002590  -0.008077   0.009194
 114   0.023012  -0.005223  -0.021204   0.003415
 115  -0.023440  -0.010304   0.001922   0.031821
 116   0.008003  -0.007917   0.007365  -0.007451
 117  -0.000009  -0.011234   0.004035   0.007209
 118   0.000351  -0.019429   0.115416  -0.096338
 119   0.074060   0.000924   0.046687  -0.121670
 120  -0.019175   0.018659  -0.011757   0.012273
 121   0.012887  -0.020306   0.007945  -0.000526
 122  -0.067309  -0.022071   0.024205   0.065175