 pos  val_A      val_C      val_G      val_T    
 85   -0.003025   0.054684  -0.020287  -0.031372
 86    0.044502  -0.038532  -0.003192  -0.002779
 87    0.064522  -0.011085  -0.008736  -0.044701
 88    0.021512   0.003466  -0.007330  -0.017648
 89   -0.034433   0.008100   0.002002   0.024331
 90   -0.010240   0.021728   0.008627  -0.020114
 91    0.050079   0.017303   0.006480  -0.073862
 92    0.005198  -0.003745   0.002981  -0.004433
 93   -0.014569   0.030622  -0.009759  -0.006294
 94    0.017405  -0.019187   0.014552  -0.012771
 95    0.009669   0.016004   0.008344  -0.034017
 96   -0.013579   0.061280  -0.010921  -0.036780
 97    0.008976   0.018674  -0.046319   0.018669
 98   -0.008808   0.011735   0.014402  -0.017329
 99    0.020294  -0.063633  -0.027639   0.070978