 pos  val_A      val_C      val_G      val_T    
 75   -0.048374   0.040051   0.015795  -0.007471
 76    0.004429   0.030081   0.019656  -0.054166
 77    0.000642   0.002013  -0.004204   0.001549
 78    0.026401  -0.024732   0.010285  -0.011954
 79   -0.006825  -0.015224  -0.000839   0.022888
 80    0.000574  -0.003033   0.010713  -0.008255
 81    0.020729  -0.027755   0.008138  -0.001112
 82   -0.005829   0.015132  -0.000714  -0.008589
 83    0.003597  -0.003394  -0.019525   0.019322
 84   -0.035513  -0.028240   0.042560   0.021192
 85   -0.018434  -0.082204   0.009429   0.091209
 86   -0.091121   0.003176   0.025978   0.061967
 87   -0.065776   0.015185  -0.010081   0.060672
 88   -0.023802  -0.010387   0.016207   0.017982
 89    0.061351  -0.003808   0.008394  -0.065937
 90   -0.002104  -0.012643  -0.024538   0.039285
 91   -0.043697  -0.017852  -0.015757   0.077306
 92   -0.015908   0.009028  -0.016734   0.023613
 93   -0.001552  -0.045279   0.029544   0.017288
 94   -0.016870   0.037607  -0.021412   0.000676
 95   -0.006044  -0.039271   0.005750   0.039565
 96    0.021171  -0.086301   0.012453   0.052676
 97   -0.001850  -0.009141   0.042818  -0.031827
 98    0.042746  -0.024193  -0.035113   0.016560
 99   -0.025346   0.086832   0.003616  -0.065101