 pos  val_A      val_C      val_G      val_T    
 72    0.010371  -0.089517   0.040749   0.038398
 73   -0.022221  -0.013198   0.028463   0.006956
 74   -0.021597  -0.031779   0.028775   0.024601
 75    0.040157  -0.018158  -0.028516   0.006517
 76    0.010427  -0.012932  -0.055873   0.058378
 77   -0.005224   0.008515   0.009773  -0.013064
 78   -0.012935   0.022749  -0.030925   0.021112
 79    0.035200   0.020595  -0.040718  -0.015077
 80   -0.029010   0.003571   0.017198   0.008240
 81   -0.016239   0.019140  -0.008651   0.005750
 82   -0.041178   0.022351   0.012615   0.006212
 83   -0.020796  -0.003000   0.042280  -0.018484
 84    0.023377   0.020810  -0.007733  -0.036455
 85   -0.007689   0.059322   0.000720  -0.052353
 86    0.049720   0.020177  -0.017566  -0.052331
 87    0.056374  -0.012456  -0.018126  -0.025792
 88    0.015345   0.011780   0.005713  -0.032838
 89   -0.051616  -0.037617   0.012747   0.076485
 90    0.003156   0.027789  -0.013561  -0.017384
 91    0.054338   0.019340   0.017118  -0.090795
 92    0.004166  -0.019974   0.008937   0.006870
 93   -0.008362   0.024237  -0.032937   0.017062
 94    0.019689   0.008148  -0.006079  -0.021758
 95   -0.034003   0.028368   0.042111  -0.036476
 96   -0.012849   0.062107  -0.028851  -0.020408
 97   -0.017505   0.025968  -0.048195   0.039733
 98   -0.028507   0.031897   0.011469  -0.014858
 99    0.018549  -0.065259  -0.007493   0.054203