 pos  val_A      val_C      val_G      val_T    
 53    0.058946  -0.014703  -0.010363  -0.033880
 54   -0.006538   0.068088  -0.038417  -0.023133
 55   -0.004667  -0.010915  -0.009187   0.024768
 56   -0.056399  -0.016090   0.054130   0.018360
 57    0.019675  -0.059655   0.038681   0.001299
 58   -0.043571   0.004762   0.019065   0.019743
 59    0.025044  -0.043848  -0.014865   0.033670
 60    0.022254   0.059545  -0.031843  -0.049957
 61    0.097776  -0.023842  -0.056691  -0.017243
 62    0.029044  -0.039877   0.002277   0.008556
 63    0.067262  -0.064338  -0.042088   0.039163
 64   -0.001723  -0.007245  -0.014407   0.023375
 65   -0.027415  -0.005921  -0.016957   0.050293
 66    0.110602  -0.092008   0.064244  -0.082837
 67   -0.096737   0.060787   0.016066   0.019884
 68    0.014953  -0.036948  -0.015645   0.037639
 69    0.013719   0.075579  -0.069076  -0.020222
 70    0.000237  -0.000755  -0.001465   0.001983
 71   -0.014469   0.039202  -0.026759   0.002026
 72    0.006485   0.030060  -0.017358  -0.019187
 73   -0.075451   0.042671   0.008961   0.023819
 74    0.019678  -0.084713   0.073862  -0.008828
 75    0.000522   0.030115  -0.019286  -0.011351
 76   -0.037028   0.009719  -0.039949   0.067258
 77    0.057947  -0.010512  -0.019198  -0.028237
 78   -0.053378   0.017901   0.003844   0.031633
 79    0.045401   0.001974   0.047954  -0.095329
 80    0.029333   0.049180  -0.093508   0.014994
 81   -0.015503   0.029234  -0.023922   0.010191
 82    0.032670  -0.010793   0.000033  -0.021911
 83    0.029242  -0.027089  -0.038253   0.036100
 84   -0.065211   0.040559   0.053585  -0.028933
 85   -0.029222   0.060624  -0.023753  -0.007650
 86   -0.008145  -0.018200   0.008753   0.017592
 87   -0.004188   0.011276  -0.006736  -0.000353
 88    0.028336  -0.054245   0.003915   0.021995
 89    0.037705  -0.013179  -0.031621   0.007095
 90    0.001807  -0.040561  -0.023432   0.062186