 pos  val_A      val_C      val_G      val_T    
 131   0.004478   0.002369  -0.006887   0.000040
 132  -0.021233  -0.001067   0.004185   0.018114
 133  -0.002648  -0.007539  -0.004932   0.015119
 134  -0.010545   0.004862   0.006879  -0.001196
 135   0.010008  -0.005170   0.000488  -0.005326
 136  -0.000308   0.007440  -0.007092  -0.000040
 137   0.007624   0.003682  -0.007626  -0.003679
 138   0.015797  -0.008317   0.005006  -0.012486
 139  -0.008868   0.023258  -0.004489  -0.009900
 140   0.008618  -0.010405   0.002071  -0.000285
 141   0.008186  -0.007911  -0.002262   0.001988