 pos  val_A      val_C      val_G      val_T    
  73  -0.029053  -0.027141  -0.001602   0.057795
  74  -0.026098  -0.006860   0.038993  -0.006035
  75  -0.040401  -0.040400   0.052358   0.028442
  76  -0.004909   0.004020  -0.034367   0.035257
  77  -0.040784   0.023706  -0.018837   0.035916
  78  -0.050135   0.064740  -0.039310   0.024705
  79   0.043925  -0.020374  -0.019539  -0.004012
  80  -0.056201   0.039679  -0.011133   0.027655
  81   0.001931  -0.015290   0.035136  -0.021777
  82  -0.019799  -0.020330   0.033702   0.006426
  83  -0.011618   0.018453  -0.038090   0.031256
  84  -0.013937   0.012401   0.032510  -0.030974
  85   0.065687   0.002191   0.036668  -0.104546
  86   0.040689   0.010923  -0.015250  -0.036363
  87   0.022531  -0.043466  -0.022052   0.042987
  88   0.001409  -0.080350   0.038329   0.040612
  89  -0.058821  -0.010246   0.012533   0.056534
  90   0.014941  -0.023682  -0.023214   0.031955
  91   0.070992   0.006954  -0.042809  -0.035137
  92   0.020786  -0.076975   0.036455   0.019734
  93   0.009381   0.022940   0.026547  -0.058869
  94   0.058644  -0.044845  -0.001156  -0.012643
  95  -0.005810  -0.001308   0.031033  -0.023914
  96  -0.003125  -0.000647   0.026819  -0.023046
  97   0.004529   0.027382   0.000864  -0.032774
  98   0.046274   0.020563  -0.007075  -0.059761
  99   0.054855  -0.059558  -0.001458   0.006161
 100  -0.006877  -0.004159   0.004254   0.006783
 101  -0.051189  -0.022240   0.005789   0.067639
 102   0.032521  -0.037871   0.034038  -0.028688
 103  -0.024311  -0.067734   0.054745   0.037301
 104  -0.010425  -0.072965   0.075725   0.007666
 105  -0.048242   0.013887  -0.016650   0.051005
 106   0.010684  -0.006293   0.012438  -0.016829
 107  -0.002612   0.015239   0.000514  -0.013141
 108  -0.048842  -0.022773   0.067511   0.004105
 109   0.067693  -0.081109  -0.061292   0.074708
 110  -0.005449   0.029049   0.006340  -0.029939
 111  -0.056607   0.038454   0.017344   0.000809
 112  -0.023112  -0.027670   0.080941  -0.030159
 113  -0.041552   0.045937  -0.023085   0.018700
 114   0.018145  -0.006967   0.004573  -0.015751
 115   0.037188  -0.036357   0.019214  -0.020045
 116   0.009476  -0.048431   0.089685  -0.050730
 117   0.094678   0.011432  -0.059616  -0.046494
 118  -0.006081   0.008667  -0.017750   0.015164
 119  -0.024745  -0.004343   0.042311  -0.013223
 120   0.041775  -0.089876   0.011650   0.036452
 121   0.017066  -0.023446   0.029923  -0.023542
 122  -0.028238  -0.017427   0.039513   0.006152
 123  -0.040683   0.019955   0.014320   0.006407
 124   0.067817   0.014331  -0.027582  -0.054566
 125  -0.037694   0.062628   0.051927  -0.076861
 126  -0.004578   0.062402  -0.025440  -0.032384
 127   0.048425   0.041506  -0.093230   0.003299
 128  -0.032823   0.055444   0.023174  -0.045795
 129  -0.044722   0.023671  -0.044576   0.065627
 130   0.014199  -0.006251  -0.016445   0.008497
 131  -0.008183  -0.005063   0.063435  -0.050189
 132  -0.023788   0.029316  -0.018644   0.013117
 133   0.048637  -0.070958   0.004362   0.017959
 134  -0.061220   0.028636   0.008296   0.024288
 135  -0.010151   0.017113   0.040847  -0.047809
 136   0.018909  -0.009562  -0.013849   0.004502
 137  -0.016872  -0.087286   0.046438   0.057721
 138  -0.035394   0.034546   0.026952  -0.026105
 139   0.018483   0.014562  -0.041028   0.007984
 140  -0.005643  -0.009343  -0.010001   0.024986
 141  -0.015940   0.024676   0.024717  -0.033453
 142   0.075611  -0.076740   0.006501  -0.005372
 143   0.064661  -0.021395  -0.038936  -0.004331
 144   0.044991  -0.025498  -0.019780   0.000286