 pos  val_A      val_C      val_G      val_T    
  61   0.012213   0.005033   0.007710  -0.024955
  62  -0.004288   0.017485  -0.014797   0.001599
  63  -0.032415   0.023665   0.000850   0.007899
  64  -0.008624   0.010182   0.011167  -0.012725
  65  -0.016687  -0.009291   0.003642   0.022335
  66   0.015971  -0.015612  -0.006623   0.006263
  67  -0.001210  -0.004142   0.000713   0.004639
  68   0.002086  -0.015027  -0.007672   0.020613
  69   0.011746   0.019683   0.016078  -0.047507
  70   0.035890   0.006995  -0.020335  -0.022549
  71  -0.030321  -0.009203   0.023116   0.016408
  72  -0.007650  -0.016543   0.001004   0.023189
  73  -0.000697   0.028282  -0.010955  -0.016630
  74  -0.014610   0.002582   0.007682   0.004345
  75   0.008673  -0.003201   0.013213  -0.018685
  76   0.013127   0.006281   0.005592  -0.025000
  77  -0.009596   0.028681   0.023060  -0.042145
  78   0.004734   0.000159   0.007004  -0.011896
  79   0.003732  -0.003113  -0.012362   0.011743
  80  -0.001955   0.017695   0.005550  -0.021289
  81   0.024865  -0.011723   0.001335  -0.014477
  82  -0.032505   0.059849  -0.007262  -0.020082
  83  -0.001217  -0.014652  -0.010644   0.026513
  84  -0.015851   0.009919   0.010427  -0.004495
  85  -0.000980  -0.007656   0.011693  -0.003057
  86  -0.022712   0.026252  -0.049992   0.046452
  87  -0.009816   0.022603  -0.004747  -0.008040
  88   0.001572   0.025392  -0.008581  -0.018383
  89   0.012552   0.009919   0.025334  -0.047804
  90   0.022282  -0.012908   0.009753  -0.019126
  91   0.028881   0.008685  -0.027783  -0.009784
  92   0.007608   0.001860  -0.008716  -0.000752
  93  -0.015696   0.025919  -0.003658  -0.006565
  94  -0.001806  -0.010880  -0.000613   0.013300
  95  -0.009675  -0.006188  -0.000646   0.016508
  96   0.020041   0.028142  -0.027025  -0.021157
  97  -0.005250   0.018325   0.026894  -0.039969
  98   0.006737   0.022468  -0.007785  -0.021420
  99   0.008487  -0.018241   0.012138  -0.002384
 100  -0.005105   0.020444  -0.006167  -0.009171
 101   0.012841   0.010868  -0.022391  -0.001317
 102   0.026074  -0.022482   0.001097  -0.004688
 103   0.021180   0.032593   0.028848  -0.082621
 104   0.047230   0.048684  -0.022909  -0.073005
 105   0.020474   0.033885  -0.072823   0.018464
 106  -0.083649   0.028563   0.034363   0.020722
 107   0.023648  -0.034141   0.006507   0.003986
 108   0.012963   0.018769  -0.000133  -0.031598
 109   0.003863  -0.001061   0.034150  -0.036952
 110  -0.012855   0.007185   0.012247  -0.006577
 111   0.015267  -0.010942   0.007476  -0.011801
 112  -0.005729   0.011221   0.005369  -0.010861
 113   0.004614   0.011391  -0.003988  -0.012017
 114   0.018985  -0.014041  -0.011411   0.006467
 115  -0.003592  -0.010950   0.001396   0.013146
 116   0.003836   0.004953  -0.015843   0.007055
 117  -0.034504   0.016449   0.008441   0.009614
 118  -0.015974   0.011819  -0.016517   0.020672
 119  -0.050737   0.006258   0.018299   0.026180
 120   0.001200   0.027195  -0.009749  -0.018646
 121   0.014613  -0.026400  -0.018805   0.030592
 122   0.009888   0.017713   0.024712  -0.052313
 123   0.012100   0.026072  -0.057890   0.019717