 pos  val_A      val_C      val_G      val_T    
  89   0.014266  -0.007375   0.026424  -0.033315
  90   0.019558  -0.015715   0.016762  -0.020605
  91   0.027660   0.011031  -0.033379  -0.005312
  92  -0.009303   0.019829   0.000732  -0.011258
  93  -0.034236   0.030731   0.010851  -0.007346
  94  -0.031770  -0.003475   0.003507   0.031737
  95  -0.004278  -0.012056   0.001453   0.014881
  96   0.025319   0.017681  -0.015006  -0.027993
  97  -0.014090   0.010638   0.038452  -0.035000
  98  -0.005174   0.030546  -0.011911  -0.013460
  99  -0.000935   0.003652   0.006465  -0.009182
 100  -0.000057   0.018764  -0.024657   0.005950
 101   0.004101   0.042065  -0.043778  -0.002388
 102   0.028194  -0.049444   0.026911  -0.005661
 103   0.039778   0.041419   0.034104  -0.115301
 104   0.076073   0.071554  -0.065387  -0.082241
 105   0.027918   0.040767  -0.088311   0.019626
 106  -0.099270   0.035394   0.031144   0.032731
 107   0.030414  -0.065908   0.017673   0.017820
 108   0.013829   0.022558   0.022653  -0.059041
 109   0.003817  -0.029468   0.038415  -0.012764
 110  -0.011702   0.014620   0.010399  -0.013317
 111   0.014433  -0.025048  -0.005208   0.015824
 112   0.008030   0.022601  -0.000891  -0.029740
 113   0.051413  -0.031496  -0.006485  -0.013432
 114   0.031341  -0.027140   0.013564  -0.017766
 115   0.002455  -0.022437   0.014877   0.005105
 116   0.003344   0.011515  -0.009033  -0.005826
 117  -0.026428   0.013246  -0.010063   0.023245
 118  -0.032553   0.015204  -0.009297   0.026646
 119  -0.063682   0.017272   0.002073   0.044337
 120   0.005750   0.013518  -0.001805  -0.017463
 121   0.040026  -0.048550  -0.038740   0.047264
 122   0.017569   0.001427   0.049009  -0.068004
 123   0.019992   0.033314  -0.070278   0.016972
 124   0.014606   0.003983  -0.046250   0.027661
 125   0.033691  -0.005268   0.011425  -0.039847
 126   0.023833   0.034557  -0.007498  -0.050892
 127  -0.001253   0.001136   0.036626  -0.036509
 128   0.011056  -0.023470   0.010816   0.001598
 129  -0.040618   0.030691   0.007125   0.002801
 130   0.115424   0.066036   0.038028  -0.219488
 131   0.033378   0.023088   0.044215  -0.100681
 132   0.003621   0.001458   0.004039  -0.009118
 133  -0.021446   0.051296  -0.049283   0.019434
 134   0.034341  -0.000245   0.006008  -0.040104