 pos  val_A      val_C      val_G      val_T    
 70   -0.036247   0.010319   0.007300   0.018627
 71   -0.029200  -0.015089   0.009890   0.034399
 72   -0.013443   0.011861   0.022830  -0.021248
 73   -0.025214   0.001590  -0.025952   0.049577
 74    0.096345  -0.027051  -0.026311  -0.042983
 75    0.003936  -0.012818  -0.017898   0.026780
 76    0.041585  -0.019580  -0.023415   0.001410
 77    0.064712  -0.020416  -0.013315  -0.030981
 78   -0.026521  -0.015870   0.001459   0.040932
 79    0.019868  -0.034115   0.000986   0.013261
 80   -0.015594   0.023002  -0.007290  -0.000118
 81   -0.003592   0.008306  -0.002685  -0.002029
 82    0.024867   0.028712   0.030943  -0.084522
 83    0.038550  -0.012009   0.022427  -0.048967
 84   -0.000559   0.011371  -0.062072   0.051260
 85    0.039968  -0.005779   0.022224  -0.056412
 86    0.029861  -0.092554   0.046571   0.016121
 87   -0.021440  -0.016292   0.008893   0.028839
 88    0.031377  -0.020983   0.011602  -0.021997
 89   -0.062583   0.013803   0.031372   0.017408
 90    0.032740  -0.077593   0.013317   0.031535
 91   -0.081960   0.024897   0.026742   0.030321
 92   -0.039774   0.041844  -0.004562   0.002491
 93   -0.063445   0.033055   0.004903   0.025488