 pos  val_A      val_C      val_G      val_T    
 43   -0.013558  -0.042245   0.011997   0.043806
 44    0.008293  -0.011435  -0.029913   0.033055
 45   -0.014073   0.008365  -0.023198   0.028906
 46   -0.023895   0.011075   0.015244  -0.002423
 47    0.035083  -0.012643  -0.012712  -0.009728
 48   -0.021314  -0.009182   0.043576  -0.013080
 49    0.051525  -0.003506   0.001852  -0.049872
 50   -0.009219  -0.061087  -0.011974   0.082280
 51   -0.022680  -0.041563  -0.010955   0.075198
 52   -0.047793  -0.033387   0.096897  -0.015717
 53   -0.019345   0.081618  -0.038587  -0.023687
 54    0.013125  -0.019260  -0.002745   0.008880
 55    0.003610  -0.016555  -0.034154   0.047099
 56   -0.003015  -0.000064  -0.005580   0.008659
 57    0.002051  -0.029067   0.010630   0.016385
 58    0.010680  -0.005334  -0.002613  -0.002733
 59   -0.001885   0.011524  -0.020999   0.011360
 60   -0.048528   0.033217   0.043744  -0.028434
 61   -0.005785  -0.002656   0.007137   0.001303
 62   -0.005140   0.007686  -0.011509   0.008963
 63   -0.025749   0.035276   0.010378  -0.019905
 64    0.014601   0.002360  -0.027495   0.010533
 65   -0.021254  -0.003357  -0.006743   0.031353
 66    0.000820   0.014664  -0.009117  -0.006366
 67    0.076688  -0.040776  -0.027141  -0.008770
 68   -0.041350   0.017360  -0.008134   0.032124
 69   -0.010592   0.037951  -0.001506  -0.025852
 70   -0.011486  -0.006909   0.008456   0.009939
 71   -0.033279  -0.018743   0.044369   0.007653
 72   -0.018354   0.028760  -0.000622  -0.009784
 73   -0.058971  -0.013311  -0.006195   0.078478
 74    0.162548  -0.048908  -0.069160  -0.044480
 75    0.030236  -0.060340  -0.002148   0.032252
 76    0.045128  -0.027453  -0.025877   0.008202
 77    0.088554  -0.028733  -0.023385  -0.036435
 78   -0.075738  -0.025291  -0.013897   0.114927