 pos  val_A      val_C      val_G      val_T    
 71    0.040233   0.031197  -0.062341  -0.009089
 72    0.024196  -0.019793  -0.029942   0.025539
 73    0.057496  -0.012647   0.032234  -0.077083
 74   -0.159332   0.047956   0.059795   0.051581
 75   -0.031293   0.044792   0.020937  -0.034436
 76   -0.070966   0.029370   0.022846   0.018750
 77   -0.075227   0.031522   0.007965   0.035740
 78    0.055753   0.013881   0.027726  -0.097360
 79    0.004884   0.004511  -0.008913  -0.000482
 80    0.004222  -0.033261   0.020231   0.008808
 81    0.028916  -0.039568  -0.045334   0.055986
 82   -0.027305  -0.017809  -0.059670   0.104784
 83   -0.045451   0.007280  -0.040039   0.078211
 84    0.020592  -0.041364   0.051487  -0.030716
 85   -0.073263  -0.015533  -0.024650   0.113446
 86   -0.016783   0.079327  -0.027811  -0.034733
 87    0.038687   0.016450  -0.012238  -0.042899
 88   -0.061816   0.032514  -0.010779   0.040081
 89    0.126601  -0.011186  -0.074301  -0.041114
 90   -0.035937   0.080680  -0.027554  -0.017189
 91    0.088122  -0.039968  -0.032012  -0.016141
 92    0.074025  -0.079939   0.016133  -0.010220
 93    0.049150  -0.047325  -0.022657   0.020831