 pos  val_A      val_C      val_G      val_T    
 43   -0.006104  -0.049139   0.012584   0.042659
 44    0.016835  -0.018174  -0.017778   0.019117
 45   -0.003336  -0.011776  -0.015083   0.030194
 46   -0.017006   0.023855  -0.010578   0.003729
 47   -0.015976   0.001759   0.002317   0.011900
 48   -0.027892   0.011662   0.015867   0.000363
 49    0.032892   0.015001  -0.007215  -0.040678
 50   -0.004049  -0.042334  -0.011792   0.058175
 51   -0.033474  -0.036365  -0.013017   0.082856
 52   -0.012653  -0.037210   0.056412  -0.006549
 53   -0.014179   0.061637  -0.039317  -0.008141
 54    0.009590  -0.015807  -0.007834   0.014051
 55    0.005021  -0.016522  -0.015990   0.027491
 56   -0.024188   0.001041  -0.011209   0.034355
 57    0.020778  -0.036989   0.007692   0.008519
 58   -0.013160   0.005623   0.007202   0.000335
 59   -0.009543   0.011705  -0.008886   0.006723
 60   -0.042151   0.037919  -0.001560   0.005791
 61   -0.005379  -0.000882   0.013043  -0.006783
 62   -0.002423  -0.006763  -0.003694   0.012880
 63   -0.009484   0.038736  -0.007249  -0.022002
 64    0.009681  -0.011144   0.003558  -0.002094
 65   -0.020151   0.003093   0.013748   0.003310
 66   -0.015900   0.019025   0.010192  -0.013317
 67    0.057744  -0.008756  -0.010591  -0.038397
 68   -0.018665   0.018682  -0.036741   0.036724
 69    0.019736   0.036195  -0.030744  -0.025186
 70   -0.052735   0.003828   0.018115   0.030792
 71   -0.038837  -0.038277   0.059202   0.017911
 72   -0.028489   0.019910   0.031318  -0.022739
 73   -0.025036  -0.014521  -0.032787   0.072344
 74    0.122279  -0.048838  -0.022824  -0.050617
 75    0.029731  -0.024663  -0.029729   0.024662
 76    0.046421  -0.006108  -0.028475  -0.011838
 77    0.063801  -0.006650  -0.020506  -0.036644
 78   -0.034021  -0.013536  -0.012344   0.059900