 pos  val_A      val_C      val_G      val_T    
 64   -0.013544   0.042911   0.035299  -0.064667
 65   -0.011591   0.011724   0.007371  -0.007504
 66    0.006663  -0.001961  -0.010323   0.005621
 67   -0.047833   0.026023   0.007193   0.014617
 68    0.018690   0.009333  -0.081325   0.053302
 69    0.013374   0.042393  -0.076769   0.021002
 70   -0.055459   0.001886   0.035997   0.017576
 71    0.008576   0.002719  -0.004695  -0.006600
 72   -0.004361   0.007310   0.028112  -0.031061
 73   -0.013157  -0.001379   0.001559   0.012977
 74    0.006411  -0.019953  -0.008464   0.022006
 75    0.007500   0.014873   0.020921  -0.043294
 76    0.044745  -0.032993  -0.000665  -0.011087
 77    0.020102  -0.016674   0.050961  -0.054389
 78   -0.012798   0.005034  -0.024483   0.032246
 79   -0.042511   0.005594   0.018604   0.018314