 pos  val_A      val_C      val_G      val_T    
  99  -0.009330  -0.014354   0.038378  -0.014694
 100  -0.033006  -0.076374   0.002695   0.106685
 101  -0.006278  -0.036221   0.052700  -0.010202
 102  -0.020669   0.017026   0.022528  -0.018885
 103  -0.014292  -0.043715  -0.054302   0.112310
 104   0.113875  -0.046315  -0.058492  -0.009068
 105  -0.043259  -0.027049  -0.019388   0.089696
 106  -0.017450  -0.009701   0.007728   0.019424
 107   0.053859  -0.002770  -0.040537  -0.010552
 108  -0.023009  -0.023140  -0.027604   0.073753
 109   0.029010   0.009815  -0.023285  -0.015539
 110   0.009498  -0.029528   0.017808   0.002222
 111  -0.017794  -0.034570   0.020887   0.031477
 112   0.016568  -0.021677   0.014163  -0.009054
 113   0.002141  -0.008681   0.017891  -0.011350
 114   0.011550   0.005037   0.004077  -0.020663
 115   0.017122  -0.005989   0.001562  -0.012694
 116   0.000931   0.042206  -0.039589  -0.003547