 pos  val_A      val_C      val_G      val_T    
 118   0.006776   0.017040  -0.023797  -0.000019
 119   0.014597   0.018416  -0.014336  -0.018677
 120  -0.004051  -0.016167  -0.003843   0.024062
 121   0.010216  -0.037066   0.005790   0.021060
 122   0.010663   0.047202  -0.043822  -0.014043
 123   0.015110   0.007398  -0.024037   0.001528
 124  -0.001556  -0.011850   0.001214   0.012192
 125   0.005136   0.008555   0.004915  -0.018606
 126  -0.005124   0.013777  -0.018250   0.009596
 127   0.018983  -0.000393   0.001613  -0.020203
 128  -0.001811   0.018971   0.003864  -0.021024
 129   0.005389   0.002055  -0.004631  -0.002813
 130  -0.024394   0.010984   0.010140   0.003270
 131  -0.014933   0.020078  -0.014711   0.009566