 pos  val_A      val_C      val_G      val_T    
 115  -0.043695   0.055554  -0.045713   0.033854
 116   0.020050   0.013675  -0.026858  -0.006866
 117   0.010617   0.013083   0.016986  -0.040686
 118   0.004913  -0.013206   0.041900  -0.033607
 119  -0.000912   0.038911  -0.014539  -0.023460
 120  -0.026705   0.036338  -0.035123   0.025490
 121   0.031991   0.031977  -0.011944  -0.052023
 122   0.020013   0.022237  -0.057688   0.015438
 123   0.022236   0.012371  -0.054581   0.019975
 124   0.042393   0.111539   0.045071  -0.199002
 125  -0.065292   0.045566   0.009555   0.010171
 126   0.030629  -0.041485   0.002295   0.008560
 127  -0.005241  -0.006756   0.000278   0.011718
 128  -0.117600   0.017619   0.046951   0.053030
 129   0.015155   0.020016  -0.016463  -0.018708
 130  -0.031867   0.003531   0.006683   0.021653
 131   0.012187   0.012140   0.008845  -0.033173
 132  -0.019870   0.012609   0.028814  -0.021553
 133   0.021474  -0.012862  -0.002001  -0.006610
 134   0.008628  -0.003966  -0.006246   0.001584
 135  -0.045181   0.042481   0.005169  -0.002469