 pos  val_A      val_C      val_G      val_T    
 117  -0.019873  -0.008193  -0.015114   0.043180
 118  -0.009363   0.012607  -0.041338   0.038094
 119  -0.024393  -0.027368   0.024537   0.027224
 120   0.033514  -0.033637   0.029557  -0.029434
 121  -0.034292  -0.032976   0.011031   0.056237
 122  -0.020381  -0.010533   0.061546  -0.030633
 123  -0.019482  -0.025576   0.072591  -0.027533
 124  -0.054578  -0.115826  -0.053552   0.223956
 125   0.067500  -0.034409  -0.011032  -0.022059
 126  -0.028185   0.038412  -0.008716  -0.001511
 127   0.005419   0.011358   0.008682  -0.025458
 128   0.139804  -0.021392  -0.070107  -0.048304
 129  -0.025773  -0.029917   0.025937   0.029753
 130   0.031863  -0.022237   0.004170  -0.013796
 131  -0.016290  -0.038941   0.010123   0.045108