 pos  val_A      val_C      val_G      val_T    
 124   0.004078   0.070867   0.057743  -0.132688
 125  -0.037420   0.029608  -0.011150   0.018963
 126  -0.001740   0.011392  -0.020194   0.010542
 127   0.001503  -0.026639   0.024660   0.000476
 128  -0.101908   0.039234   0.065741  -0.003068
 129   0.050326  -0.021955  -0.006821  -0.021550
 130   0.006269   0.003890   0.000424  -0.010583
 131   0.004112   0.045850   0.015366  -0.065327
 132  -0.001724   0.013587   0.013506  -0.025369
 133   0.017670  -0.009904  -0.009714   0.001948
 134   0.036207   0.008380  -0.005038  -0.039549
 135  -0.056961   0.030818   0.023317   0.002827