 pos  val_A      val_C      val_G      val_T    
  97   0.049714  -0.010812   0.040587  -0.079489
  98  -0.014950  -0.040113   0.069968  -0.014906
  99  -0.009850  -0.100462   0.125522  -0.015210
 100  -0.023326  -0.046867   0.046883   0.023311
 101  -0.039821  -0.051417  -0.056964   0.148202
 102   0.146572  -0.070602  -0.034805  -0.041165
 103  -0.038886  -0.036813  -0.017600   0.093298
 104   0.089343  -0.030660  -0.026035  -0.032648
 105   0.126638  -0.038997  -0.061767  -0.025874
 106  -0.046290  -0.080080  -0.019332   0.145702
 107   0.021669  -0.056009   0.024570   0.009769
 108   0.002930   0.013624   0.001003  -0.017557
 109  -0.019890   0.014914  -0.063808   0.068783