 pos  val_A      val_C      val_G      val_T    
  70  -0.017367   0.045625  -0.020453  -0.007806
  71   0.002151  -0.001938  -0.003088   0.002876
  72  -0.003605   0.002139  -0.005859   0.007326
  73   0.023380  -0.012932   0.019613  -0.030061
  74   0.034934  -0.009561  -0.003340  -0.022032
  75  -0.004288   0.032094  -0.011940  -0.015866
  76  -0.000026   0.002768   0.013236  -0.015978
  77  -0.009380   0.046160  -0.015214  -0.021566
  78  -0.012940  -0.027210  -0.037139   0.077288
  79  -0.047060  -0.025290  -0.054751   0.127101
  80  -0.029693  -0.036112   0.107520  -0.041715
  81   0.078138  -0.007785  -0.031886  -0.038467
  82  -0.039377   0.089601  -0.030117  -0.020107
  83   0.037483  -0.031612  -0.011372   0.005501
  84   0.030250   0.007718  -0.049201   0.011233
  85  -0.008053   0.022411   0.011713  -0.026071
  86  -0.001809  -0.000911  -0.007607   0.010327
  87   0.011422  -0.012098  -0.003377   0.004053
  88  -0.004144   0.016099   0.017349  -0.029304
  89   0.001102  -0.022758   0.039188  -0.017532
  90  -0.017250   0.015837   0.002414  -0.001001
  91  -0.007897   0.031192   0.005521  -0.028816
  92  -0.016569   0.027425   0.005807  -0.016663
  93   0.001800   0.012421  -0.003434  -0.010786
  94   0.001903  -0.005783   0.004128  -0.000247
  95   0.008747  -0.008264  -0.011936   0.011453
  96  -0.008191   0.002455  -0.025879   0.031615
  97   0.050759  -0.033640   0.042063  -0.059182
  98   0.010679  -0.017651  -0.002937   0.009909
  99  -0.011514  -0.108314   0.098210   0.021618
 100  -0.032874   0.021634   0.040292  -0.029052
 101  -0.033197  -0.014216  -0.024336   0.071748
 102   0.064289  -0.023374  -0.022418  -0.018497
 103  -0.018872  -0.026376  -0.013715   0.058963
 104   0.066354  -0.027369  -0.026900  -0.012085
 105   0.076008  -0.022372  -0.034404  -0.019232
 106  -0.032589  -0.038592  -0.005945   0.077126
 107   0.001217  -0.032448   0.024258   0.006973
 108   0.002506   0.011104   0.012380  -0.025990
 109   0.011155   0.015163  -0.022657  -0.003662
 110   0.017696  -0.037988   0.025323  -0.005031
 111   0.009650  -0.008359   0.014024  -0.015315
 112  -0.007892  -0.024694  -0.003323   0.035910
 113   0.005990   0.009793   0.000287  -0.016070
 114   0.019245  -0.021533  -0.000588   0.002875
 115   0.033973  -0.028478   0.020876  -0.026371
 116   0.001312   0.007014   0.001249  -0.009576
 117   0.017206  -0.020052  -0.013029   0.015876
 118   0.037219  -0.012314  -0.008010  -0.016896