 pos  val_A      val_C      val_G      val_T    
  97   0.040655  -0.034698   0.052682  -0.058640
  98   0.024648  -0.026020   0.003699  -0.002327
  99  -0.031398  -0.099584   0.112593   0.018389
 100  -0.031713  -0.021268   0.066658  -0.013676
 101  -0.050468  -0.045324  -0.036138   0.131930
 102   0.110169  -0.027213  -0.046808  -0.036148
 103  -0.032484  -0.036773  -0.003690   0.072946
 104   0.076594  -0.022255  -0.037454  -0.016885
 105   0.125915  -0.031138  -0.061229  -0.033549
 106  -0.045329  -0.070382  -0.032048   0.147759
 107   0.025299  -0.044951   0.011442   0.008210