 pos  val_A      val_C      val_G      val_T    
 119   0.050170  -0.012856  -0.020732  -0.016582
 120  -0.014774  -0.021676  -0.039092   0.075543
 121  -0.001280  -0.014839  -0.003318   0.019437
 122  -0.018474   0.020572   0.010167  -0.012264
 123   0.021764  -0.009873  -0.027457   0.015566
 124  -0.013078   0.023417  -0.035503   0.025164
 125  -0.022154   0.010029   0.003765   0.008359
 126   0.008488  -0.009003  -0.008243   0.008758
 127  -0.011613  -0.025592   0.023257   0.013948
 128  -0.028177  -0.011852  -0.032752   0.072782
 129  -0.041323  -0.018779  -0.036573   0.096675
 130  -0.023651  -0.029398   0.104660  -0.051611
 131  -0.010123   0.020685  -0.001041  -0.009522
 132   0.029158  -0.016480  -0.008354  -0.004324
 133   0.038352  -0.019243  -0.065684   0.046575
 134  -0.005128  -0.011299  -0.013727   0.030154
 135  -0.035083   0.003293  -0.004823   0.036613
 136  -0.013995  -0.006167  -0.013790   0.033952
 137   0.007706   0.013642   0.011361  -0.032709
 138  -0.005103   0.040005  -0.031290  -0.003612
 139   0.006167  -0.002595   0.013359  -0.016931
 140   0.006457   0.008140  -0.009618  -0.004978
 141   0.006572   0.011804  -0.020630   0.002255
 142   0.011596  -0.000279  -0.005037  -0.006280
 143   0.020128  -0.043258   0.023886  -0.000755
 144   0.024618  -0.029406  -0.008509   0.013298