 pos  val_A      val_C      val_G      val_T    
  97   0.008422   0.030301   0.004497  -0.043219
  98  -0.006408  -0.007216   0.007474   0.006149
  99   0.018780   0.009491   0.035628  -0.063899
 100   0.028527   0.030447  -0.087919   0.028944
 101   0.062808  -0.042311  -0.007042  -0.013455
 102   0.030790   0.001419   0.017925  -0.050134
 103  -0.102524   0.029241   0.045518   0.027766
 104   0.014145  -0.003429  -0.006403  -0.004312
 105  -0.030548  -0.031977  -0.036288   0.098813
 106   0.024985  -0.054016   0.000959   0.028072
 107   0.018573   0.014304   0.008552  -0.041429