 pos  val_A      val_C      val_G      val_T    
  92   0.116877  -0.037825  -0.046533  -0.032520
  93  -0.014251  -0.011310   0.020423   0.005138
  94   0.024815  -0.003721   0.033568  -0.054662
  95   0.021982  -0.017439  -0.003227  -0.001315
  96  -0.012311  -0.011818   0.001286   0.022843
  97  -0.006956  -0.010826   0.018115  -0.000333
  98  -0.027561   0.042667  -0.009098  -0.006008
  99  -0.005835  -0.014293  -0.019314   0.039443
 100  -0.004616  -0.006663  -0.015866   0.027145
 101  -0.101410  -0.022132   0.104958   0.018584
 102   0.012211  -0.000140  -0.010594  -0.001477
 103   0.021580   0.016248  -0.015929  -0.021900
 104   0.024541  -0.009761  -0.018884   0.004103
 105  -0.026382   0.015615  -0.017806   0.028573