 pos  val_A      val_C      val_G      val_T    
  92   0.086856  -0.017556  -0.061045  -0.008255
  93   0.017306  -0.011324  -0.001217  -0.004765
  94   0.005269  -0.006722   0.008697  -0.007243
  95   0.005321   0.007160  -0.002633  -0.009848
  96   0.006051   0.001181  -0.008662   0.001431
  97  -0.002177  -0.023367   0.025672  -0.000129
  98  -0.011601  -0.015644   0.010567   0.016678
  99  -0.004069  -0.004080  -0.015483   0.023632
 100  -0.011800  -0.007805   0.001572   0.018032
 101  -0.112927  -0.011587   0.104296   0.020218