 pos  val_A      val_C      val_G      val_T    
  92   0.130976  -0.064995  -0.065167  -0.000814
  93   0.006925   0.003054   0.017709  -0.027688
  94   0.002804   0.005473  -0.001992  -0.006285
  95  -0.012573  -0.001914   0.018373  -0.003886
  96   0.010583   0.000320  -0.021187   0.010284
  97   0.007140  -0.032010   0.023099   0.001771
  98  -0.006593  -0.011193   0.025521  -0.007736
  99  -0.002013  -0.027357   0.000104   0.029266
 100   0.003628  -0.002515  -0.006311   0.005197
 101  -0.145355  -0.004639   0.108559   0.041435
 102   0.031921  -0.023385   0.007213  -0.015748
 103   0.006465   0.004297   0.027002  -0.037764
 104  -0.002171  -0.004395  -0.009535   0.016101
 105  -0.007989   0.007583  -0.015496   0.015902
 106   0.017646  -0.007286  -0.011577   0.001218
 107   0.000102  -0.018753   0.009890   0.008761
 108  -0.031117   0.047289   0.017868  -0.034040
 109  -0.018871  -0.007405   0.020175   0.006101
 110  -0.005411  -0.005373   0.004169   0.006615
 111   0.000151  -0.012193   0.001346   0.010696
 112   0.035286   0.019431  -0.002686  -0.052031