 pos  val_A      val_C      val_G      val_T    
 66    0.064303  -0.003204  -0.014188  -0.046911
 67   -0.042593   0.033471   0.005732   0.003389
 68    0.050352  -0.022802  -0.036520   0.008969
 69    0.026997  -0.035735   0.001671   0.007067
 70   -0.008698  -0.015598   0.046857  -0.022561
 71    0.028092  -0.007682  -0.032164   0.011754
 72   -0.020567  -0.005431   0.016420   0.009577
 73   -0.035842   0.005044   0.033190  -0.002392
 74   -0.012391  -0.000698  -0.021854   0.034943
 75    0.019261   0.021469  -0.005729  -0.035001
 76    0.047148   0.028850  -0.023241  -0.052757
 77    0.009436  -0.007581  -0.038602   0.036746
 78    0.043064   0.003064  -0.030469  -0.015659
 79    0.004983   0.013065   0.004779  -0.022827
 80   -0.012729  -0.027682   0.002051   0.038361