pos          info
        0  7.189783e-05
        1 -9.924849e-05
        2 -1.267613e-04
        3 -1.251974e-04
        4 -1.065203e-06
        5  2.213630e-05
        6  7.412208e-05
        7  1.777417e-04
        8  1.637568e-04
        9  1.152591e-04
       10  1.142721e-05
       11  7.491425e-06
       12  3.707292e-05
       13  4.201834e-05
       14  4.969406e-05
       15 -1.979142e-05
       16 -3.260531e-05
       17 -4.691365e-05
       18 -6.514149e-05
       19 -1.183707e-04
       20 -9.888128e-05
       21 -5.224922e-05
       22  1.080602e-05
       23 -2.358840e-05
       24 -2.677507e-05
       25 -2.117983e-05
       26 -1.208788e-06
       27  2.459001e-04
       28  2.291394e-04
       29  1.765388e-04
       30  3.445220e-05
       31  4.413586e-05
       32  9.546368e-05
       33 -1.573372e-07
       34  5.222543e-06
       35  2.104293e-05
       36 -1.445795e-05
       37  4.016290e-07
       38  3.833728e-05
       39  6.343593e-05
       40  2.339959e-04
       41  3.473292e-04
       42  4.817462e-04
       43  3.039485e-04
       44  1.949573e-04
       45  7.139408e-05
       46  8.172743e-06
       47 -1.067954e-04
       48 -1.079948e-04
       49 -2.090946e-05
       50  3.264220e-05
       51  1.540712e-04
       52  1.208191e-04
       53  1.246916e-04
       54 -1.086943e-05
       55 -2.535948e-06
       56  7.695920e-05
       57  6.145303e-04
       58  6.020186e-04
       59  3.538714e-04
       60 -1.754047e-04
       61 -1.676096e-04
       62  5.748408e-05
       63  6.407502e-05
       64  5.887023e-04
       65  1.164966e-03
       66  1.223315e-03
       67  1.112972e-03
       68  4.661138e-04
       69  6.813644e-04
       70  2.867006e-04
       71  3.084469e-04
       72 -4.307265e-04
       73 -6.166793e-04
       74 -6.495489e-04
       75 -5.040819e-05
       76  1.084240e-04
       77  1.300039e-04
       78  2.250011e-04
       79  5.754486e-04
       80  1.006940e-03
       81  6.485343e-04
       82  3.616598e-04
       83  1.733169e-04
       84  9.936345e-04
       85  1.194695e-03
       86  1.153542e-03
       87  4.628887e-04
       88  2.662976e-04
       89  7.185014e-05
       90  7.262167e-05
       91 -5.432640e-05
       92 -6.426275e-05
       93 -4.048761e-05
       94  9.071037e-05
       95  2.285058e-04
       96  2.465036e-04
       97  1.725341e-04
       98  4.053225e-05
       99  6.621448e-06
      100  4.593212e-05
      101 -5.777460e-06
      102  1.371115e-05
      103 -1.578773e-05
      104  1.647717e-03
      105  3.655511e-03
      106  3.935621e-03
      107  2.319457e-03
      108  2.768987e-05
      109  7.097149e-04
      110  1.025778e-03
      111  1.282030e-03
      112  2.815338e-04
      113 -5.909189e-05
      114 -5.287764e-05
      115 -5.637019e-06
      116  2.057347e-05
      117 -2.055021e-04
      118 -2.232359e-04
      119 -2.297218e-04
      120  6.157724e-05
      121  6.247106e-05
      122  9.166993e-05
      123  9.451283e-06
      124  1.799412e-05
      125 -8.285576e-05
      126 -1.414058e-04
      127 -2.203104e-04
      128 -1.675212e-04
      129 -1.080955e-04
      130 -3.803416e-05
      131 -9.256880e-06
      132  1.243388e-05
      133  7.104768e-05
      134  4.389394e-05
      135 -1.467012e-05
      136 -8.480116e-05
      137 -6.116298e-05
      138 -1.358539e-05
      139 -2.392509e-06
      140  4.199807e-05
      141  8.109276e-05
      142  7.984174e-05
      143 -1.329534e-05
      144  2.371158e-05
      145 -2.502294e-05
      146  1.001942e-04
      147  2.410431e-05
      148  4.614759e-05
      149 -2.741064e-05
      150  7.380729e-06
      151 -6.722010e-06
      152 -1.528257e-04
      153 -1.462313e-04
      154 -1.015064e-04
      155  4.537302e-05
      156 -3.557007e-05
      157  0.000000e+00
      158  0.000000e+00
      159  0.000000e+00