       pos          info
         0  6.096655e-05
         1 -3.723732e-05
         2  5.541040e-04
         3 -1.524438e-05
         4 -4.061111e-05
         5 -4.396498e-07
         6 -3.466998e-04
         7 -8.706698e-04
         8  6.174213e-06
         9 -3.051594e-04
        10 -7.522496e-04
        11 -1.305839e-04
        12  3.425753e-04
        13 -6.820441e-05
        14  4.443974e-03
        15  1.315926e-04
        16  1.488707e-04
        17 -8.379840e-06
        18 -4.140352e-04
        19 -3.822864e-06
        20  1.289246e-05
        21 -2.426357e-05
        22 -9.399657e-05
        23  7.391862e-05
        24 -3.607063e-07
        25 -3.285726e-05
        26  5.712112e-06
        27  8.278782e-04
        28  1.019117e-05
        29 -3.951442e-05
        30  1.793802e-05
        31 -3.691843e-06
        32 -7.520789e-05
        33  1.680443e-04
        34  2.165771e-04
        35 -1.055019e-04
        36 -6.848193e-05
        37  3.762830e-06
        38  6.371966e-06
        39 -1.400582e-04
        40  1.249455e-06
        41 -3.907352e-04
        42 -1.841366e-04
        43 -1.383514e-06
        44  4.026371e-07
        45 -2.550266e-04
        46  1.948477e-04
        47 -1.229264e-04
        48  4.953071e-06
        49 -1.694651e-04
        50 -1.029698e-04
        51  1.952443e-04
        52 -1.519788e-05
        53  6.017047e-05
        54 -3.324458e-06
        55 -1.261954e-05
        56  6.837153e-05
        57 -1.638379e-04
        58 -6.386632e-05
        59  4.025629e-04
        60 -1.635744e-05
        61 -2.208538e-04
        62 -5.933904e-06
        63  3.095285e-09
        64  6.546359e-06
        65  7.121556e-05
        66 -1.329279e-04
        67 -4.870307e-04
        68 -2.391300e-04
        69  1.509339e-04
        70 -1.457050e-04
        71 -2.855671e-05
        72 -8.485470e-07
        73 -4.232169e-05
        74  4.280471e-04
        75  1.627912e-05
        76 -1.979272e-05
        77  3.082193e-04
        78  4.011848e-04
        79  2.975562e-05
        80 -2.759498e-05
        81 -1.571007e-03
        82  3.637469e-04
        83 -2.571737e-04
        84  1.573317e-04
        85  5.943441e-06
        86 -8.257117e-05
        87  1.006998e-04
        88 -2.577761e-05
        89  2.599389e-04
        90  4.461928e-03
        91  5.322072e-06
        92 -8.590465e-05
        93  3.040730e-05
        94 -2.302036e-04
        95 -6.386622e-05
        96 -2.521761e-06
        97  2.694315e-04
        98  1.737367e-04
        99  4.497363e-04
       100  6.464251e-05
       101 -1.370936e-04
       102 -1.220439e-04
       103 -7.632565e-04
       104 -1.727798e-04
       105  1.856966e-04
       106  2.069106e-05
       107  1.572440e-04
       108  1.624020e-05
       109  2.690965e-04
       110  2.093161e-04
       111 -3.463172e-06
       112 -2.441781e-05
       113  1.759446e-05
       114  6.175582e-05
       115 -4.027977e-05
       116  8.010795e-05
       117  2.624773e-04
       118  5.547039e-05
       119 -8.145223e-05
       120 -2.766424e-08
       121  1.188992e-04
       122 -5.766737e-05
       123  2.239099e-03
       124  8.788732e-05
       125 -6.411374e-05
       126  1.356531e-07
       127 -1.609289e-05
       128  7.589522e-05
       129  5.219181e-04
       130 -2.642045e-05
       131 -2.226496e-05
       132  9.261707e-05
       133 -1.290315e-04
       134  1.076169e-04
       135  1.981171e-05
       136  8.567997e-05
       137 -1.588731e-04
       138  4.740070e-06
       139 -7.577509e-05
       140  6.416581e-05
       141 -1.111483e-05
       142 -4.583914e-05
       143 -2.737950e-08
       144 -2.974386e-06
       145  3.497918e-06
       146  9.543923e-04
       147 -3.946696e-06
       148 -7.270358e-05
       149  4.540640e-05
       150 -1.777498e-04
       151 -1.388114e-04
       152  4.289211e-04
       153 -3.406250e-04
       154 -1.227940e-04
       155 -1.698163e-04
       156 -3.373792e-05
       157 -2.548550e-04
       158 -9.671155e-06
       159 -3.622384e-05