 pos  info     
   0   0.000000
   1  -0.000020
   2   0.000708
   3  -0.000183
   4  -0.000019
   5   0.000089
   6  -0.000179
   7  -0.000630
   8  -0.000006
   9  -0.000182
  10  -0.000578
  11  -0.000015
  12   0.000077
  13  -0.000072
  14   0.002460
  15   0.000034
  16   0.000056
  17   0.000000
  18  -0.000239
  19  -0.000037
  20   0.000001
  21  -0.000068
  22  -0.000058
  23   0.000044
  24  -0.000003
  25  -0.000165
  26  -0.000191
  27   0.000368
  28   0.000017
  29  -0.000228
  30   0.000000
  31   0.000009
  32  -0.000007
  33   0.000263
  34   0.000019
  35  -0.000008
  36  -0.000196
  37   0.000001
  38   0.000017
  39  -0.000062
  40   0.000001
  41  -0.000221
  42  -0.000112
  43  -0.000015
  44  -0.000009
  45  -0.000349
  46   0.000257
  47  -0.000001
  48  -0.000114
  49   0.000000
  50  -0.000072
  51   0.000443
  52  -0.000075
  53   0.000001
  54  -0.000159
  55  -0.000002
  56   0.000015
  57  -0.000165
  58  -0.000008
  59   0.000121
  60   0.000001
  61  -0.000292
  62   0.000000
  63  -0.000129
  64  -0.000121
  65   0.000265
  66  -0.000019
  67  -0.000227
  68  -0.000259
  69   0.000174
  70  -0.000020
  71  -0.000055
  72  -0.000026
  73  -0.000037
  74   0.000152
  75   0.000001
  76  -0.000077
  77   0.000169
  78   0.000657
  79   0.000052
  80   0.000013
  81  -0.000749
  82   0.000139
  83  -0.000840
  84   0.000263
  85   0.000006
  86   0.000001
  87   0.000094
  88  -0.000153
  89   0.000479
  90   0.002855
  91  -0.000045
  92  -0.000103
  93   0.000016
  94  -0.000531
  95  -0.000029
  96   0.000005
  97   0.000128
  98   0.000124
  99   0.000814
 100   0.000079
 101  -0.000355
 102  -0.000100
 103  -0.000663
 104  -0.000149
 105   0.000031
 106   0.000115
 107   0.000194
 108   0.000078
 109   0.000079
 110   0.000361
 111   0.000010
 112   0.000037
 113   0.000019
 114   0.000149
 115  -0.000062
 116   0.000040
 117   0.000220
 118   0.000166
 119   0.000061
 120  -0.000158
 121   0.000060
 122  -0.000218
 123   0.002179
 124   0.000186
 125  -0.000104
 126  -0.000080
 127  -0.000001
 128   0.000010
 129   0.000290
 130  -0.000011
 131  -0.000121
 132   0.000235
 133  -0.000009
 134   0.000142
 135  -0.000025
 136   0.000603
 137  -0.000260
 138   0.000003
 139  -0.000052
 140  -0.000002
 141  -0.000194
 142  -0.000015
 143   0.000001
 144  -0.000030
 145  -0.000004
 146   0.000906
 147  -0.000003
 148  -0.000101
 149  -0.000001
 150  -0.000188
 151  -0.000121
 152   0.000922
 153  -0.000358
 154   0.000020
 155  -0.000087
 156  -0.000198
 157  -0.000014
 158  -0.000000
 159  -0.000136