       pos          info
         0 -5.719049e-05
         1  2.545386e-09
         2 -6.886369e-04
         3  4.844539e-05
         4  4.735227e-05
         5 -3.394490e-05
         6  4.953764e-04
         7  1.334102e-03
         8  6.246350e-06
         9  5.474717e-04
        10  1.167421e-03
        11  1.047231e-04
        12 -6.163259e-04
        13  1.424523e-04
        14 -6.263293e-03
        15 -4.020555e-04
        16 -2.192867e-04
        17  4.531886e-05
        18  1.870616e-04
        19  1.156251e-04
        20 -5.628072e-06
        21  5.628908e-06
        22  3.848269e-05
        23 -1.182876e-04
        24 -3.048988e-09
        25  4.522059e-09
        26 -4.857226e-05
        27 -2.801320e-04
        28 -6.103365e-07
        29  1.729505e-04
        30 -5.271300e-05
        31  3.037485e-09
        32  3.503185e-06
        33 -9.380773e-05
        34 -1.912209e-05
        35  1.203288e-04
        36  1.142695e-04
        37  2.548598e-05
        38 -6.928393e-05
        39  5.001230e-05
        40  4.308893e-05
        41  1.475820e-04
        42  1.442313e-04
        43  1.891590e-05
        44 -2.204806e-06
        45  3.041144e-04
        46 -6.207696e-04
        47  3.066866e-04
        48 -9.335216e-05
        49  2.061500e-05
        50  3.464509e-05
        51 -2.260725e-04
        52  2.024669e-05
        53 -7.512317e-05
        54  2.556262e-04
        55 -3.133252e-07
        56 -4.181935e-04
        57  5.828643e-04
        58  4.333111e-05
        59 -2.597828e-04
        60  1.306384e-04
        61  4.293426e-04
        62 -7.992938e-06
        63  1.203563e-04
        64 -1.190895e-06
        65  2.167683e-08
        66  6.915107e-05
        67  4.373187e-04
        68  4.014629e-04
        69 -3.025961e-05
        70  1.912620e-04
        71  1.262817e-06
        72 -2.746908e-07
        73  2.138231e-11
        74 -2.992126e-04
        75 -1.903606e-06
        76  2.058431e-05
        77 -1.826961e-06
        78 -5.096198e-04
        79 -2.912020e-05
        80 -1.839897e-07
        81  5.741006e-04
        82 -5.029817e-04
        83  5.314130e-04
        84 -4.050781e-05
        85 -2.701746e-07
        86  2.347247e-04
        87 -2.004693e-05
        88  1.687461e-06
        89 -7.614029e-05
        90 -2.694704e-03
        91  5.105876e-06
        92  9.165183e-05
        93 -8.762588e-06
        94  3.018513e-04
        95  1.208576e-04
        96  1.296822e-06
        97 -2.665289e-04
        98 -3.199927e-05
        99 -7.123442e-04
       100 -7.629534e-06
       101  1.169882e-04
       102  2.161491e-05
       103  1.059559e-03
       104  2.953007e-04
       105 -4.068882e-05
       106 -1.126322e-04
       107 -8.419270e-06
       108 -9.283748e-06
       109 -1.112620e-04
       110 -3.394899e-05
       111  1.015096e-08
       112  6.941415e-05
       113 -2.399252e-07
       114 -7.538199e-05
       115  5.489019e-05
       116 -5.961291e-06
       117 -8.651350e-05
       118 -3.561133e-04
       119  8.906940e-07
       120  1.240538e-04
       121 -1.369771e-05
       122  7.723437e-05
       123 -3.066770e-04
       124  2.678350e-06
       125  3.612932e-05
       126 -1.881623e-05
       127  4.274316e-05
       128 -1.522241e-06
       129 -7.021330e-05
       130  2.209283e-06
       131 -3.219999e-07
       132 -1.288553e-05
       133  1.360539e-05
       134 -3.724379e-04
       135 -2.235057e-05
       136 -8.767477e-05
       137  1.141164e-04
       138 -9.882192e-08
       139  1.201417e-06
       140  1.016219e-07
       141  7.497830e-06
       142  2.051188e-06
       143 -5.032550e-05
       144 -4.019851e-07
       145  5.779472e-05
       146 -6.329687e-04
       147 -1.066600e-08
       148  3.860363e-05
       149 -1.694306e-06
       150  3.240329e-04
       151  3.999084e-04
       152 -1.950964e-04
       153  2.383562e-04
       154  1.357515e-05
       155  4.108989e-04
       156  2.283838e-04
       157  4.124518e-04
       158  3.049308e-05
       159  6.682762e-05