       pos          info
         0  5.186845e-05
         1 -7.072626e-05
         2  1.642392e-04
         3 -5.840037e-05
         4  2.425058e-05
         5  8.794950e-06
         6 -2.387898e-04
         7 -1.033837e-03
         8 -3.072781e-07
         9 -2.000390e-04
        10 -2.138244e-04
        11 -2.521004e-04
        12  1.411875e-04
        13 -7.446205e-05
        14  4.179530e-03
        15  1.569206e-04
        16  1.240596e-04
        17  1.420584e-07
        18 -1.029791e-04
        19 -1.223023e-09
        20 -1.862585e-05
        21 -1.200535e-05
        22 -1.541199e-05
        23  1.268891e-04
        24  4.214363e-06
        25 -1.615250e-06
        26 -2.045030e-07
        27  2.806650e-04
        28  2.891086e-05
        29 -1.963285e-04
        30 -7.675212e-07
        31 -7.665787e-06
        32  8.960611e-06
        33  2.769824e-04
        34  1.080952e-04
        35 -1.363358e-06
        36 -2.031737e-04
        37  6.128815e-05
        38  1.148012e-05
        39 -1.145638e-05
        40  4.748858e-06
        41 -3.817709e-04
        42 -1.150803e-04
        43 -1.411592e-05
        44 -3.074463e-05
        45 -4.096854e-05
        46  4.573531e-04
        47 -9.503860e-05
        48 -2.077507e-07
        49 -2.624680e-05
        50 -8.323423e-05
        51  3.048758e-04
        52 -2.766647e-06
        53  2.171630e-05
        54 -2.929438e-05
        55 -9.609979e-05
        56  6.212367e-05
        57 -3.271210e-04
        58 -7.044804e-05
        59  3.901671e-04
        60 -3.852221e-06
        61 -1.109271e-04
        62 -3.648843e-07
        63 -5.370818e-05
        64 -9.167501e-12
        65  1.711779e-05
        66 -2.360966e-04
        67 -3.811865e-04
        68 -4.755069e-04
        69  7.099259e-05
        70 -2.728359e-05
        71  8.970084e-07
        72 -1.213512e-06
        73 -4.254862e-05
        74  2.992390e-04
        75  9.768989e-06
        76  3.945249e-07
        77  2.361504e-05
        78  1.832331e-04
        79  9.748374e-05
        80 -2.938496e-06
        81 -5.714865e-04
        82  7.954613e-05
        83 -5.269556e-04
        84  8.758976e-05
        85  7.550531e-07
        86 -1.608854e-05
        87  9.944204e-05
        88 -2.489765e-05
        89  2.825590e-04
        90  3.992236e-03
        91 -1.255565e-05
        92 -1.075842e-04
        93  9.928178e-06
        94 -2.009102e-04
        95 -2.465984e-04
        96  6.189645e-05
        97  2.666222e-04
        98  9.682382e-05
        99  1.041971e-03
       100  9.079022e-06
       101 -2.267766e-04
       102 -3.378066e-06
       103 -9.782098e-04
       104 -1.931511e-04
       105  2.818875e-05
       106  1.270532e-04
       107  1.050701e-04
       108  5.212070e-05
       109  2.269154e-04
       110  2.507951e-04
       111  2.610453e-05
       112 -2.762080e-05
       113  3.840264e-05
       114  1.900615e-05
       115 -8.457322e-05
       116  3.913329e-05
       117  8.766688e-05
       118  1.963749e-04
       119 -1.094925e-06
       120 -1.327578e-04
       121  9.421327e-06
       122 -1.029743e-04
       123  1.607795e-03
       124  4.551537e-05
       125 -2.332808e-06
       126 -1.726129e-05
       127 -3.011640e-06
       128  5.430691e-05
       129  8.545759e-05
       130 -2.390353e-05
       131 -5.981675e-06
       132  8.200193e-05
       133 -1.377131e-04
       134  7.965313e-05
       135  2.855624e-05
       136  1.024476e-04
       137 -1.360960e-04
       138  1.327313e-06
       139 -1.794709e-05
       140 -4.836339e-06
       141 -5.751084e-06
       142 -9.914173e-06
       143 -9.943848e-06
       144  1.154807e-06
       145 -1.006487e-06
       146  4.088768e-04
       147  4.419006e-06
       148 -7.311183e-07
       149  6.308251e-05
       150 -1.050804e-04
       151 -4.093444e-04
       152  3.987613e-04
       153 -1.811548e-04
       154 -1.042457e-04
       155 -1.039203e-04
       156 -2.716438e-04
       157 -1.618663e-04
       158  1.475408e-06
       159 -3.453429e-05