       pos          info
         0  1.022173e-05
         1 -3.568412e-04
         2  7.085046e-06
         3  1.313353e-05
         4  5.472308e-05
         5  6.571133e-05
         6 -2.164434e-05
         7 -1.920874e-05
         8  1.550832e-04
         9 -3.723445e-05
        10 -3.664704e-05
        11  1.197377e-04
        12  6.070365e-04
        13 -3.442815e-05
        14 -1.537279e-05
        15 -1.889335e-06
        16  2.393602e-05
        17  9.862786e-05
        18 -3.617496e-04
        19 -4.396306e-06
        20  4.496808e-05
        21  7.635155e-04
        22  3.166384e-04
        23 -1.059502e-05
        24  1.773951e-04
        25 -2.256366e-06
        26  1.139755e-04
        27 -1.116154e-04
        28 -2.994767e-05
        29 -2.742130e-04
        30 -1.225534e-04
        31 -2.396897e-05
        32 -5.774993e-05
        33 -4.489065e-05
        34 -3.789743e-07
        35 -1.006452e-04
        36  9.788582e-04
        37  6.798532e-05
        38 -1.817543e-04
        39  1.646945e-04
        40  1.609518e-04
        41 -1.353775e-04
        42 -3.497885e-05
        43  1.571262e-04
        44  7.823166e-06
        45 -3.851690e-05
        46  3.934062e-05
        47 -4.633346e-05
        48 -4.558079e-05
        49  1.650976e-04
        50  2.602535e-04
        51  2.379691e-03
        52 -1.649706e-05
        53 -1.503539e-05
        54 -3.197824e-05
        55  4.486588e-04
        56 -1.213338e-04
        57  1.977100e-04
        58 -8.307036e-05
        59 -4.316171e-05
        60  6.701844e-06
        61  1.189666e-05
        62 -2.686719e-05
        63 -2.146614e-06
        64  4.888235e-05
        65  5.794292e-05
        66 -4.717315e-05
        67 -3.886166e-04
        68  1.143429e-04
        69 -1.476747e-04
        70  2.203607e-05
        71 -9.499517e-05
        72  3.282862e-04
        73 -1.699106e-04
        74 -7.672807e-05
        75  1.345084e-05
        76  1.009419e-04
        77  1.348282e-04
        78 -1.887288e-05
        79 -4.032114e-05
        80 -2.773588e-05
        81 -7.017876e-05
        82 -1.000934e-04
        83  1.281600e-04
        84 -1.063513e-04
        85  2.438077e-05
        86  1.272211e-06
        87  1.655526e-06
        88  3.880774e-07
        89  2.374464e-04
        90  8.658952e-07
        91 -3.318672e-05
        92 -2.631823e-06
        93  6.979903e-06
        94 -3.120122e-04
        95 -1.827762e-04
        96 -1.712626e-07
        97 -3.916196e-05
        98  2.171312e-04
        99  5.601779e-08
       100 -5.085764e-06
       101 -4.542633e-05
       102  2.106146e-04
       103 -1.474446e-05
       104 -8.427199e-06
       105  2.288656e-06
       106 -9.767148e-05
       107  3.342681e-05
       108 -2.810615e-08
       109  1.115897e-03
       110  5.258186e-04
       111  4.839199e-05
       112  1.822104e-05
       113 -4.365605e-04
       114  6.279943e-05
       115  2.042652e-05
       116 -2.467991e-05
       117  1.605241e-04
       118 -6.090016e-05
       119 -1.927525e-09
       120 -2.259484e-04
       121  5.287986e-04
       122 -4.986622e-05
       123  3.550177e-05
       124  3.105880e-05
       125 -1.702651e-04
       126 -8.521422e-05
       127 -7.016919e-05
       128  2.812597e-05
       129  8.175772e-05
       130  6.640322e-05
       131  1.956403e-05
       132 -2.959268e-06
       133 -2.577882e-05
       134 -2.842328e-05
       135  1.544820e-05
       136 -1.627132e-05
       137  7.005592e-08
       138 -5.400759e-04
       139  7.100992e-06
       140  2.725936e-04
       141 -7.020324e-06
       142  2.614978e-04
       143 -6.311318e-04
       144 -2.732639e-05
       145  5.202281e-05
       146  1.433402e-04
       147  6.189904e-06
       148  2.418607e-06
       149  3.808607e-05
       150 -1.145301e-07
       151  1.441070e-04
       152  2.188510e-04
       153 -3.832749e-04
       154 -3.016829e-06
       155 -3.530457e-04
       156  8.181348e-06
       157  2.585724e-04
       158 -2.135122e-05
       159 -1.620088e-06