       pos          info
         0  3.616879e-05
         1  9.072510e-06
         2  2.188349e-05
         3 -7.188942e-05
         4  3.116353e-05
         5 -4.258509e-05
         6 -7.456226e-06
         7  3.829966e-06
         8  1.312555e-06
         9  9.182039e-07
        10 -2.075283e-05
        11  9.806216e-07
        12 -7.012440e-07
        13 -2.624664e-06
        14  3.356430e-07
        15  2.515726e-05
        16  3.559702e-06
        17  1.138246e-07
        18 -9.886293e-06
        19  2.605610e-06
        20 -1.249143e-05
        21  8.991909e-05
        22 -2.371027e-05
        23  6.877051e-05
        24 -2.199932e-06
        25 -6.119152e-07
        26 -1.566401e-05
        27  7.162236e-05
        28 -2.071525e-05
        29 -2.972421e-10
        30  3.808577e-06
        31  4.328666e-05
        32 -1.579628e-04
        33  4.205018e-05
        34  1.755516e-06
        35  4.660227e-07
        36  1.146885e-04
        37  3.936099e-05
        38 -2.598736e-07
        39  5.202361e-06
        40  3.139458e-05
        41  8.571800e-06
        42 -5.223039e-06
        43  9.313831e-05
        44  1.622842e-07
        45 -6.486823e-05
        46  9.498158e-05
        47  9.411152e-06
        48 -1.324376e-05
        49 -1.849663e-06
        50 -6.387508e-05
        51  3.547864e-07
        52 -2.240346e-05
        53 -7.750034e-06
        54  5.909347e-05
        55  4.952877e-05
        56  1.289211e-05
        57 -5.600273e-05
        58  5.275425e-05
        59  1.390304e-07
        60  3.346481e-05
        61  2.335811e-09
        62 -1.233859e-05
        63 -5.831302e-07
        64 -9.108429e-07
        65  6.066004e-07
        66  2.563230e-04
        67 -8.306707e-06
        68  3.208623e-05
        69  5.582615e-05
        70 -2.691813e-05
        71 -2.529784e-04
        72 -1.077798e-06
        73  1.195916e-07
        74  1.708651e-04
        75  2.604719e-07
        76 -1.008222e-05
        77 -4.743941e-06
        78  1.238292e-05
        79  1.413013e-04
        80 -7.413897e-07
        81 -9.170221e-04
        82 -6.258188e-05
        83 -5.292165e-05
        84  1.177432e-06
        85  1.751110e-09
        86  6.447902e-06
        87  2.211838e-06
        88 -3.237805e-05
        89  6.408822e-06
        90 -2.451625e-05
        91 -2.685601e-08
        92  2.339081e-05
        93  2.564389e-04
        94 -4.225196e-05
        95 -1.545606e-05
        96 -6.307652e-05
        97  2.476798e-06
        98 -1.658053e-05
        99 -4.169546e-06
       100 -7.355121e-08
       101 -5.815133e-06
       102  1.659801e-04
       103 -1.178640e-05
       104 -3.233629e-05
       105  2.265203e-04
       106 -8.664075e-05
       107  6.748387e-06
       108  8.719282e-07
       109  6.377217e-05
       110  6.325495e-05
       111  2.389328e-05
       112 -7.219383e-07
       113 -1.596654e-05
       114  7.707268e-07
       115  6.991186e-05
       116  2.122018e-05
       117  8.451141e-05
       118 -1.360382e-05
       119 -4.276659e-05
       120 -2.677377e-05
       121  1.008996e-06
       122  3.500735e-05
       123  7.648513e-05
       124  4.994460e-07
       125  3.996113e-05
       126  1.702905e-05
       127  1.136327e-04
       128  1.084200e-05
       129 -2.103433e-05
       130  5.224217e-09
       131 -1.579879e-06
       132 -1.708909e-05
       133  5.014650e-07
       134 -2.717696e-05
       135 -1.613873e-05
       136 -8.783021e-08
       137 -1.958830e-05
       138 -9.178523e-06
       139  3.522850e-06
       140 -2.186010e-06
       141 -6.270580e-06
       142 -4.180649e-05
       143 -6.241731e-05
       144 -6.626047e-06
       145  1.006609e-04
       146  2.016824e-04
       147 -1.970227e-05
       148 -3.507958e-06
       149  1.982715e-05
       150 -1.394668e-05
       151  8.849180e-05
       152 -6.105875e-05
       153 -3.181250e-05
       154 -1.367328e-05
       155 -1.184623e-06
       156 -2.395892e-05
       157 -6.659764e-06
       158  1.225491e-04
       159  1.983632e-08