       pos          info
         0  4.810532e-05
         1  1.009262e-05
         2 -2.601065e-06
         3 -1.204235e-05
         4  1.464718e-04
         5 -1.039242e-04
         6 -1.555937e-05
         7  1.081790e-04
         8  1.137640e-04
         9 -4.714659e-05
        10 -1.363018e-04
        11  7.766451e-05
        12  1.844863e-04
        13  4.948615e-06
        14  7.386809e-07
        15 -5.568573e-05
        16  6.977156e-05
        17  3.947148e-05
        18 -6.202460e-06
        19 -7.212442e-05
        20  4.106898e-05
        21 -1.586403e-05
        22  9.744533e-07
        23 -2.900601e-06
        24  3.117933e-05
        25  6.104192e-05
        26 -5.129785e-07
        27  1.329187e-04
        28  6.450015e-05
        29 -5.175178e-05
        30 -1.523528e-04
        31  4.347809e-04
        32  2.133191e-05
        33  4.444533e-05
        34  5.122048e-04
        35 -1.155674e-04
        36 -5.146556e-07
        37  4.700601e-04
        38 -2.680924e-04
        39  1.744498e-07
        40  2.004271e-06
        41 -1.046719e-04
        42 -3.100248e-04
        43 -1.946137e-04
        44  9.828670e-05
        45 -8.150450e-04
        46  2.539493e-05
        47 -1.590765e-03
        48 -8.962608e-05
        49  6.213477e-05
        50  1.331913e-04
        51  1.516520e-04
        52 -1.094181e-04
        53 -3.855174e-04
        54 -1.830167e-04
        55 -4.217440e-05
        56 -1.853577e-05
        57  7.004774e-04
        58  6.197779e-04
        59  1.839465e-04
        60  3.122115e-04
        61  6.082620e-04
        62  8.551404e-05
        63  5.841052e-04
        64  2.353593e-04
        65 -8.168614e-06
        66 -1.366597e-04
        67 -4.748135e-06
        68 -1.273804e-04
        69 -8.050126e-05
        70 -5.824139e-06
        71 -6.937949e-05
        72  4.992405e-05
        73 -3.337953e-05
        74  2.482253e-06
        75 -2.518378e-04
        76 -1.840307e-04
        77  2.435292e-06
        78  8.812720e-05
        79  1.649936e-03
        80  2.847161e-03
        81 -1.447414e-03
        82  7.357309e-04
        83  2.049957e-04
        84  4.310208e-04
        85  4.720814e-04
        86  2.008325e-06
        87 -4.445985e-05
        88 -1.340539e-05
        89 -1.904395e-04
        90 -6.754538e-05
        91  1.030357e-05
        92  2.111931e-05
        93  1.255020e-06
        94 -9.813609e-05
        95 -8.185686e-05
        96  1.090737e-04
        97 -4.104951e-04
        98  1.785381e-04
        99 -1.703836e-03
       100  9.147393e-05
       101  2.916467e-04
       102  1.479749e-03
       103  2.330804e-03
       104  6.123523e-04
       105 -4.726737e-04
       106 -6.963746e-04
       107  2.107117e-03
       108 -2.296388e-03
       109 -4.422358e-06
       110 -8.656594e-07
       111  3.679989e-05
       112  6.196478e-05
       113  3.911649e-05
       114  6.172339e-04
       115  4.613260e-08
       116 -4.556385e-05
       117  1.670175e-04
       118 -2.652351e-08
       119 -8.276820e-06
       120  1.102920e-04
       121 -1.526460e-05
       122  9.264389e-05
       123  2.327597e-05
       124  3.502608e-05
       125  5.180444e-05
       126  6.062954e-07
       127 -2.471308e-05
       128 -1.010716e-04
       129 -2.553523e-04
       130  1.175420e-05
       131 -1.759938e-04
       132  2.502640e-05
       133  3.015825e-04
       134  8.745619e-06
       135  4.186395e-06
       136 -1.749474e-05
       137 -9.051685e-05
       138 -1.869657e-05
       139 -8.878458e-08
       140 -3.374310e-04
       141  1.281261e-04
       142  8.396902e-05
       143 -6.178324e-06
       144  3.252532e-05
       145 -3.014410e-05
       146 -2.903222e-05
       147  8.360489e-04
       148  3.849992e-06
       149  5.228400e-07
       150 -7.166436e-07
       151  4.916788e-06
       152  1.008129e-04
       153 -1.486581e-04
       154 -4.173841e-05
       155 -2.703322e-05
       156 -1.172732e-05
       157  3.727161e-06
       158  2.960345e-05
       159  6.817401e-05