       pos          info
         0  2.128611e-05
         1 -1.362133e-05
         2 -3.477156e-07
         3  2.407731e-09
         4  1.741913e-06
         5 -2.237132e-06
         6 -1.528412e-04
         7  2.108420e-05
         8  4.923211e-04
         9 -3.204960e-05
        10 -9.356441e-05
        11  5.299059e-05
        12  3.304172e-04
        13  4.925230e-06
        14 -1.417163e-04
        15 -1.164071e-09
        16  4.369975e-09
        17  2.362392e-04
        18 -6.117987e-05
        19 -1.783209e-05
        20  2.900416e-05
        21 -1.052667e-05
        22  6.430498e-07
        23 -3.205599e-07
        24 -3.912740e-05
        25  1.220016e-04
        26  3.036817e-05
        27  7.655883e-05
        28  2.850064e-04
        29  3.917197e-05
        30 -2.744228e-05
        31  1.892029e-04
        32  3.884001e-05
        33  2.763073e-04
        34  3.665628e-04
        35 -7.167025e-05
        36  1.811363e-06
        37  1.002516e-03
        38 -7.261974e-05
        39  1.370293e-06
        40  4.674882e-05
        41 -1.024420e-04
        42 -3.422180e-04
        43 -7.897859e-05
        44  2.988130e-04
        45 -7.018419e-04
        46  2.597425e-05
        47 -2.553097e-03
        48 -3.493864e-06
        49  1.535645e-06
        50  3.579072e-05
        51  1.998786e-05
        52 -6.722888e-05
        53 -1.807196e-04
        54 -5.275997e-05
        55 -1.425214e-04
        56 -7.331950e-05
        57  4.729234e-04
        58  7.430346e-04
        59  9.053350e-06
        60  1.516178e-04
        61  4.151401e-04
        62  1.078858e-04
        63  4.890420e-04
        64  1.996020e-04
        65 -5.549421e-06
        66 -2.053173e-04
        67  8.862651e-06
        68 -7.150213e-05
        69 -2.185363e-04
        70 -1.791347e-04
        71 -6.930749e-06
        72  3.595284e-05
        73 -5.361291e-05
        74  3.178875e-08
        75 -1.100473e-04
        76 -3.459927e-05
        77 -1.326117e-05
        78  3.734113e-05
        79  1.948214e-03
        80  2.891770e-03
        81 -1.398740e-03
        82  3.420597e-04
        83  4.246716e-04
        84  3.757592e-04
        85  8.282690e-04
        86  1.543934e-04
        87 -1.478096e-05
        88 -1.621383e-05
        89 -1.704237e-04
        90 -3.885964e-05
        91  4.055230e-06
        92  1.018768e-04
        93 -5.122337e-05
        94 -2.531626e-04
        95 -2.846834e-04
        96  2.252645e-04
        97 -6.893715e-04
        98  1.116081e-04
        99 -1.707488e-03
       100  3.655290e-04
       101  1.285903e-04
       102  1.961927e-03
       103  2.433535e-03
       104  1.064903e-03
       105 -3.333956e-04
       106 -1.046695e-03
       107  3.890335e-03
       108 -4.634008e-03
       109 -1.749663e-05
       110 -1.286034e-07
       111  7.096905e-05
       112  3.736622e-05
       113  3.176360e-04
       114  1.999919e-04
       115  9.242895e-05
       116 -2.065366e-04
       117  3.567926e-05
       118 -7.424247e-06
       119 -9.167047e-06
       120  1.151595e-05
       121  3.207965e-07
       122  2.368641e-04
       123  3.287330e-05
       124  4.763731e-06
       125  1.854564e-04
       126  3.123600e-05
       127 -4.520122e-05
       128 -4.766544e-05
       129 -5.322271e-04
       130  2.324767e-05
       131 -1.747826e-05
       132  3.775256e-05
       133  9.788891e-05
       134 -8.030356e-05
       135  1.429857e-04
       136 -3.944165e-06
       137 -3.944307e-04
       138  1.300808e-05
       139 -3.459229e-05
       140 -1.828864e-04
       141  1.505801e-04
       142  2.190730e-04
       143 -6.506148e-05
       144  3.218733e-05
       145 -3.757003e-05
       146  9.362946e-09
       147  6.322967e-04
       148 -6.602726e-06
       149  8.598491e-05
       150 -1.639136e-06
       151 -1.905600e-05
       152  1.051501e-04
       153 -7.708621e-06
       154 -2.325607e-05
       155  3.298756e-05
       156 -2.332410e-04
       157 -4.432112e-05
       158  5.422030e-05
       159  2.637028e-06