       pos          info
         0  3.906326e-04
         1 -1.422603e-04
         2  1.468852e-04
         3 -2.606097e-06
         4  2.421396e-04
         5  1.598216e-05
         6 -4.568764e-06
         7  3.177764e-04
         8  9.155320e-04
         9 -3.019133e-05
        10  1.112720e-05
        11  8.656511e-05
        12  1.009903e-05
        13  4.367779e-05
        14 -5.353090e-05
        15  1.878764e-06
        16  5.679496e-05
        17  3.895020e-05
        18 -3.218587e-04
        19 -2.747426e-06
        20  9.686519e-06
        21 -1.030992e-04
        22  5.254877e-06
        23  1.664351e-06
        24 -1.585891e-04
        25 -1.672449e-05
        26  2.194761e-04
        27  1.817035e-05
        28  3.574594e-04
        29  1.285639e-06
        30 -3.307279e-07
        31  2.205748e-05
        32  7.382213e-06
        33  1.257804e-04
        34  5.146678e-04
        35  3.469848e-06
        36  1.562280e-04
        37  6.025010e-04
        38  1.362388e-04
        39  2.117928e-04
        40  1.298638e-05
        41 -4.872713e-06
        42  2.831560e-05
        43 -2.173346e-05
        44  5.501454e-05
        45 -1.701413e-05
        46 -9.530886e-06
        47 -4.879517e-04
        48  1.699160e-05
        49  4.485112e-05
        50  1.786793e-04
        51 -2.238295e-06
        52  2.485805e-04
        53  2.431903e-04
        54  5.130142e-05
        55  3.235994e-05
        56 -1.892149e-05
        57  5.385263e-05
        58  1.760014e-07
        59  2.048904e-04
        60 -7.117172e-05
        61  1.646567e-05
        62  9.511966e-05
        63  6.447676e-04
        64 -1.909875e-05
        65 -2.874339e-05
        66  6.945648e-05
        67  4.035229e-05
        68  6.139639e-05
        69 -1.940319e-04
        70 -1.207891e-05
        71 -1.698783e-04
        72  4.270911e-05
        73 -5.153316e-06
        74 -3.986417e-05
        75 -3.571570e-05
        76  3.058718e-05
        77 -1.667141e-04
        78  2.162654e-04
        79  1.578312e-04
        80  1.894275e-04
        81 -1.575071e-03
        82  1.726024e-04
        83  4.779046e-04
        84  6.140107e-06
        85  2.361682e-05
        86  7.356138e-04
        87 -1.337137e-05
        88 -3.379842e-05
        89 -5.919138e-05
        90  1.021559e-05
        91  6.404594e-04
        92  5.420655e-06
        93 -8.263996e-06
        94 -2.666250e-04
        95 -1.257535e-04
        96  2.400807e-05
        97 -1.448479e-04
        98 -3.267790e-06
        99 -1.733550e-03
       100  2.968988e-04
       101  3.228367e-06
       102  2.574856e-04
       103  7.860648e-05
       104  3.203077e-05
       105 -5.287273e-04
       106 -9.479680e-04
       107  5.554395e-04
       108 -2.938351e-03
       109  1.648437e-04
       110  1.291399e-05
       111  2.941803e-05
       112  2.039180e-05
       113  7.268091e-05
       114  1.351877e-04
       115  7.049064e-05
       116  8.298656e-07
       117  2.906662e-05
       118  3.701310e-06
       119  2.809090e-05
       120 -6.898672e-05
       121  2.374212e-05
       122  2.004141e-04
       123 -8.672364e-05
       124  4.735650e-05
       125  4.690859e-05
       126  2.925503e-05
       127  7.268909e-09
       128  3.472313e-05
       129 -1.555127e-05
       130  2.645271e-07
       131 -3.570355e-05
       132  1.043158e-06
       133  2.113435e-04
       134 -1.355522e-04
       135  1.593672e-04
       136 -8.822008e-06
       137 -2.160186e-04
       138 -1.377619e-04
       139 -9.187199e-05
       140 -5.450365e-05
       141  2.290233e-04
       142  1.029866e-04
       143 -7.192190e-05
       144  6.639994e-04
       145 -4.066682e-05
       146 -1.513551e-06
       147  1.523788e-04
       148 -4.788298e-05
       149  1.129951e-04
       150 -8.724047e-05
       151  6.410878e-05
       152  2.519553e-04
       153  8.603277e-05
       154  5.147385e-05
       155  4.384023e-04
       156 -2.866321e-04
       157  9.659269e-05
       158  2.551868e-04
       159  6.323250e-05