       pos          info
         0  3.424419e-04
         1 -8.901962e-05
         2  3.076597e-05
         3  1.659977e-05
         4  1.553686e-04
         5 -5.261031e-04
         6  1.854748e-05
         7 -1.289819e-03
         8 -3.484529e-06
         9 -1.205902e-05
        10  4.570515e-04
        11 -3.485043e-06
        12  6.275632e-06
        13  7.232427e-04
        14 -1.650731e-04
        15  1.748387e-04
        16  1.233845e-05
        17  7.188049e-04
        18 -4.247368e-04
        19  1.828396e-04
        20  4.600545e-05
        21  6.292777e-05
        22  6.766036e-05
        23 -2.999584e-06
        24 -1.027980e-05
        25  1.870935e-04
        26  1.562583e-05
        27  7.650239e-05
        28 -6.140758e-05
        29  3.319110e-04
        30  1.220641e-05
        31  6.872278e-05
        32  2.217459e-04
        33  2.574756e-05
        34 -8.933426e-05
        35  4.276415e-05
        36  4.330182e-05
        37 -6.206362e-04
        38  9.470974e-05
        39 -2.547474e-03
        40  3.259621e-05
        41 -3.891972e-05
        42 -3.031904e-04
        43 -1.523775e-05
        44  2.406850e-05
        45 -1.557837e-04
        46 -2.448070e-07
        47 -1.237338e-04
        48  3.656167e-05
        49  1.544779e-05
        50 -8.327558e-06
        51 -4.049347e-05
        52  1.252465e-05
        53  9.892012e-05
        54  4.408534e-04
        55 -2.766120e-05
        56 -3.447209e-05
        57 -1.967670e-05
        58  4.463530e-05
        59 -2.167982e-05
        60 -1.746736e-07
        61  3.035707e-04
        62  9.572627e-05
        63  4.044715e-05
        64  7.311831e-05
        65  7.344643e-05
        66  6.725694e-06
        67 -4.837437e-04
        68  7.502429e-04
        69 -1.716345e-04
        70 -8.518469e-05
        71 -6.460874e-07
        72 -9.759406e-05
        73 -2.469837e-05
        74  2.170087e-05
        75  9.315889e-05
        76 -6.051170e-05
        77 -3.248706e-04
        78  4.586358e-04
        79  8.803585e-04
        80  2.067092e-04
        81  3.049513e-04
        82 -5.509479e-06
        83 -4.636181e-05
        84  2.194499e-04
        85 -3.746243e-05
        86  4.161157e-04
        87 -3.090188e-05
        88 -6.171116e-05
        89 -2.888120e-05
        90  2.560534e-07
        91 -1.372813e-06
        92  1.149506e-04
        93  5.865474e-05
        94 -8.657319e-05
        95  9.579794e-07
        96 -4.635524e-04
        97 -6.898613e-05
        98 -1.862158e-06
        99  5.165130e-04
       100 -2.191727e-04
       101 -1.305558e-04
       102  1.753818e-04
       103  9.259317e-05
       104 -8.939770e-05
       105 -2.104536e-06
       106  4.599132e-04
       107  1.094164e-04
       108  1.512248e-06
       109  5.133770e-06
       110 -5.664097e-05
       111 -1.523301e-04
       112 -7.571073e-05
       113 -4.230196e-05
       114  3.537180e-05
       115 -1.347210e-04
       116  1.143634e-05
       117 -3.389255e-05
       118  7.500341e-04
       119 -1.574795e-04
       120  7.501863e-05
       121  3.130466e-04
       122  5.259761e-04
       123  1.736103e-04
       124 -6.209628e-05
       125 -9.542475e-05
       126  6.530343e-05
       127 -4.741104e-04
       128  4.732405e-08
       129  5.047758e-05
       130  3.023695e-05
       131  1.962688e-04
       132 -9.751952e-05
       133 -4.489936e-05
       134  5.778924e-04
       135  5.510513e-05
       136  3.031435e-05
       137 -8.211132e-05
       138  1.108998e-04
       139  7.908068e-05
       140 -1.482054e-06
       141 -9.072713e-07
       142 -2.453114e-05
       143  1.163466e-04
       144 -2.615493e-05
       145 -6.237228e-04
       146 -1.247964e-05
       147  1.128511e-05
       148  4.116301e-04
       149 -3.109087e-04
       150  2.970329e-04
       151  7.351080e-05
       152  1.969995e-05
       153 -1.493981e-04
       154  4.754182e-04
       155 -7.826888e-05
       156  1.121279e-04
       157 -6.191864e-05
       158  2.250030e-06
       159 -6.229993e-05