       pos          info
         0  6.997853e-07
         1  2.990199e-05
         2 -3.059211e-06
         3  4.132669e-05
         4 -3.355697e-04
         5  3.545534e-05
         6 -3.122879e-05
         7  9.815881e-04
         8 -7.748668e-06
         9  2.634417e-04
        10 -3.349049e-06
        11 -2.935450e-04
        12 -8.648665e-06
        13 -1.801885e-04
        14  1.759473e-06
        15 -2.361328e-05
        16 -7.524671e-05
        17 -1.839100e-04
        18  1.196756e-04
        19 -1.559900e-04
        20 -1.314751e-07
        21 -4.234063e-04
        22 -1.882342e-04
        23  4.096297e-05
        24  1.914553e-04
        25  2.555900e-04
        26 -1.427198e-04
        27  7.726617e-06
        28 -5.113823e-05
        29 -2.317484e-04
        30  1.584280e-05
        31  8.392538e-06
        32 -7.821938e-06
        33 -1.330292e-05
        34 -2.059604e-05
        35 -8.519266e-06
        36  5.113349e-06
        37  1.551882e-04
        38 -6.232930e-05
        39  2.089858e-03
        40  1.326620e-05
        41  3.394050e-04
        42 -6.696561e-05
        43 -9.490627e-06
        44 -5.365110e-05
        45  5.844633e-06
        46  1.503552e-04
        47 -6.662277e-07
        48 -3.558638e-04
        49  4.260539e-06
        50  1.036062e-04
        51  1.226818e-04
        52  5.207842e-05
        53 -5.487826e-05
        54 -2.973175e-04
        55 -3.008152e-06
        56  2.688413e-04
        57 -2.322255e-04
        58  9.554533e-06
        59  8.782222e-04
        60 -1.728623e-05
        61 -2.547686e-05
        62  9.007958e-07
        63 -7.785215e-06
        64  1.698458e-04
        65 -1.202428e-05
        66  1.541625e-05
        67  1.053039e-04
        68 -1.179830e-04
        69 -7.543054e-06
        70  1.676909e-04
        71  1.210304e-05
        72  2.735114e-04
        73  4.127331e-06
        74 -1.571178e-04
        75 -6.016045e-04
        76 -1.562976e-04
        77  1.298438e-03
        78 -2.051717e-05
        79 -1.282217e-05
        80  2.230160e-04
        81  1.315193e-07
        82  2.704750e-05
        83 -1.738605e-04
        84 -2.072649e-05
        85 -4.530737e-05
        86 -1.417383e-06
        87  8.624588e-06
        88 -1.201392e-04
        89 -2.184573e-05
        90 -4.558528e-08
        91  3.551260e-06
        92  2.859980e-06
        93 -2.784468e-06
        94  7.196540e-04
        95  4.434266e-05
        96  2.330454e-04
        97  2.421693e-05
        98  3.277212e-05
        99 -1.073896e-05
       100 -2.307597e-06
       101 -2.413040e-05
       102 -2.683071e-05
       103  1.223371e-04
       104 -1.028967e-04
       105  4.688807e-05
       106 -3.729377e-04
       107 -5.648977e-05
       108  1.042053e-05
       109  5.096916e-04
       110  5.584132e-06
       111  5.253709e-04
       112  3.112489e-05
       113 -6.009397e-06
       114 -2.436046e-05
       115 -2.784846e-05
       116 -3.236834e-05
       117  7.110590e-06
       118 -9.421109e-05
       119  1.396673e-04
       120  1.666581e-06
       121 -1.024221e-04
       122 -1.401795e-04
       123 -5.793241e-05
       124  2.149388e-06
       125  2.167660e-05
       126 -1.944874e-05
       127  1.614188e-04
       128 -1.587482e-04
       129 -6.120812e-05
       130  2.080914e-04
       131  6.276820e-06
       132 -2.961583e-05
       133 -2.343997e-05
       134 -1.881225e-04
       135  7.158847e-06
       136 -1.786730e-06
       137 -1.829789e-04
       138 -3.399311e-05
       139 -1.222561e-06
       140  4.172761e-05
       141 -6.657959e-06
       142  3.351338e-04
       143 -1.366858e-05
       144 -2.201030e-04
       145  7.836362e-05
       146  1.345019e-05
       147 -4.958666e-05
       148 -1.549644e-05
       149  3.234043e-04
       150  9.802820e-08
       151  2.081518e-04
       152 -1.356883e-05
       153 -1.946339e-05
       154  9.676536e-09
       155  2.029172e-04
       156  6.523765e-05
       157 -3.242416e-05
       158  2.972578e-04
       159  7.486576e-06