       pos          info
         0  1.958057e-04
         1  2.125328e-05
         2  3.468310e-04
         3 -9.554326e-05
         4  4.449293e-04
         5 -1.394918e-06
         6  5.717678e-05
         7 -1.050454e-03
         8  4.020766e-05
         9 -2.767390e-04
        10  1.018019e-04
        11  3.509497e-04
        12 -1.396193e-06
        13  4.310386e-04
        14 -7.675701e-05
        15 -1.917273e-05
        16  1.421877e-04
        17  5.754086e-06
        18 -1.765899e-04
        19  2.360826e-04
        20 -3.810045e-08
        21  1.441740e-04
        22  1.899716e-04
        23 -8.321993e-06
        24 -5.748681e-05
        25 -2.697994e-04
        26  7.631048e-05
        27  1.893564e-06
        28  9.234716e-05
        29  5.262122e-04
        30  3.274705e-07
        31  1.914860e-04
        32  1.181160e-04
        33  5.848754e-06
        34  9.699906e-05
        35 -4.185749e-07
        36 -3.175478e-07
        37 -1.167120e-04
        38  9.812684e-05
        39 -4.309632e-03
        40 -1.732686e-05
        41 -7.585365e-04
        42  2.431550e-04
        43  1.569870e-04
        44  4.266675e-05
        45 -1.560820e-04
        46 -2.327254e-04
        47  5.136601e-05
        48  6.748015e-04
        49  1.144579e-06
        50 -2.303485e-04
        51 -2.815962e-04
        52 -6.845145e-05
        53  2.584196e-04
        54  4.432623e-04
        55 -2.084038e-05
        56 -1.421515e-04
        57  4.326361e-04
        58  1.973556e-08
        59 -1.368592e-03
        60  6.480335e-05
        61 -4.822469e-07
        62  1.346366e-05
        63  2.078215e-04
        64 -2.538347e-06
        65  3.167031e-08
        66  1.261453e-04
        67 -2.110975e-04
        68  5.685488e-05
        69 -1.882902e-05
        70  8.435801e-09
        71  2.136580e-07
        72 -2.802497e-04
        73 -6.226398e-05
        74  1.464051e-05
        75  1.219800e-04
        76  4.452316e-07
        77 -1.823800e-03
        78  1.024053e-04
        79  3.979690e-04
        80 -6.776003e-05
        81 -1.350867e-05
        82  8.478516e-06
        83  8.543687e-05
        84  1.099644e-05
        85  2.213028e-06
        86 -3.280647e-06
        87 -4.746097e-06
        88  4.718288e-06
        89 -2.092013e-06
        90  1.278502e-04
        91 -1.352833e-05
        92 -3.303257e-05
        93  5.623670e-07
        94 -4.255879e-04
        95 -3.194769e-06
        96 -5.672984e-05
        97 -1.041476e-04
        98  3.155787e-05
        99  8.423305e-05
       100 -9.602744e-06
       101  1.735482e-04
       102  5.336018e-07
       103 -1.188137e-04
       104  1.799368e-05
       105  7.063457e-06
       106  3.187115e-04
       107  7.853289e-05
       108  4.460690e-05
       109 -2.835623e-04
       110  6.833025e-05
       111 -2.080313e-04
       112 -8.451935e-05
       113 -3.893661e-06
       114  1.489182e-04
       115 -3.856693e-05
       116 -5.941272e-05
       117 -3.952165e-04
       118  2.963125e-05
       119 -1.871111e-04
       120 -1.512317e-05
       121  2.453310e-05
       122  1.936464e-06
       123  1.440371e-06
       124 -7.164435e-06
       125 -1.592763e-05
       126  6.550156e-05
       127 -4.841212e-05
       128  1.220275e-04
       129  6.730469e-05
       130 -2.441850e-04
       131 -1.942010e-04
       132  2.302008e-04
       133  3.868834e-05
       134  1.555424e-04
       135 -9.618290e-05
       136 -5.856118e-06
       137  5.577101e-05
       138  4.096363e-04
       139  2.912669e-05
       140  2.364013e-06
       141  1.217209e-07
       142 -3.663586e-04
       143  1.212527e-04
       144  1.087837e-05
       145 -3.945253e-04
       146 -7.483314e-05
       147  1.575988e-06
       148  2.508646e-04
       149 -1.400236e-04
       150 -3.824124e-06
       151 -3.680568e-06
       152  1.792362e-05
       153 -1.242530e-04
       154  2.154483e-05
       155 -2.080292e-04
       156  3.961524e-05
       157  9.915968e-09
       158 -1.073129e-05
       159  2.336270e-05