       pos          info
         0 -5.352722e-04
         1  4.672888e-06
         2 -3.272399e-04
         3  2.488450e-05
         4 -1.979779e-06
         5  2.258563e-04
         6  4.267929e-04
         7  4.808727e-05
         8 -2.382553e-05
         9 -2.165413e-05
        10 -1.338252e-04
        11  1.803681e-04
        12  2.836460e-04
        13  8.831836e-05
        14  1.658096e-04
        15 -1.358198e-04
        16  2.492738e-08
        17  6.240740e-04
        18  4.663724e-04
        19 -7.728170e-06
        20  4.119757e-05
        21  5.699395e-05
        22 -1.347090e-03
        23 -8.797686e-04
        24 -6.981440e-06
        25  4.689309e-05
        26  3.052206e-05
        27 -2.533994e-05
        28 -6.575590e-08
        29 -9.911352e-04
        30  1.012596e-04
        31  1.985597e-04
        32  2.279227e-04
        33  1.281270e-05
        34  2.143483e-04
        35  1.153217e-04
        36  5.280054e-05
        37  5.021370e-04
        38  3.619229e-04
        39  6.030116e-05
        40  2.038540e-04
        41  4.253000e-05
        42  2.769008e-05
        43  2.270773e-04
        44 -2.164554e-04
        45 -9.552449e-04
        46  7.981750e-05
        47  9.118231e-06
        48 -1.761205e-04
        49  4.007854e-04
        50  5.910772e-05
        51  4.784016e-04
        52  3.673247e-05
        53  5.530997e-05
        54 -2.944423e-04
        55 -4.053079e-07
        56 -2.043782e-04
        57 -2.078374e-04
        58  3.349001e-05
        59  2.375275e-03
        60 -1.081607e-03
        61  2.247550e-03
        62  1.135093e-03
        63  4.883062e-04
        64  7.394564e-04
        65  1.178939e-03
        66  3.292124e-04
        67 -1.232224e-04
        68 -2.492347e-04
        69  1.615345e-05
        70  4.518086e-05
        71  6.847835e-05
        72  4.748611e-04
        73  4.908262e-05
        74 -6.483051e-07
        75 -8.445792e-04
        76  1.436195e-04
        77  4.444294e-04
        78 -2.485007e-03
        79 -5.963327e-05
        80 -4.689780e-05
        81  2.984880e-07
        82 -1.566790e-03
        83  2.284961e-03
        84 -5.409498e-04
        85  2.808297e-04
        86  3.558933e-05
        87  1.011410e-03
        88 -4.128285e-04
        89 -4.606827e-05
        90 -1.023526e-04
        91  2.734628e-04
        92 -6.293157e-05
        93 -8.182926e-06
        94  3.104588e-05
        95  4.503627e-06
        96 -4.448510e-05
        97 -1.652457e-04
        98 -1.611208e-04
        99 -2.198265e-04
       100 -4.798654e-05
       101  3.307068e-05
       102  1.297127e-06
       103  1.527661e-06
       104 -2.855178e-05
       105  2.651332e-05
       106  4.464439e-06
       107 -2.185655e-04
       108  6.945613e-05
       109  1.585954e-04
       110 -4.623827e-05
       111 -8.401790e-05
       112 -1.122485e-04
       113  3.200285e-04
       114 -5.635072e-07
       115 -9.691255e-05
       116  3.877253e-05
       117 -1.635719e-04
       118  7.864671e-05
       119  6.128661e-05
       120 -1.081875e-04
       121  8.063213e-05
       122 -2.905780e-04
       123 -5.455171e-04
       124  3.424969e-08
       125 -6.325045e-08
       126  5.676830e-05
       127 -4.012716e-06
       128 -4.797298e-05
       129 -4.755302e-07
       130 -6.468050e-04
       131  1.184004e-04
       132 -8.537256e-05
       133 -1.320116e-04
       134  6.516239e-05
       135 -5.765096e-05
       136 -2.437488e-05
       137 -8.226495e-07
       138 -1.333713e-04
       139  7.176084e-07
       140  3.744024e-06
       141 -2.078555e-05
       142 -3.375152e-05
       143 -1.240498e-04
       144 -1.148580e-04
       145  1.348385e-04
       146 -1.086898e-07
       147  1.745894e-04
       148  3.958934e-05
       149 -2.242143e-05
       150 -1.952958e-04
       151  3.814079e-04
       152  3.510030e-05
       153  1.632466e-04
       154  1.176003e-04
       155 -1.276442e-06
       156 -1.749397e-05
       157 -7.497424e-05
       158  4.880639e-05
       159 -3.156315e-04