       pos          info
         0 -1.901434e-05
         1  2.473746e-04
         2 -6.556748e-05
         3  4.163335e-05
         4 -2.992601e-04
         5  8.873613e-06
         6  4.848409e-05
         7 -3.511285e-05
         8 -6.872657e-05
         9  2.525835e-04
        10 -1.601674e-05
        11  4.546275e-04
        12  2.353986e-03
        13  1.266062e-03
        14  5.135244e-04
        15  2.148457e-03
        16  2.547211e-03
        17 -5.208155e-05
        18  1.399090e-03
        19  2.206835e-04
        20  1.107776e-03
        21 -5.080258e-06
        22  2.509063e-06
        23  2.154211e-06
        24  2.936078e-04
        25  3.916923e-05
        26 -6.044990e-06
        27  2.747266e-04
        28  6.458765e-04
        29  2.815185e-05
        30 -7.579574e-04
        31 -2.068598e-05
        32 -1.722668e-05
        33  2.551433e-04
        34  1.934193e-04
        35  3.219234e-05
        36 -2.904952e-06
        37 -5.680728e-05
        38  5.044821e-04
        39 -1.245237e-04
        40 -2.182897e-11
        41  9.286733e-06
        42  2.228906e-04
        43  1.874229e-04
        44 -2.827224e-05
        45 -1.455776e-05
        46  3.415369e-08
        47  2.029925e-07
        48 -1.914926e-04
        49 -6.755885e-05
        50  9.950232e-05
        51 -2.602268e-03
        52 -3.573072e-05
        53 -4.678532e-04
        54  2.824116e-04
        55  1.226727e-04
        56  2.504894e-05
        57 -4.922434e-07
        58  6.500966e-07
        59 -7.766801e-04
        60  1.722908e-04
        61 -3.903601e-05
        62 -9.700527e-06
        63 -1.372913e-04
        64 -4.117432e-05
        65  1.882999e-07
        66  6.722712e-06
        67  8.257728e-05
        68 -3.037301e-04
        69 -1.922867e-04
        70 -8.319004e-04
        71  8.809700e-05
        72 -4.595167e-05
        73  3.114976e-05
        74  1.187628e-06
        75  1.063228e-04
        76 -4.699049e-06
        77 -4.095685e-05
        78 -2.321856e-04
        79  3.393547e-04
        80  1.391750e-05
        81  1.926024e-05
        82  2.702619e-04
        83  5.291387e-05
        84 -4.614271e-05
        85 -1.411063e-04
        86  6.143178e-05
        87 -1.199737e-06
        88  3.679200e-06
        89 -1.338782e-04
        90 -3.421159e-07
        91  3.844759e-04
        92 -1.613553e-05
        93  1.570209e-05
        94  2.411578e-04
        95  3.847472e-04
        96  1.924999e-06
        97 -7.998375e-05
        98 -4.254358e-04
        99 -2.876067e-05
       100  2.279244e-04
       101 -1.292397e-05
       102  7.660587e-05
       103  2.449610e-04
       104 -3.394618e-04
       105 -6.329095e-06
       106  3.079626e-06
       107 -9.679158e-05
       108  5.736693e-05
       109  8.742410e-05
       110  1.182037e-04
       111  1.402670e-05
       112 -3.914934e-05
       113 -4.424969e-04
       114  6.444708e-06
       115  4.797944e-07
       116  5.181376e-05
       117 -6.658804e-06
       118 -2.485204e-05
       119 -3.357910e-06
       120 -4.845866e-05
       121  8.724896e-05
       122  1.795344e-04
       123  1.382904e-06
       124 -1.181065e-04
       125 -7.844748e-06
       126 -1.101270e-05
       127  2.820785e-06
       128  1.713706e-04
       129 -2.638760e-09
       130  3.434788e-05
       131 -8.438310e-05
       132 -3.303432e-04
       133 -1.410320e-08
       134 -4.194738e-04
       135 -5.137881e-07
       136  1.919867e-04
       137  8.713685e-05
       138  1.868850e-04
       139  2.031497e-06
       140  6.907784e-05
       141  1.452635e-04
       142  1.032497e-04
       143  1.560496e-05
       144  4.035008e-05
       145  1.011839e-04
       146 -3.822921e-07
       147  1.176788e-04
       148 -1.757198e-05
       149 -8.258780e-05
       150 -2.194765e-05
       151  1.765837e-05
       152 -9.533687e-08
       153 -1.440998e-04
       154  2.674736e-06
       155 -5.216685e-05
       156 -1.122333e-04
       157 -1.671082e-06
       158  2.110927e-04
       159  1.531563e-05