       pos          info
         0  8.671731e-08
         1 -2.185887e-08
         2 -2.954882e-08
         3  2.959123e-08
         4  4.671161e-10
         5  3.973686e-11
         6 -3.603843e-08
         7 -3.954739e-08
         8 -8.732237e-11
         9 -4.329575e-08
        10 -1.329326e-07
        11 -8.308964e-08
        12  1.459478e-08
        13  1.347821e-07
        14  8.342286e-09
        15 -2.924606e-08
        16  7.414813e-08
        17 -1.533337e-07
        18  1.500794e-09
        19  4.405265e-09
        20  5.793017e-09
        21  4.340724e-09
        22  4.133147e-08
        23 -3.714343e-08
        24 -1.882907e-10
        25 -1.070030e-07
        26  3.106793e-08
        27  5.763862e-09
        28 -3.123604e-07
        29 -1.109326e-09
        30  4.229548e-08
        31  4.256277e-09
        32  3.532685e-08
        33 -2.359562e-08
        34 -9.527169e-09
        35  2.810425e-08
        36  4.287283e-08
        37 -1.485898e-09
        38  1.101226e-08
        39 -1.404245e-10
        40  2.393063e-08
        41 -6.647298e-10
        42 -8.667211e-10
        43  6.324722e-08
        44  6.621061e-10
        45  3.229276e-09
        46  7.330585e-12
        47  7.625141e-08
        48 -2.174128e-07
        49 -9.392601e-12
        50  2.075609e-08
        51 -1.299284e-08
        52  9.177465e-08
        53  9.584459e-08
        54  1.234398e-08
        55  1.391345e-08
        56  3.831590e-10
        57  1.205645e-07
        58  2.006618e-07
        59  4.197128e-11
        60 -1.119543e-08
        61  4.646047e-08
        62 -1.689817e-09
        63 -1.210580e-12
        64  9.182838e-10
        65  2.357428e-07
        66  1.627112e-08
        67 -8.486085e-08
        68  5.855850e-09
        69  1.306058e-07
        70  1.276132e-09
        71 -6.881134e-09
        72 -3.292693e-09
        73  1.812866e-08
        74  8.301567e-09
        75  1.541134e-08
        76  3.967309e-10
        77  1.082277e-07
        78 -3.638786e-08
        79  2.372091e-09
        80  3.055026e-10
        81 -9.219342e-09
        82  2.437315e-08
        83 -3.034464e-08
        84  8.538399e-08
        85 -9.145380e-09
        86  1.717581e-07
        87  2.085223e-08
        88 -6.145367e-08
        89 -5.186392e-09
        90 -6.574849e-09
        91  1.410853e-07
        92  2.364874e-08
        93 -1.224400e-09
        94  5.284047e-08
        95  3.712284e-10
        96  3.329438e-09
        97  3.625825e-09
        98 -6.843522e-08
        99 -2.767262e-08
       100  8.083328e-08
       101 -1.266059e-07
       102  6.808511e-08
       103  2.920696e-08
       104  7.052389e-12
       105 -5.070759e-09
       106  2.529844e-09
       107 -1.132160e-09
       108 -1.001408e-07
       109  6.268778e-08
       110  6.121722e-08
       111  5.325020e-08
       112  3.406635e-09
       113  1.161008e-11
       114  2.064710e-09
       115  6.432206e-09
       116  1.730956e-09
       117 -2.612370e-07
       118 -4.335238e-08
       119  9.497557e-09
       120  1.198593e-09
       121 -1.354111e-09
       122  1.818563e-08
       123 -2.043712e-08
       124 -1.533831e-08
       125 -1.011577e-11
       126  2.164894e-09
       127 -1.927991e-07
       128 -1.838964e-07
       129  4.107937e-08
       130 -6.532349e-10
       131 -4.914652e-09
       132 -1.477347e-08
       133 -2.818493e-10
       134  2.619658e-08
       135 -7.835726e-09
       136 -2.059855e-10
       137  1.627384e-09
       138 -3.189832e-09
       139 -2.182106e-07
       140 -1.392908e-09
       141 -4.836790e-08
       142  5.744244e-08
       143  1.016859e-09
       144  2.113576e-08
       145  1.222340e-07
       146  3.722234e-08
       147 -1.120427e-09
       148 -5.804073e-08
       149 -2.246935e-09
       150  1.294677e-08
       151  7.402563e-08
       152 -6.424046e-10
       153  8.893960e-08
       154 -4.167215e-08
       155 -3.170524e-08
       156 -1.255037e-07
       157 -8.909707e-09
       158 -3.080892e-09
       159 -4.396834e-08