       pos          info
         0 -3.597667e-05
         1  2.679263e-04
         2  1.292446e-04
         3  5.957417e-04
         4 -3.029833e-05
         5 -1.007756e-04
         6 -1.051945e-04
         7 -2.945264e-04
         8  2.454174e-04
         9 -1.135979e-04
        10  2.180830e-05
        11  1.682369e-06
        12 -1.632281e-05
        13  7.230955e-06
        14 -2.744809e-04
        15  3.257621e-04
        16  1.140824e-03
        17  6.102218e-06
        18  4.382845e-06
        19  1.813701e-05
        20 -2.911098e-04
        21  8.572182e-05
        22  1.679984e-04
        23 -4.097779e-05
        24  1.317327e-03
        25  3.503111e-05
        26 -7.610506e-05
        27 -8.367379e-04
        28 -1.537590e-04
        29  2.089349e-04
        30  1.998293e-04
        31 -1.285170e-04
        32  8.261974e-05
        33  2.338780e-04
        34  9.340984e-07
        35  3.230387e-04
        36  9.874454e-05
        37  4.847422e-04
        38  4.537917e-04
        39  3.546690e-04
        40 -2.325185e-05
        41 -9.000008e-08
        42 -1.557523e-04
        43  5.228700e-06
        44  6.855984e-05
        45  4.129702e-04
        46  4.797969e-04
        47 -3.467824e-06
        48  8.708362e-06
        49 -1.270269e-06
        50 -1.169570e-04
        51 -2.127619e-05
        52 -3.532031e-06
        53 -1.359318e-04
        54 -1.704523e-04
        55  1.048767e-03
        56 -7.326891e-04
        57 -1.187275e-04
        58 -3.553291e-06
        59 -1.990067e-04
        60  6.300539e-04
        61  3.618499e-04
        62  2.312150e-06
        63 -2.208369e-04
        64 -3.788188e-05
        65  6.490441e-06
        66  2.083927e-05
        67 -3.372602e-04
        68  1.615154e-04
        69  3.320994e-04
        70  4.033954e-05
        71 -1.230583e-06
        72  4.173224e-04
        73  1.211194e-05
        74 -4.225668e-05
        75  1.527984e-03
        76  4.485742e-05
        77  2.193249e-04
        78  1.924983e-04
        79 -1.234857e-04
        80 -4.479593e-04
        81 -7.265331e-04
        82 -7.187705e-04
        83 -4.378752e-05
        84  1.526747e-05
        85  3.153218e-05
        86  2.454282e-04
        87  4.174583e-05
        88 -2.888511e-04
        89 -5.882370e-05
        90  6.189732e-06
        91 -7.044795e-05
        92 -1.276545e-06
        93  1.875884e-04
        94  1.503826e-04
        95 -4.755067e-08
        96  5.365688e-05
        97  7.448455e-05
        98 -2.038541e-05
        99 -7.591552e-05
       100 -4.007359e-06
       101 -1.644793e-04
       102  1.102582e-03
       103  5.541512e-08
       104  3.771069e-04
       105  1.843946e-03
       106 -1.480829e-04
       107  2.029592e-06
       108 -2.299426e-04
       109 -7.089500e-04
       110  9.227727e-04
       111  2.333107e-09
       112 -1.785546e-05
       113  9.345142e-07
       114 -1.119854e-04
       115  1.010784e-04
       116  4.132286e-05
       117 -2.661456e-05
       118  4.800033e-04
       119 -3.118203e-04
       120 -5.126432e-05
       121 -3.621199e-04
       122 -1.165740e-06
       123  8.206351e-05
       124 -1.332209e-04
       125  2.684844e-07
       126 -1.819909e-04
       127  3.799632e-04
       128 -7.200246e-05
       129  7.413612e-08
       130 -1.255310e-05
       131 -1.745681e-05
       132  6.678848e-05
       133 -1.894974e-04
       134 -1.111995e-04
       135  4.108993e-05
       136 -3.442539e-07
       137  1.438907e-04
       138 -1.110876e-04
       139  3.761181e-04
       140 -4.170025e-04
       141 -1.911706e-04
       142  3.980958e-06
       143  1.820979e-05
       144  2.050879e-04
       145 -1.185772e-04
       146  2.637638e-04
       147 -6.110952e-05
       148  7.606251e-06
       149  4.751222e-05
       150  2.597214e-04
       151  3.234590e-04
       152 -1.033703e-04
       153 -6.344290e-05
       154 -5.364596e-06
       155  1.668623e-04
       156 -1.012581e-04
       157 -1.582922e-04
       158 -1.317313e-04
       159 -1.115478e-05