       pos          info
         0 -1.738648e-04
         1  4.916945e-04
         2  1.613961e-04
         3  2.860311e-04
         4 -1.356246e-05
         5 -3.769413e-04
         6 -8.313852e-05
         7 -1.497388e-04
         8  4.167490e-04
         9 -3.274049e-05
        10  1.047290e-04
        11 -7.462019e-06
        12 -3.653725e-06
        13  4.679333e-05
        14 -8.988557e-05
        15  2.250616e-04
        16  5.718255e-04
        17  6.864007e-06
        18 -1.928950e-04
        19  5.117330e-05
        20 -1.378617e-04
        21  6.237022e-06
        22  2.423048e-04
        23 -4.072274e-05
        24  5.196510e-04
        25  3.635268e-04
        26 -1.136333e-05
        27 -8.442495e-04
        28 -6.968970e-04
        29  2.249284e-04
        30  3.362735e-04
        31 -9.361904e-05
        32  1.277107e-04
        33  4.800721e-07
        34  5.531447e-06
        35  2.297085e-05
        36  1.559182e-04
        37  4.826973e-04
        38  3.521005e-04
        39  1.481978e-04
        40  6.447766e-07
        41 -9.476540e-06
        42 -5.146993e-04
        43  1.335680e-07
        44 -3.723431e-05
        45  1.962900e-04
        46  5.858866e-04
        47  9.666960e-05
        48  5.110902e-05
        49 -1.993952e-05
        50 -1.228363e-04
        51 -2.468236e-05
        52 -4.152476e-09
        53 -6.888228e-04
        54 -1.117631e-05
        55  1.352663e-03
        56 -5.541639e-04
        57 -1.650084e-04
        58  3.040744e-05
        59 -2.044202e-07
        60  5.666392e-04
        61  1.882269e-04
        62  7.818100e-06
        63 -1.756888e-05
        64 -1.696094e-06
        65 -8.234324e-05
        66  3.202777e-06
        67 -7.984287e-04
        68  2.825220e-04
        69  6.911033e-04
        70  1.182676e-05
        71 -1.441695e-04
        72  2.855751e-04
        73  4.211466e-06
        74 -1.400960e-04
        75  1.402867e-03
        76  3.189616e-07
        77  4.029675e-05
        78  2.364627e-04
        79 -1.404199e-04
        80 -4.468498e-04
        81 -6.675828e-04
        82 -8.018388e-04
        83 -2.093881e-04
        84 -2.603654e-06
        85 -1.874975e-04
        86  3.177179e-04
        87 -4.305912e-04
        88 -7.003746e-05
        89 -5.789240e-05
        90 -2.132236e-05
        91  2.297725e-05
        92 -6.688717e-06
        93  5.559582e-04
        94  1.154815e-05
        95 -7.824862e-05
        96 -1.721095e-08
        97  1.327999e-04
        98 -8.078983e-05
        99 -2.045427e-04
       100  7.678488e-06
       101 -1.961240e-04
       102  1.826911e-03
       103 -5.418293e-05
       104  1.978082e-04
       105  2.287072e-03
       106 -2.374622e-04
       107  7.534322e-05
       108 -4.143220e-04
       109 -6.932395e-04
       110  9.635816e-04
       111 -8.768201e-05
       112  2.169108e-05
       113  2.851293e-05
       114  4.146059e-05
       115  1.778935e-05
       116  1.747495e-05
       117 -6.311117e-05
       118  1.120585e-04
       119 -2.836531e-04
       120  5.383926e-06
       121 -2.784957e-04
       122  9.651136e-05
       123  5.912158e-05
       124 -1.795380e-05
       125  6.305436e-06
       126 -6.825348e-05
       127  5.625555e-04
       128 -1.481721e-04
       129  1.620845e-05
       130  1.217314e-05
       131 -9.145748e-07
       132  6.448748e-06
       133 -2.506664e-04
       134 -3.169582e-04
       135  1.159986e-04
       136 -1.121436e-05
       137  1.011381e-04
       138 -1.075060e-04
       139  2.063327e-05
       140 -3.149208e-04
       141 -6.172903e-05
       142  6.187589e-06
       143 -5.387409e-05
       144  1.250214e-04
       145 -1.375574e-05
       146  2.052726e-04
       147  9.423366e-07
       148  2.512573e-06
       149  5.174441e-05
       150  3.964977e-04
       151  2.966285e-04
       152 -6.542467e-05
       153 -1.324458e-04
       154  1.126742e-08
       155  1.133078e-04
       156  2.176526e-07
       157 -5.733707e-05
       158 -2.559934e-05
       159  8.837862e-06