       pos          info
         0  5.491143e-05
         1 -1.864852e-04
         2  5.740413e-04
         3 -3.145371e-04
         4  5.485851e-06
         5 -5.558531e-04
         6 -9.940487e-05
         7  7.025987e-05
         8 -1.159360e-05
         9  2.798875e-04
        10  1.371587e-04
        11 -1.633167e-05
        12 -1.419191e-04
        13  1.643218e-06
        14 -2.633827e-05
        15 -1.058057e-07
        16 -9.882733e-06
        17 -1.713832e-05
        18 -2.328472e-07
        19 -1.516000e-04
        20  4.260560e-05
        21  2.137101e-05
        22 -1.883508e-07
        23 -2.111786e-05
        24  3.810962e-05
        25  3.387522e-05
        26 -3.817260e-06
        27 -2.954016e-05
        28  4.653506e-05
        29 -7.499655e-05
        30 -1.288576e-09
        31 -3.695043e-05
        32 -1.932898e-04
        33 -1.259199e-04
        34 -4.421595e-05
        35 -1.569900e-05
        36  3.584477e-05
        37 -2.290453e-05
        38  2.231458e-04
        39 -5.846208e-06
        40 -8.071578e-05
        41  4.622730e-04
        42  6.196451e-04
        43  8.606890e-06
        44 -2.931188e-04
        45  2.057737e-05
        46 -5.803302e-06
        47  4.441591e-05
        48 -2.507048e-04
        49  2.703238e-04
        50  1.833236e-06
        51 -8.068901e-05
        52 -1.106295e-05
        53  1.645882e-04
        54  7.062220e-06
        55  3.470726e-05
        56  2.178035e-04
        57  2.237766e-07
        58  1.102767e-05
        59  1.768229e-04
        60 -2.964293e-06
        61  7.624038e-07
        62 -2.129688e-04
        63 -5.611677e-05
        64 -5.371571e-06
        65 -4.137158e-04
        66  1.909194e-04
        67 -5.064615e-10
        68  3.938473e-04
        69 -1.049742e-04
        70 -2.156924e-05
        71 -5.425262e-05
        72  5.996843e-05
        73  4.584614e-04
        74  8.543615e-06
        75 -5.774059e-05
        76 -4.546420e-07
        77 -6.671421e-04
        78  2.490711e-05
        79 -1.846180e-04
        80  3.135259e-04
        81  4.487139e-03
        82  3.468170e-03
        83  3.631662e-03
        84  1.425147e-03
        85 -3.183432e-05
        86  4.853648e-04
        87  2.291993e-03
        88 -1.287097e-04
        89 -1.409031e-04
        90 -6.538422e-04
        91  1.202040e-05
        92 -3.676494e-04
        93 -6.084780e-04
        94 -2.738392e-03
        95 -1.486939e-03
        96  2.522040e-05
        97 -8.077974e-04
        98  2.025985e-04
        99  2.000798e-03
       100  4.766988e-04
       101 -1.170277e-04
       102  2.150987e-05
       103 -1.616798e-04
       104  7.704680e-04
       105  2.642406e-03
       106 -2.097128e-03
       107  9.312651e-04
       108  1.001298e-03
       109 -3.412334e-03
       110 -4.158940e-04
       111 -3.977983e-04
       112  4.820740e-05
       113 -1.344395e-05
       114  1.753116e-04
       115 -5.652986e-08
       116 -2.339256e-04
       117 -5.303394e-05
       118  3.105439e-04
       119 -9.899928e-05
       120 -9.649080e-06
       121 -3.691187e-05
       122  3.007186e-05
       123  1.202699e-04
       124  2.659037e-07
       125 -2.450869e-06
       126 -5.926066e-05
       127 -3.811651e-05
       128  5.330307e-04
       129 -3.168731e-04
       130  1.126710e-05
       131  7.955468e-05
       132 -2.478797e-06
       133  7.226711e-05
       134 -9.437618e-05
       135 -1.725597e-07
       136 -7.942406e-04
       137 -1.406698e-04
       138  9.285117e-05
       139 -3.278547e-04
       140 -4.024678e-05
       141 -4.309620e-07
       142  4.330596e-04
       143 -8.808555e-05
       144  1.035234e-04
       145  1.054030e-04
       146 -3.841102e-05
       147 -1.112423e-04
       148  1.828102e-07
       149 -1.274626e-04
       150 -6.450960e-05
       151 -4.709180e-05
       152  3.878379e-08
       153  5.302697e-07
       154  2.268306e-06
       155 -3.293120e-05
       156  3.134659e-05
       157  1.570460e-05
       158 -1.642528e-06
       159  1.776368e-10