       pos          info
         0  2.693086e-07
         1 -8.175517e-04
         2  6.032843e-04
         3 -1.734192e-05
         4  2.188984e-04
         5 -6.673694e-04
         6 -8.792745e-04
         7  2.943318e-04
         8 -2.630537e-07
         9  3.191982e-04
        10  3.244780e-04
        11 -3.544040e-06
        12 -1.821712e-04
        13  9.941776e-06
        14 -6.774954e-05
        15 -1.043289e-06
        16  6.170492e-06
        17 -7.458898e-05
        18 -2.028287e-05
        19 -1.132226e-04
        20  5.908557e-05
        21  8.522166e-05
        22 -5.438539e-06
        23  1.892069e-05
        24  1.303986e-04
        25 -1.397406e-07
        26 -2.883563e-05
        27 -8.907095e-06
        28  4.241944e-05
        29 -4.644327e-05
        30  2.679060e-05
        31 -1.476321e-04
        32 -1.271166e-04
        33 -2.771007e-06
        34 -4.952061e-05
        35 -1.544537e-05
        36  1.730612e-05
        37 -2.149642e-05
        38  9.548176e-05
        39  5.041831e-05
        40 -1.751486e-04
        41  3.768961e-04
        42  2.992643e-04
        43  1.170524e-05
        44 -4.330824e-04
        45  9.469426e-05
        46 -6.967139e-05
        47  1.548124e-04
        48 -7.072256e-04
        49  2.475286e-04
        50 -9.341946e-06
        51 -4.651831e-05
        52 -1.682717e-05
        53  3.236863e-04
        54  3.849170e-05
        55  2.744594e-05
        56  3.236817e-06
        57  4.583260e-05
        58  9.618368e-06
        59  3.240620e-04
        60 -3.639295e-05
        61  1.963761e-06
        62 -4.902659e-05
        63 -1.577650e-04
        64  4.901555e-06
        65 -2.928997e-04
        66  3.047841e-05
        67  4.133219e-06
        68  2.183422e-04
        69  4.597510e-06
        70 -8.999063e-06
        71 -1.280053e-05
        72  1.586195e-04
        73  1.684799e-04
        74  8.264216e-05
        75 -1.289082e-05
        76  3.584051e-05
        77 -4.786173e-04
        78  1.080731e-05
        79 -6.678189e-06
        80  2.974343e-04
        81  3.299156e-03
        82  2.676099e-03
        83  4.092929e-03
        84  1.871081e-03
        85 -1.487714e-07
        86  6.957662e-04
        87  1.479251e-03
        88 -3.311992e-04
        89 -4.158541e-05
        90 -2.932657e-04
        91  1.029172e-05
        92 -4.822370e-04
        93 -1.767627e-04
        94 -1.406603e-03
        95 -6.984493e-04
        96  5.300904e-06
        97 -1.121829e-03
        98  2.078182e-04
        99  1.453554e-03
       100  4.243069e-04
       101 -2.870869e-05
       102 -8.057989e-06
       103 -3.296331e-05
       104  1.678874e-03
       105  3.269239e-03
       106 -1.428945e-03
       107  1.011574e-03
       108  1.228132e-03
       109 -3.346287e-03
       110 -3.137815e-04
       111 -1.266134e-04
       112 -2.698851e-08
       113  1.809639e-05
       114  5.923947e-05
       115  1.029740e-04
       116 -4.229417e-04
       117 -6.641706e-05
       118  6.861694e-05
       119 -7.656885e-05
       120 -7.745714e-06
       121 -2.336449e-05
       122  6.824055e-07
       123  2.536930e-04
       124  1.264004e-06
       125  4.506672e-05
       126  1.645713e-05
       127  1.806624e-05
       128  4.099598e-04
       129 -1.157590e-04
       130 -1.469118e-06
       131  3.248463e-05
       132 -1.913698e-07
       133  1.941979e-05
       134 -1.554935e-05
       135 -9.342861e-06
       136 -7.892591e-04
       137 -5.449706e-05
       138  2.656488e-09
       139 -1.151000e-03
       140 -3.597672e-06
       141 -6.627837e-07
       142  3.025166e-04
       143 -4.741908e-06
       144  3.848514e-04
       145  8.846693e-05
       146 -7.339785e-05
       147  1.831823e-06
       148 -1.558142e-05
       149 -1.347993e-04
       150 -2.318071e-05
       151  3.990402e-08
       152  4.133634e-05
       153  5.233453e-06
       154 -5.658331e-06
       155  4.463249e-06
       156  2.664078e-04
       157  5.800316e-06
       158 -1.761577e-07
       159 -9.922115e-08