       pos          info
         0 -3.647445e-05
         1  3.116398e-05
         2 -1.181872e-05
         3 -2.171851e-05
         4  6.750697e-05
         5 -9.495665e-07
         6  1.160626e-06
         7  1.169731e-05
         8  9.250400e-05
         9  2.869084e-06
        10 -2.252598e-05
        11  8.865508e-06
        12  5.926256e-05
        13 -2.337134e-05
        14 -9.199384e-06
        15 -2.686258e-04
        16 -1.368560e-04
        17  1.303780e-04
        18  2.634779e-05
        19 -4.379905e-05
        20  1.014205e-06
        21  4.694726e-08
        22 -8.794668e-05
        23  1.145977e-06
        24  8.192551e-06
        25 -1.088008e-04
        26  9.184063e-06
        27  5.114394e-07
        28  3.198073e-06
        29 -4.228598e-05
        30  2.317183e-06
        31 -1.843986e-05
        32 -1.117023e-04
        33 -1.268723e-07
        34 -3.214193e-06
        35 -1.032014e-04
        36  1.151344e-04
        37  1.220911e-05
        38  1.549110e-05
        39  1.085862e-05
        40  1.090968e-05
        41 -2.235841e-04
        42  6.767941e-06
        43  1.615972e-04
        44  4.106882e-05
        45 -8.520744e-05
        46  1.230395e-04
        47 -3.376695e-06
        48  1.294003e-04
        49  3.508758e-04
        50 -2.579622e-04
        51  9.254385e-06
        52 -3.634163e-05
        53  3.836495e-06
        54  3.374505e-06
        55  1.060429e-04
        56 -8.351441e-05
        57 -5.932183e-05
        58 -6.476407e-06
        59 -1.666057e-04
        60 -2.509507e-05
        61  3.480134e-04
        62  1.169995e-04
        63  2.724794e-07
        64 -3.101617e-05
        65  1.129645e-04
        66 -1.275164e-04
        67  1.260612e-04
        68 -7.109369e-07
        69 -9.713671e-07
        70  2.186603e-04
        71  9.509151e-05
        72 -2.964054e-05
        73  1.493719e-06
        74  9.749539e-05
        75  2.669524e-04
        76  6.261252e-05
        77 -1.130197e-06
        78 -1.148287e-04
        79  2.003186e-04
        80 -5.228784e-04
        81 -3.479912e-04
        82 -8.426462e-04
        83  1.313157e-05
        84 -1.900116e-04
        85  4.088260e-06
        86 -2.515427e-05
        87 -1.463410e-04
        88  1.412014e-04
        89 -6.098778e-06
        90  4.360924e-05
        91 -8.252031e-05
        92  1.633918e-06
        93  6.861329e-05
        94 -2.612681e-04
        95  2.004786e-05
        96  5.430166e-05
        97 -4.113213e-04
        98  8.394000e-05
        99  4.125259e-05
       100  4.153929e-05
       101  9.307984e-07
       102  7.282143e-04
       103  1.337016e-08
       104 -2.234065e-04
       105 -4.811379e-05
       106  7.094351e-05
       107  1.768213e-04
       108 -5.363916e-05
       109 -1.070518e-04
       110  2.861629e-05
       111 -4.145527e-04
       112  7.402381e-05
       113 -1.395219e-04
       114 -5.196811e-05
       115  2.076356e-04
       116  5.087410e-06
       117  7.903057e-07
       118  4.516057e-04
       119  7.703083e-05
       120  1.750805e-04
       121 -5.542647e-05
       122 -5.850654e-05
       123 -5.618795e-06
       124 -3.153585e-06
       125 -2.825282e-06
       126  1.997662e-04
       127 -7.929785e-05
       128  4.692637e-05
       129 -3.167401e-05
       130  2.117850e-06
       131  3.371286e-05
       132 -1.549460e-04
       133  3.218635e-04
       134 -7.003585e-07
       135 -3.453018e-05
       136  1.451312e-04
       137  4.336014e-05
       138 -2.470967e-05
       139  2.124255e-04
       140  1.650787e-05
       141 -5.533046e-05
       142 -1.283858e-06
       143 -5.279535e-05
       144  1.010614e-04
       145  1.933428e-08
       146  5.903340e-05
       147 -3.956891e-04
       148  1.607650e-05
       149  2.047543e-04
       150  1.893420e-05
       151  1.540439e-04
       152 -3.036131e-05
       153 -1.230940e-06
       154  4.320869e-06
       155 -2.762073e-06
       156  1.513769e-04
       157 -1.731062e-05
       158 -6.399570e-05
       159  4.704122e-06