       pos          info
         0  2.667462e-06
         1  2.163069e-05
         2 -5.367247e-06
         3 -2.307144e-05
         4 -1.788718e-06
         5 -8.157385e-05
         6  9.561481e-05
         7  3.006970e-05
         8  3.781381e-04
         9  1.111169e-04
        10  1.994062e-05
        11  2.350723e-05
        12  2.899076e-05
        13  3.344746e-05
        14 -1.735902e-04
        15 -4.144799e-04
        16 -2.652452e-04
        17 -2.448265e-04
        18 -3.200787e-05
        19  1.868977e-04
        20  9.111862e-06
        21  1.382341e-05
        22 -5.613417e-08
        23 -1.903031e-04
        24 -1.151680e-04
        25 -1.637793e-04
        26  1.811371e-05
        27 -2.190281e-06
        28  8.730989e-05
        29 -1.524692e-05
        30  3.161233e-05
        31  3.031893e-04
        32 -1.965642e-04
        33  1.035007e-05
        34  5.696750e-07
        35 -1.268983e-05
        36 -3.072736e-05
        37  8.420329e-05
        38  1.095259e-04
        39 -7.003819e-05
        40 -3.371881e-05
        41 -2.926635e-05
        42 -3.095399e-04
        43 -4.169376e-05
        44  6.842367e-05
        45 -2.048325e-05
        46  1.068271e-07
        47 -4.426538e-05
        48  1.611303e-06
        49  2.594609e-04
        50 -4.826287e-04
        51 -7.151531e-05
        52  3.106074e-07
        53  5.967483e-05
        54 -1.033648e-08
        55  8.958924e-06
        56  4.704910e-05
        57  1.319820e-04
        58 -2.215378e-04
        59 -3.485092e-05
        60 -3.470759e-05
        61  3.349819e-06
        62 -2.858653e-07
        63  4.053530e-06
        64 -1.006126e-04
        65  2.435673e-06
        66  5.905316e-05
        67  4.312182e-05
        68 -1.192791e-05
        69 -6.026059e-07
        70  5.495049e-04
        71 -3.246276e-06
        72  3.762820e-05
        73  3.961803e-04
        74  3.099297e-04
        75  1.134322e-03
        76  1.312261e-05
        77 -9.228037e-08
        78 -6.200213e-04
        79  2.247184e-03
        80 -3.874870e-03
        81 -4.809895e-04
        82 -1.108450e-03
        83  1.966375e-04
        84  1.167063e-04
        85  6.753522e-04
        86  3.711984e-06
        87  2.060100e-05
        88  1.624868e-05
        89 -4.920212e-06
        90  3.707665e-04
        91  3.809841e-05
        92  1.078144e-04
        93  1.752013e-05
        94  4.226128e-05
        95 -5.192128e-04
        96  3.625591e-05
        97 -1.898965e-03
        98  2.757103e-04
        99  1.637703e-03
       100  1.510213e-03
       101 -3.825296e-06
       102  1.607364e-03
       103  1.524325e-03
       104 -5.223134e-04
       105 -1.073985e-03
       106  4.645287e-05
       107  3.353676e-03
       108 -1.298823e-03
       109 -6.205128e-04
       110  2.422738e-05
       111 -2.505864e-04
       112 -6.741141e-06
       113  4.911900e-07
       114  1.078075e-04
       115  3.545824e-04
       116 -5.344730e-04
       117 -4.410671e-07
       118  1.015040e-04
       119  9.307751e-05
       120  1.181572e-04
       121 -1.695968e-04
       122  1.000325e-04
       123  6.993455e-05
       124  3.290189e-05
       125 -2.596074e-05
       126 -9.374495e-05
       127  2.560127e-05
       128  1.036923e-05
       129  1.747901e-05
       130  1.535181e-04
       131  1.294153e-04
       132 -1.878054e-05
       133  3.368869e-04
       134 -2.843671e-04
       135 -7.461884e-05
       136  1.201506e-04
       137 -2.216717e-05
       138  5.915506e-05
       139  3.992332e-04
       140 -2.487124e-05
       141  4.501209e-05
       142  7.017000e-06
       143  1.589913e-04
       144 -3.460923e-05
       145  2.223880e-06
       146  7.044309e-04
       147  1.141023e-04
       148  1.097530e-03
       149  6.018356e-05
       150  8.099029e-05
       151  1.687076e-05
       152  2.681163e-05
       153  2.870714e-04
       154  1.967328e-04
       155  2.702318e-04
       156  6.390198e-04
       157  1.524693e-06
       158  3.490713e-05
       159  3.889153e-05