       pos          info
         0  1.037858e-04
         1 -7.077450e-07
         2 -4.825879e-06
         3  5.460746e-05
         4  1.490317e-05
         5 -7.787278e-04
         6 -6.734198e-05
         7  6.807356e-04
         8 -1.345975e-04
         9  4.708991e-06
        10 -4.573158e-05
        11  1.133434e-04
        12 -1.738403e-04
        13  1.189598e-04
        14  3.750639e-05
        15  1.133370e-06
        16 -5.865098e-06
        17 -3.991270e-05
        18 -1.093237e-04
        19 -4.657192e-05
        20 -1.668605e-10
        21  1.681375e-04
        22 -1.222996e-05
        23  2.501328e-04
        24 -2.968030e-06
        25  5.030354e-06
        26  3.441279e-05
        27  3.669504e-06
        28 -7.983775e-05
        29 -1.388503e-04
        30  4.677898e-04
        31 -2.110120e-04
        32  3.980026e-05
        33  4.883975e-05
        34 -5.555093e-06
        35  1.407417e-06
        36 -4.527438e-08
        37 -3.343486e-06
        38  5.204166e-06
        39 -6.271746e-05
        40 -4.807432e-04
        41  3.502850e-06
        42 -2.115647e-05
        43 -6.026306e-05
        44  9.662627e-06
        45  1.111543e-04
        46  2.421493e-05
        47 -5.664427e-04
        48 -3.352310e-04
        49 -1.497438e-06
        50  7.950953e-04
        51  2.349597e-04
        52 -3.105020e-06
        53  4.623640e-05
        54 -1.873444e-04
        55  1.269411e-04
        56 -1.696656e-05
        57 -3.585602e-05
        58  1.737668e-05
        59 -7.241292e-05
        60 -2.123285e-08
        61  1.584581e-04
        62  4.274892e-05
        63  2.230663e-05
        64 -7.901025e-05
        65  5.137803e-05
        66  2.039650e-06
        67 -7.841247e-06
        68 -1.533869e-04
        69  1.699596e-04
        70  5.005194e-05
        71 -4.728842e-05
        72  2.811770e-04
        73  8.882018e-07
        74 -1.186095e-04
        75  6.700834e-11
        76 -2.201974e-04
        77  5.619699e-05
        78 -3.486043e-04
        79  1.227878e-04
        80  1.113929e-05
        81  4.795430e-04
        82 -2.726026e-04
        83  6.703831e-05
        84  2.803800e-05
        85  1.096167e-04
        86  4.310277e-04
        87 -9.760722e-05
        88 -1.529047e-05
        89 -2.453300e-04
        90 -2.585953e-05
        91 -6.024801e-05
        92 -1.620853e-06
        93  1.932461e-04
        94  6.332253e-05
        95  4.134220e-05
        96  1.337204e-04
        97  5.415607e-04
        98  9.190183e-05
        99 -3.859787e-06
       100  3.684659e-04
       101 -4.437169e-05
       102  5.740189e-04
       103 -1.384701e-04
       104  2.935561e-04
       105 -8.789407e-04
       106  1.373694e-04
       107  6.623294e-04
       108 -2.169494e-04
       109  6.234949e-04
       110 -1.806722e-05
       111 -6.851727e-04
       112 -1.562435e-04
       113 -1.055731e-06
       114  2.420561e-04
       115 -1.975449e-04
       116  4.861228e-05
       117  2.094974e-07
       118  2.506420e-05
       119 -6.677482e-04
       120 -7.553274e-04
       121 -3.076881e-05
       122 -2.056193e-05
       123  3.959405e-05
       124  1.226046e-04
       125 -2.513612e-04
       126 -1.285056e-05
       127  1.664412e-04
       128 -5.652777e-05
       129  1.512263e-04
       130 -4.611227e-06
       131  3.735414e-05
       132  1.763157e-05
       133  9.369907e-05
       134 -6.928873e-04
       135 -4.395553e-05
       136  8.991459e-05
       137 -1.366611e-04
       138  4.548297e-04
       139 -2.392252e-04
       140  6.560434e-04
       141 -4.042441e-05
       142 -1.878581e-04
       143  1.429411e-04
       144 -9.430956e-05
       145 -1.172760e-06
       146 -7.587307e-06
       147 -7.178146e-04
       148  4.905332e-06
       149  4.340693e-06
       150  1.426450e-04
       151 -5.067791e-04
       152  3.609289e-04
       153  5.808960e-04
       154  1.847051e-07
       155  1.169289e-05
       156  1.723463e-04
       157 -1.861081e-05
       158  1.412571e-04
       159  6.710519e-06