       pos          info
         0 -3.489224e-08
         1  4.779504e-11
         2  2.134987e-10
         3 -6.488922e-09
         4  3.835373e-08
         5 -1.837063e-09
         6 -3.694612e-08
         7  8.099095e-08
         8  1.081422e-07
         9  1.713799e-08
        10  8.856413e-10
        11 -1.152342e-07
        12 -2.284894e-08
        13 -2.695754e-08
        14 -3.179710e-08
        15 -1.149769e-09
        16  2.538973e-09
        17  3.607718e-08
        18  2.056570e-08
        19  1.923771e-07
        20 -3.374490e-10
        21  1.106747e-07
        22 -4.087292e-10
        23  6.302480e-09
        24 -7.492364e-09
        25  1.748326e-08
        26  8.488656e-08
        27  2.221537e-08
        28 -6.885049e-08
        29  3.224992e-09
        30  1.775400e-09
        31 -6.132665e-08
        32 -1.634265e-08
        33 -1.892646e-07
        34  2.419631e-08
        35  4.218671e-09
        36  1.073291e-09
        37 -2.559019e-09
        38 -7.489168e-09
        39  9.437372e-08
        40  5.107484e-12
        41  5.140636e-08
        42  9.820387e-08
        43 -1.899032e-08
        44  1.642138e-09
        45  3.842710e-09
        46 -4.962866e-11
        47  8.356064e-08
        48 -1.539511e-11
        49 -2.866486e-11
        50 -1.837785e-08
        51 -3.795296e-08
        52  5.440299e-08
        53  1.232970e-07
        54 -9.871063e-08
        55  6.097295e-09
        56  3.014400e-08
        57  1.874902e-09
        58  5.062306e-08
        59 -8.914417e-09
        60 -6.825443e-09
        61  3.636690e-09
        62  1.424825e-09
        63 -2.258733e-08
        64  5.371645e-08
        65 -4.924920e-08
        66  5.049739e-08
        67  6.616165e-08
        68 -3.312649e-08
        69 -1.727681e-07
        70  8.702213e-08
        71 -1.370843e-09
        72  1.205216e-09
        73  3.599223e-08
        74  6.216000e-08
        75 -1.217001e-09
        76 -8.917610e-10
        77 -5.408489e-08
        78 -2.922056e-09
        79  1.394181e-08
        80  5.458576e-08
        81 -2.860761e-08
        82 -4.817461e-08
        83 -1.198903e-07
        84  4.522949e-08
        85 -1.723926e-08
        86 -6.413315e-10
        87  2.226193e-08
        88 -9.272195e-10
        89 -4.853156e-08
        90  1.769662e-07
        91  5.215613e-08
        92 -1.111142e-08
        93 -2.259292e-09
        94 -2.442911e-08
        95  2.326252e-08
        96  3.567313e-09
        97 -1.559250e-08
        98 -1.446872e-09
        99 -3.416687e-08
       100 -4.484091e-08
       101  1.073947e-07
       102 -1.493419e-07
       103 -6.723875e-08
       104  9.974323e-09
       105  3.638848e-08
       106 -2.054968e-07
       107 -3.939744e-09
       108 -3.261145e-09
       109 -2.582098e-08
       110  1.891944e-08
       111 -1.395182e-07
       112  3.210011e-08
       113 -3.316843e-13
       114 -2.029301e-09
       115 -1.082127e-11
       116  7.664283e-09
       117 -8.899618e-09
       118  2.413486e-09
       119 -5.573645e-09
       120  1.271347e-08
       121 -5.266164e-09
       122 -9.995677e-10
       123  1.342236e-07
       124  1.072678e-07
       125  2.421311e-10
       126 -7.698774e-08
       127  5.618185e-10
       128 -1.643574e-10
       129  1.855962e-07
       130  6.226392e-09
       131  5.652307e-09
       132  5.245127e-09
       133 -3.813836e-08
       134  1.584607e-07
       135  6.949918e-09
       136 -3.228006e-08
       137 -1.364215e-08
       138  6.958768e-08
       139 -4.973812e-10
       140  7.332746e-10
       141 -9.827586e-09
       142  3.127844e-08
       143  6.977333e-08
       144  3.031512e-07
       145 -4.613606e-11
       146 -7.714655e-10
       147  3.499144e-08
       148  2.944525e-09
       149 -7.266588e-08
       150 -9.806906e-11
       151 -6.369518e-08
       152 -1.270637e-09
       153  8.589966e-09
       154 -4.786917e-10
       155  1.888658e-08
       156  8.648526e-09
       157 -1.198910e-08
       158  3.501764e-09
       159 -7.156827e-08