       pos          info
         0  1.427264e-04
         1  9.675718e-05
         2 -8.057985e-05
         3  5.075554e-05
         4  3.198872e-05
         5 -1.055688e-04
         6 -8.117569e-07
         7  4.830826e-05
         8 -8.063514e-06
         9 -7.699310e-06
        10  9.188234e-06
        11  5.780977e-05
        12  1.683233e-05
        13  2.157076e-04
        14  3.325148e-04
        15 -3.061297e-07
        16  3.050218e-06
        17 -2.096451e-05
        18 -1.361271e-04
        19  8.768194e-05
        20  2.415189e-06
        21  4.440158e-06
        22  2.806993e-06
        23  1.935691e-07
        24  4.506681e-05
        25  1.012121e-04
        26  2.580732e-04
        27 -4.077211e-06
        28  1.066083e-04
        29 -5.014784e-05
        30  5.058420e-05
        31 -4.288036e-04
        32  2.577744e-05
        33  4.035887e-04
        34 -1.631610e-06
        35  1.738420e-04
        36  1.049455e-04
        37  9.439331e-06
        38 -1.260511e-04
        39 -2.900336e-06
        40  1.918423e-05
        41 -1.537957e-05
        42  4.696766e-06
        43  1.195115e-04
        44  9.976105e-05
        45  6.732934e-05
        46  1.075709e-04
        47  3.948763e-07
        48  1.272960e-04
        49  5.077175e-07
        50  3.120685e-05
        51  2.786369e-06
        52 -2.004409e-05
        53  2.112818e-04
        54 -5.840595e-04
        55  1.416770e-04
        56  5.033786e-04
        57 -1.266294e-08
        58 -1.430043e-05
        59 -5.339591e-06
        60 -2.600141e-05
        61  3.049487e-06
        62  6.175282e-07
        63  6.143119e-06
        64 -3.647215e-05
        65 -1.989382e-04
        66 -7.281636e-05
        67 -1.551101e-06
        68 -3.943430e-04
        69  1.633391e-04
        70 -7.959441e-05
        71  2.960103e-05
        72  2.052044e-04
        73  1.594755e-04
        74 -1.553560e-04
        75 -3.584084e-04
        76 -1.334108e-04
        77 -1.476721e-05
        78 -4.820773e-05
        79  1.123548e-03
        80  5.596460e-04
        81  7.095849e-04
        82 -1.136620e-03
        83 -1.198753e-06
        84 -1.502216e-04
        85  4.214355e-06
        86  8.283909e-06
        87 -1.320667e-04
        88 -3.409947e-06
        89 -7.743637e-06
        90 -1.943393e-10
        91  3.194670e-05
        92 -1.077486e-06
        93  7.923138e-05
        94  2.117954e-04
        95  7.666444e-06
        96  1.126415e-04
        97  3.407158e-04
        98  3.645018e-04
        99 -2.218051e-04
       100  6.242853e-04
       101  3.239422e-05
       102  1.051018e-03
       103 -2.663600e-03
       104  9.327170e-04
       105 -4.268422e-05
       106  4.615611e-04
       107  6.641277e-04
       108  8.649682e-07
       109  3.387786e-05
       110  8.633053e-05
       111 -1.874367e-03
       112  8.484756e-06
       113  4.150680e-05
       114  5.346445e-06
       115 -6.949696e-07
       116 -2.156721e-05
       117 -1.017665e-04
       118  4.886907e-04
       119 -3.666213e-04
       120 -3.012567e-04
       121 -5.106729e-05
       122 -4.292981e-05
       123  5.182122e-05
       124  1.423339e-05
       125 -1.106466e-04
       126 -4.677709e-06
       127  2.008660e-08
       128  4.217168e-05
       129 -2.354139e-05
       130 -3.414194e-04
       131  1.560722e-04
       132 -2.396333e-05
       133 -1.883120e-06
       134 -4.352786e-04
       135  1.248753e-05
       136  3.917972e-05
       137 -1.188348e-04
       138  3.458683e-06
       139  6.603414e-08
       140 -2.119248e-05
       141  4.326582e-07
       142 -6.026829e-05
       143  2.312064e-04
       144 -1.162746e-06
       145 -8.312734e-05
       146 -1.977474e-06
       147 -1.583763e-03
       148 -1.279753e-05
       149 -1.460609e-06
       150 -3.809235e-06
       151 -1.084068e-04
       152  4.369331e-06
       153  4.434938e-04
       154 -1.896975e-04
       155  1.470767e-04
       156  1.662669e-04
       157 -7.307229e-06
       158  2.800936e-06
       159 -9.854317e-05