       pos          info
         0  6.213122e-05
         1 -3.042091e-06
         2  3.220877e-05
         3  2.377711e-06
         4  6.659595e-05
         5  8.147283e-05
         6  8.725073e-05
         7  2.620660e-06
         8  7.570212e-05
         9  7.878018e-05
        10  1.592064e-04
        11  1.892031e-04
        12  6.162156e-05
        13 -5.120756e-05
        14  4.686050e-05
        15  1.991637e-04
        16  2.992053e-04
        17  1.081351e-04
        18  4.488947e-05
        19  2.862223e-08
        20 -1.407731e-04
        21 -1.098904e-05
        22 -1.158495e-05
        23  7.924001e-06
        24 -1.328827e-04
        25  1.016927e-04
        26  1.525666e-04
        27 -1.289830e-05
        28 -1.892453e-06
        29 -1.439809e-03
        30  4.809261e-06
        31 -2.172910e-05
        32  4.837417e-06
        33 -9.063634e-06
        34  1.667223e-06
        35  9.483377e-05
        36  1.065384e-05
        37  1.568444e-04
        38  3.016499e-05
        39 -4.524888e-06
        40  2.294796e-04
        41  3.834899e-05
        42  2.753305e-04
        43 -2.952728e-06
        44  1.407349e-04
        45 -1.253971e-05
        46  3.614119e-05
        47  2.203740e-04
        48  2.439222e-04
        49  1.544868e-04
        50  2.409119e-04
        51 -3.392445e-05
        52 -8.047092e-05
        53 -4.706165e-05
        54  2.238678e-04
        55  4.290388e-05
        56  1.475562e-05
        57  4.103967e-05
        58  1.289444e-05
        59  2.519577e-04
        60  9.890086e-05
        61  1.013515e-04
        62  2.893399e-07
        63 -2.769427e-05
        64  3.139524e-04
        65  6.463572e-05
        66 -9.257363e-05
        67 -5.743024e-05
        68  8.389303e-06
        69 -2.226635e-05
        70  1.050339e-04
        71 -8.875351e-06
        72  4.371662e-05
        73  1.039198e-05
        74 -4.917963e-07
        75 -3.924339e-04
        76  1.069651e-04
        77  1.197712e-06
        78  3.159024e-04
        79  4.178595e-05
        80  1.243676e-04
        81  3.862590e-05
        82 -1.196568e-06
        83  2.074523e-04
        84  1.008802e-08
        85  1.840665e-08
        86 -9.980128e-06
        87  3.366249e-04
        88 -1.843706e-07
        89  2.547655e-05
        90 -1.066581e-05
        91  2.874998e-05
        92  1.561542e-04
        93  2.170025e-05
        94  8.184085e-05
        95 -3.049481e-05
        96  1.388143e-05
        97  1.508005e-04
        98  1.599452e-08
        99  6.286157e-05
       100 -4.944397e-05
       101  1.085620e-04
       102  1.960307e-05
       103  5.620992e-06
       104 -2.014520e-10
       105  2.099936e-05
       106  6.483672e-05
       107  1.457435e-08
       108 -2.985370e-06
       109  6.247666e-05
       110 -2.800888e-05
       111 -6.449285e-06
       112 -4.145523e-05
       113 -9.788463e-05
       114 -7.696652e-08
       115 -3.114741e-04
       116  2.255683e-04
       117  5.437384e-05
       118  5.194984e-05
       119  6.359733e-05
       120  8.147720e-06
       121  2.247548e-04
       122  3.278859e-04
       123  1.654454e-04
       124  3.668782e-05
       125  7.291242e-05
       126  4.132647e-04
       127 -9.181339e-07
       128  6.321867e-05
       129  4.386761e-04
       130  2.317986e-04
       131  1.888210e-04
       132  3.435261e-04
       133  3.688777e-04
       134  2.567532e-04
       135  3.215533e-04
       136  9.914009e-06
       137  1.181992e-06
       138  1.010728e-04
       139  5.172551e-04
       140  1.294656e-04
       141  2.246199e-04
       142  7.804868e-06
       143  2.588937e-06
       144 -5.372242e-05
       145 -2.109464e-04
       146 -3.429155e-04
       147 -5.052194e-04
       148 -3.247571e-04
       149 -5.196311e-04
       150 -2.412708e-04
       151 -3.467506e-05
       152  1.170168e-04
       153  2.956543e-05
       154 -7.816068e-04
       155  4.060118e-05
       156 -1.007151e-05
       157  1.403709e-04
       158  1.733262e-04
       159 -1.154327e-04