       pos          info
         0  2.890120e-06
         1  1.125191e-03
         2 -1.314616e-05
         3  9.336919e-04
         4  4.392399e-04
         5 -7.638166e-05
         6  1.171698e-05
         7  1.036580e-06
         8 -1.370149e-05
         9  7.051416e-05
        10 -3.508348e-04
        11  1.015981e-05
        12  5.270059e-05
        13  3.996884e-07
        14  3.916113e-04
        15  2.148464e-04
        16 -1.476699e-05
        17 -1.616912e-04
        18  4.351547e-04
        19  3.854042e-05
        20 -9.397747e-04
        21  1.935446e-04
        22 -4.326090e-05
        23 -2.912600e-04
        24  2.045036e-04
        25  9.431299e-05
        26 -8.705518e-09
        27  5.631125e-06
        28  9.516436e-04
        29  4.868599e-05
        30 -1.671821e-04
        31 -1.246819e-05
        32 -3.543408e-05
        33  7.074580e-04
        34 -6.144970e-06
        35  6.616608e-04
        36 -5.890933e-04
        37 -8.232654e-04
        38 -1.873438e-05
        39 -5.089654e-05
        40  8.232620e-04
        41 -3.368646e-05
        42  5.476755e-04
        43  6.176702e-06
        44 -2.906877e-05
        45  2.580339e-04
        46  8.747592e-07
        47  6.790639e-05
        48  5.659083e-05
        49 -1.852758e-04
        50  3.333918e-04
        51  2.486368e-05
        52 -1.197467e-05
        53 -5.677229e-04
        54  2.716509e-05
        55  6.539732e-05
        56 -8.426871e-05
        57 -9.893200e-05
        58  4.205407e-04
        59 -5.451445e-05
        60  9.248520e-05
        61  3.678800e-09
        62  1.197430e-04
        63 -7.942745e-04
        64  5.733934e-05
        65  4.290686e-06
        66  2.453832e-04
        67  1.974622e-05
        68 -1.019948e-04
        69  5.358587e-07
        70 -1.864948e-07
        71  1.428800e-04
        72 -3.599133e-04
        73 -1.006388e-05
        74 -7.970623e-08
        75 -2.015488e-07
        76  7.747537e-05
        77  5.676644e-05
        78  2.213308e-05
        79  2.534464e-04
        80  1.025062e-04
        81  2.479268e-05
        82  5.653339e-04
        83 -5.278612e-07
        84 -9.129748e-06
        85 -3.180517e-04
        86  1.704007e-05
        87 -8.175017e-04
        88  3.466011e-04
        89  2.015096e-04
        90  1.170438e-05
        91 -7.402420e-08
        92  2.033628e-07
        93 -1.909944e-04
        94 -2.229858e-05
        95 -4.934976e-04
        96 -4.171527e-05
        97 -2.642080e-04
        98  2.858770e-04
        99 -7.774041e-05
       100  2.757069e-07
       101 -1.956944e-04
       102  1.799737e-04
       103 -1.829753e-05
       104 -1.554469e-05
       105  8.567270e-06
       106 -3.740668e-05
       107 -9.956333e-07
       108  3.447961e-05
       109 -1.367090e-04
       110  2.243409e-06
       111 -5.777157e-04
       112  1.350923e-04
       113  4.308114e-04
       114 -1.771938e-04
       115  3.245874e-07
       116 -4.250819e-04
       117 -6.038316e-05
       118 -9.522750e-05
       119 -4.597975e-04
       120  5.084641e-05
       121  4.000473e-05
       122  1.955149e-04
       123 -7.049792e-06
       124 -2.375548e-04
       125 -1.239299e-05
       126  1.632028e-04
       127  1.818261e-04
       128  1.509022e-04
       129  2.973638e-04
       130  3.628267e-04
       131  3.239464e-05
       132 -2.720109e-04
       133  2.323951e-06
       134 -3.674663e-07
       135 -1.625145e-04
       136 -6.513891e-04
       137 -6.213208e-07
       138 -1.510506e-05
       139  5.242715e-04
       140  1.025075e-05
       141 -2.476704e-04
       142 -4.296014e-04
       143  6.548449e-05
       144  6.225786e-05
       145 -3.732622e-05
       146  2.639837e-06
       147  5.016676e-05
       148  1.603786e-05
       149  8.595692e-05
       150  5.195347e-05
       151 -1.135322e-04
       152 -1.129653e-04
       153 -6.131063e-07
       154 -6.020633e-05
       155 -8.664861e-05
       156 -5.086774e-04
       157  4.166958e-04
       158 -6.890625e-05
       159  2.121083e-04