       pos          info
         0 -1.433737e-05
         1 -9.495832e-06
         2 -3.480984e-05
         3 -1.363962e-05
         4  3.275957e-05
         5 -3.435083e-04
         6 -1.207948e-07
         7 -8.525088e-05
         8 -3.528954e-04
         9 -3.715346e-04
        10  3.614444e-05
        11 -3.240116e-05
        12  5.982774e-08
        13  2.356229e-04
        14 -1.752614e-04
        15  9.539574e-05
        16  3.525112e-04
        17 -1.033505e-05
        18  1.360094e-04
        19  1.993261e-05
        20  6.909262e-05
        21  6.387232e-04
        22 -1.013546e-03
        23 -4.288834e-05
        24 -1.565803e-04
        25 -4.148843e-04
        26  2.297884e-04
        27  5.286006e-04
        28 -2.067522e-04
        29  6.574564e-04
        30  1.259190e-04
        31  7.143363e-06
        32  6.924918e-07
        33  2.392642e-04
        34 -1.775727e-04
        35  3.647209e-08
        36  1.939658e-07
        37 -4.468338e-05
        38 -1.892707e-04
        39  6.288692e-06
        40  7.786746e-06
        41 -4.018371e-05
        42  2.695339e-04
        43  2.626460e-05
        44  5.192935e-04
        45  4.029189e-05
        46  5.618693e-05
        47 -5.716410e-04
        48 -6.373079e-06
        49  1.894476e-04
        50 -4.322252e-05
        51 -2.707249e-04
        52 -2.492596e-07
        53  1.928545e-05
        54 -2.299021e-04
        55  5.526962e-07
        56 -3.611279e-05
        57  1.677977e-05
        58  4.997859e-06
        59 -4.765904e-04
        60 -2.122404e-06
        61  9.304634e-05
        62  9.764575e-05
        63 -3.174214e-04
        64  4.331032e-06
        65  2.657877e-04
        66 -1.883328e-04
        67 -3.265999e-04
        68  2.306997e-04
        69 -7.763836e-05
        70  1.285781e-05
        71 -8.126625e-05
        72  5.098662e-05
        73  1.291319e-04
        74 -1.585462e-04
        75  4.514226e-06
        76 -1.615322e-05
        77 -1.349591e-04
        78  1.125662e-05
        79  8.935179e-04
        80  2.394896e-04
        81  1.327879e-07
        82 -3.656556e-04
        83 -2.660667e-05
        84 -2.498916e-04
        85  2.515577e-04
        86 -5.713274e-07
        87  2.212774e-04
        88  5.246030e-05
        89 -2.295138e-06
        90 -1.630810e-04
        91 -6.638537e-05
        92 -1.047537e-05
        93 -2.951150e-04
        94 -3.186929e-06
        95 -1.678953e-04
        96  4.333901e-05
        97  1.576521e-05
        98  2.886206e-05
        99  2.419559e-05
       100  3.768399e-06
       101  1.722312e-05
       102 -9.273264e-05
       103  2.488593e-04
       104 -5.093790e-06
       105 -4.458588e-07
       106  3.112143e-05
       107 -1.727442e-04
       108 -7.783468e-05
       109  1.040843e-04
       110 -1.263270e-04
       111  4.429182e-07
       112 -1.245606e-04
       113 -3.473132e-07
       114  6.634161e-05
       115  1.912930e-05
       116  8.370357e-06
       117  1.754324e-05
       118  1.339540e-05
       119  8.422746e-04
       120  1.718190e-04
       121  5.211638e-05
       122  6.408432e-06
       123 -4.656898e-04
       124 -4.111602e-05
       125 -6.347313e-05
       126  1.257425e-04
       127  7.497994e-06
       128  2.391881e-04
       129  3.363776e-04
       130  6.670021e-04
       131  4.655726e-04
       132 -4.649332e-06
       133  2.383812e-05
       134 -1.316334e-04
       135 -3.489291e-05
       136  9.094881e-05
       137 -3.518603e-04
       138  8.271988e-05
       139  2.582905e-04
       140 -2.423462e-06
       141  2.645641e-05
       142  2.399660e-05
       143 -1.960858e-04
       144  8.738366e-07
       145  6.027533e-08
       146  7.694096e-05
       147  2.684404e-04
       148 -8.127805e-06
       149  2.438859e-07
       150  2.221889e-05
       151 -4.734096e-05
       152  5.962389e-05
       153 -3.138694e-04
       154 -5.145370e-06
       155 -2.345561e-04
       156  2.982155e-05
       157 -7.279717e-05
       158  3.210485e-05
       159  7.569444e-05