       pos          info
         0  1.956171e-04
         1 -2.611087e-05
         2 -2.119555e-05
         3  1.055817e-04
         4 -1.154369e-05
         5  4.357359e-05
         6  6.697498e-06
         7  1.763830e-06
         8  3.524081e-06
         9  1.301890e-04
        10 -3.871739e-05
        11 -7.190772e-05
        12  1.749094e-04
        13  1.655759e-04
        14  1.270128e-04
        15  9.168575e-06
        16  4.646390e-05
        17 -2.300023e-05
        18  1.831615e-06
        19  5.352503e-04
        20 -7.983240e-06
        21 -6.688694e-05
        22 -5.410361e-05
        23  8.465886e-06
        24 -1.397089e-06
        25 -3.122580e-05
        26 -1.019526e-04
        27  2.399782e-04
        28  2.991048e-05
        29  1.869832e-05
        30  6.638429e-07
        31  7.869043e-05
        32 -4.808527e-05
        33  2.072055e-05
        34 -6.994432e-05
        35 -9.521758e-05
        36  3.674448e-05
        37 -4.154338e-05
        38  2.373158e-06
        39 -5.007695e-06
        40  9.838738e-06
        41 -4.141092e-05
        42 -1.714936e-04
        43 -2.611754e-05
        44  6.173193e-05
        45 -6.574151e-06
        46  8.658924e-05
        47  2.112087e-05
        48  1.154291e-04
        49  4.384003e-05
        50  4.977362e-05
        51  6.728679e-06
        52 -1.086330e-05
        53  1.692941e-06
        54 -1.485046e-04
        55  2.140526e-04
        56  2.175641e-05
        57 -5.903594e-07
        58  1.523526e-04
        59  2.719132e-04
        60 -2.150815e-05
        61 -3.590766e-06
        62 -5.302536e-05
        63 -1.352314e-08
        64  2.913609e-04
        65 -5.053192e-06
        66 -1.417983e-05
        67  1.323834e-05
        68  3.753833e-05
        69 -1.049117e-05
        70 -1.637856e-05
        71 -1.607765e-06
        72 -1.359540e-06
        73 -2.302729e-05
        74 -8.306979e-06
        75  6.417965e-07
        76 -2.560410e-05
        77 -1.323915e-04
        78 -8.870414e-06
        79  1.040137e-04
        80 -1.075572e-05
        81  4.039992e-05
        82  5.642010e-05
        83  4.267328e-06
        84 -4.316827e-06
        85  1.551267e-05
        86 -1.060090e-04
        87 -1.315286e-04
        88  5.792014e-05
        89 -3.140958e-05
        90  2.533205e-04
        91  3.638716e-06
        92  1.375965e-05
        93  2.035696e-04
        94 -7.409672e-05
        95 -4.307407e-05
        96  1.589064e-05
        97 -1.109292e-04
        98  5.195943e-09
        99 -1.196380e-05
       100 -1.196931e-06
       101 -1.133154e-04
       102 -5.431556e-06
       103  1.646110e-04
       104 -7.636880e-05
       105 -1.311158e-06
       106 -1.935582e-05
       107 -1.314623e-04
       108  4.199262e-06
       109 -4.487086e-05
       110 -2.636646e-04
       111  6.711150e-06
       112  1.165232e-06
       113  2.881403e-04
       114 -9.617153e-05
       115 -5.907163e-06
       116  1.515133e-06
       117  1.481520e-04
       118  3.555171e-05
       119 -2.882073e-05
       120 -9.113754e-06
       121  2.177836e-06
       122 -3.148269e-05
       123  5.796753e-06
       124 -1.120663e-04
       125  2.858338e-06
       126  4.434569e-07
       127 -7.631141e-06
       128  2.291969e-09
       129 -4.566706e-06
       130  4.767442e-05
       131  4.639659e-05
       132 -1.478987e-05
       133  1.526994e-04
       134  9.361609e-05
       135 -5.287905e-06
       136  4.467694e-04
       137  4.623403e-05
       138  2.247994e-05
       139 -2.757854e-05
       140 -1.335525e-05
       141 -6.514065e-05
       142  9.208463e-05
       143 -2.020192e-05
       144  2.194660e-05
       145  1.534239e-04
       146 -1.674504e-04
       147 -1.921746e-05
       148  1.674519e-04
       149  2.177448e-06
       150 -3.322605e-05
       151 -6.167255e-05
       152  1.174853e-05
       153  9.390860e-07
       154  2.669193e-04
       155  3.448429e-05
       156 -6.485320e-08
       157 -3.813996e-06
       158 -4.907133e-07
       159  1.140712e-04