       pos          info
         0  1.501958e-04
         1  1.425941e-05
         2 -6.326856e-05
         3  2.205317e-05
         4 -3.144282e-04
         5 -5.677976e-08
         6  6.881358e-07
         7 -2.057309e-04
         8  4.797919e-05
         9  8.956953e-05
        10 -8.879370e-06
        11  2.969749e-05
        12  1.695725e-04
        13  5.697434e-04
        14 -8.866717e-06
        15  9.296269e-05
        16  3.297355e-05
        17 -6.214442e-05
        18 -1.114957e-05
        19  4.719067e-05
        20 -8.305511e-07
        21 -1.053715e-04
        22 -6.362730e-05
        23  1.561673e-09
        24  5.231269e-06
        25  2.382351e-06
        26 -3.413116e-05
        27  8.908721e-05
        28 -1.776756e-04
        29  6.341050e-05
        30  2.395453e-04
        31  6.069198e-05
        32 -1.153469e-05
        33  1.070888e-04
        34  7.691276e-06
        35 -1.308941e-05
        36  8.257734e-05
        37  7.515178e-06
        38  3.036734e-06
        39 -6.682147e-05
        40 -6.372460e-05
        41  6.050593e-08
        42 -1.085432e-08
        43 -1.467866e-05
        44 -8.495568e-06
        45 -1.180786e-05
        46  3.762196e-05
        47 -3.738467e-07
        48  2.548746e-04
        49  1.055528e-05
        50 -1.427580e-04
        51 -2.882190e-06
        52  8.475426e-06
        53 -1.415071e-04
        54 -8.823443e-05
        55  2.255093e-04
        56  1.135902e-04
        57  1.121065e-04
        58  3.414642e-05
        59  9.682555e-06
        60 -3.444969e-06
        61 -5.238227e-05
        62 -2.983286e-05
        63 -1.730118e-04
        64  8.539649e-05
        65  3.214949e-05
        66 -6.786032e-05
        67  3.870145e-05
        68  4.385457e-05
        69 -1.386436e-04
        70 -2.002107e-04
        71 -3.934360e-06
        72  5.202690e-05
        73 -9.070571e-05
        74  7.031941e-06
        75 -8.466634e-07
        76 -6.462707e-06
        77  1.687376e-04
        78  8.425965e-06
        79  9.721679e-08
        80 -9.290779e-05
        81  1.657941e-05
        82 -1.099017e-04
        83 -1.451848e-08
        84 -3.714805e-06
        85  4.862154e-05
        86 -3.157551e-05
        87  3.076533e-05
        88 -1.745303e-06
        89  7.084024e-05
        90 -3.134067e-05
        91  1.524339e-07
        92  1.322539e-04
        93  2.303684e-05
        94 -1.189767e-04
        95  6.273376e-05
        96 -6.153847e-06
        97 -2.380601e-04
        98 -3.528827e-05
        99  1.156552e-04
       100  1.238442e-04
       101 -1.394209e-04
       102  1.403646e-08
       103  2.305943e-04
       104  6.594212e-06
       105 -1.132806e-04
       106 -2.110265e-07
       107 -3.678958e-05
       108  3.087441e-05
       109 -1.458352e-05
       110  3.124442e-06
       111 -1.207437e-05
       112  1.858181e-05
       113  2.054725e-05
       114 -1.401082e-05
       115 -1.910034e-05
       116  2.067014e-04
       117  9.702218e-06
       118  1.547825e-05
       119  5.687645e-05
       120 -4.824852e-05
       121  1.351732e-05
       122 -1.030846e-04
       123  2.110886e-06
       124 -4.165503e-05
       125 -1.133155e-04
       126  1.152408e-04
       127 -4.423360e-05
       128  6.169937e-05
       129  1.262503e-05
       130 -2.519238e-05
       131 -1.655762e-05
       132 -1.711333e-05
       133  1.333539e-05
       134 -3.759754e-07
       135 -4.507790e-07
       136  3.594500e-06
       137 -6.118484e-07
       138 -6.590191e-05
       139 -5.970923e-05
       140 -8.523151e-05
       141 -6.263951e-05
       142 -1.743329e-04
       143 -1.051242e-05
       144 -3.021577e-05
       145  4.695652e-05
       146 -7.926293e-05
       147 -1.385823e-05
       148  3.635894e-04
       149  4.353824e-05
       150  8.133217e-08
       151 -2.103093e-04
       152  1.968681e-05
       153  8.225160e-05
       154  3.514443e-05
       155  3.674659e-05
       156 -3.563025e-05
       157 -6.062539e-06
       158  1.087516e-05
       159  3.914161e-05