       pos          info
         0  4.094398e-04
         1  1.176826e-04
         2  2.626681e-04
         3  2.848389e-08
         4 -3.854547e-04
         5  1.633156e-04
         6  1.821443e-04
         7 -3.820264e-04
         8  2.238857e-05
         9  5.080578e-04
        10 -4.870544e-05
        11  3.921904e-05
        12  1.093160e-04
        13 -7.763593e-05
        14 -5.400759e-05
        15  3.784255e-06
        16  1.263821e-05
        17 -1.250408e-04
        18  4.218927e-05
        19  4.858814e-05
        20  1.176391e-05
        21 -1.797946e-05
        22  1.831000e-06
        23 -1.456271e-05
        24 -2.006631e-06
        25 -2.578984e-06
        26 -1.546153e-04
        27 -5.023122e-05
        28 -2.585082e-05
        29 -3.801119e-09
        30  2.335395e-04
        31  2.365656e-06
        32  2.004934e-08
        33  2.658853e-04
        34  9.354677e-05
        35  7.661541e-05
        36  1.050834e-04
        37 -2.518546e-05
        38 -3.813853e-05
        39  1.613657e-05
        40  8.820987e-06
        41  5.791984e-06
        42 -5.672307e-04
        43 -1.203488e-04
        44 -2.244791e-04
        45 -1.324947e-04
        46  1.156847e-04
        47 -4.276312e-05
        48  1.642387e-05
        49 -2.429407e-04
        50 -7.517250e-04
        51 -4.963683e-05
        52 -3.024830e-05
        53 -2.870346e-04
        54 -1.191597e-07
        55  2.663146e-04
        56  2.006523e-04
        57  2.102521e-05
        58  1.009598e-04
        59  1.099186e-04
        60 -4.911110e-05
        61  1.105529e-04
        62  1.395231e-04
        63 -9.578492e-05
        64 -4.809380e-05
        65 -4.739998e-05
        66 -2.970398e-06
        67 -5.247612e-06
        68  7.760484e-05
        69 -1.159489e-05
        70 -1.603752e-05
        71  1.672227e-04
        72 -1.413141e-05
        73 -7.536382e-05
        74  1.784086e-06
        75 -3.221870e-05
        76  2.117378e-04
        77 -5.968615e-06
        78  1.831021e-07
        79  1.933350e-04
        80 -1.289574e-04
        81  1.330891e-05
        82 -6.939155e-06
        83 -1.518666e-06
        84 -1.430266e-09
        85  3.171944e-06
        86  8.022961e-05
        87  8.208459e-05
        88  2.458897e-05
        89 -4.312606e-04
        90 -1.568582e-04
        91  6.232716e-06
        92  8.344245e-06
        93 -2.242694e-04
        94 -9.034254e-07
        95  1.791248e-05
        96 -4.885727e-04
        97 -1.609435e-04
        98  6.000731e-07
        99 -1.768256e-06
       100  8.835148e-05
       101 -2.395043e-04
       102 -1.264295e-04
       103  1.247970e-03
       104 -6.722701e-05
       105 -1.817492e-07
       106  5.867614e-05
       107  7.832679e-05
       108 -1.695236e-05
       109  1.643597e-06
       110  2.536927e-04
       111 -6.852663e-05
       112  2.035249e-08
       113  3.143510e-08
       114 -4.322443e-04
       115 -1.582082e-04
       116  6.181803e-05
       117 -9.604737e-05
       118  4.180830e-04
       119 -6.377782e-06
       120  1.365655e-04
       121  8.561538e-05
       122 -1.133665e-04
       123  5.404025e-04
       124 -4.250463e-04
       125 -2.814299e-04
       126 -3.057909e-07
       127 -1.582536e-04
       128  1.554274e-06
       129  2.441620e-04
       130  2.281762e-04
       131 -4.703217e-06
       132 -9.229350e-05
       133  1.700271e-05
       134  8.152391e-06
       135 -6.415498e-05
       136  4.371676e-05
       137  1.149128e-04
       138 -9.130652e-05
       139 -1.639458e-04
       140 -4.394601e-05
       141  8.141490e-05
       142 -5.327489e-06
       143  5.708080e-04
       144 -7.250388e-04
       145  2.644926e-04
       146  4.303347e-05
       147 -9.229101e-05
       148  2.474011e-05
       149  5.261163e-05
       150  1.989238e-04
       151 -1.394302e-04
       152  2.597688e-04
       153  2.391272e-05
       154 -6.595762e-06
       155  1.170822e-05
       156 -2.243166e-04
       157  1.653145e-04
       158 -2.908102e-05
       159 -1.957732e-05