       pos          info
         0  1.666085e-04
         1 -4.046710e-05
         2  2.917208e-06
         3  1.641834e-06
         4  1.156878e-04
         5  2.310106e-05
         6  1.691946e-06
         7 -3.805166e-05
         8  1.990602e-05
         9  2.813691e-05
        10 -2.219612e-06
        11  1.288757e-05
        12 -1.728203e-05
        13  3.955009e-06
        14  6.254153e-05
        15  3.167104e-06
        16 -5.004681e-05
        17 -4.871477e-05
        18  1.359885e-05
        19  1.407951e-05
        20 -2.327774e-05
        21  2.492214e-04
        22  7.761347e-04
        23  4.132537e-05
        24 -5.016534e-04
        25  1.503976e-04
        26 -8.753974e-05
        27  3.768235e-04
        28  1.331866e-07
        29  6.676663e-05
        30 -9.982959e-07
        31 -4.102656e-05
        32 -6.474550e-07
        33  1.511869e-05
        34  3.085213e-04
        35  1.523178e-04
        36  1.534621e-05
        37  1.650789e-04
        38  5.340400e-04
        39  2.516664e-06
        40  1.179696e-04
        41  3.406400e-06
        42 -1.693817e-04
        43 -3.496470e-06
        44  5.852770e-05
        45  1.209223e-04
        46  8.634800e-05
        47 -6.650012e-05
        48 -2.109705e-05
        49 -2.216355e-04
        50 -1.104337e-06
        51 -9.390873e-05
        52  1.115177e-04
        53  6.046626e-05
        54  1.676224e-04
        55 -1.103923e-05
        56  2.664785e-04
        57  5.624959e-05
        58  3.854429e-05
        59  2.253737e-04
        60 -1.013491e-04
        61  2.549408e-04
        62 -5.582119e-06
        63 -2.133264e-06
        64  4.626406e-05
        65  4.144445e-05
        66 -1.657416e-05
        67 -5.919492e-04
        68 -4.277370e-06
        69 -5.334434e-05
        70  4.326831e-05
        71  2.920301e-05
        72 -6.782794e-05
        73  3.466505e-06
        74 -1.828297e-05
        75  9.942279e-05
        76 -4.033414e-06
        77 -7.382883e-05
        78 -3.707825e-05
        79 -9.396155e-04
        80  3.382854e-03
        81  2.305969e-03
        82  2.857519e-03
        83 -1.168379e-03
        84 -2.900144e-05
        85 -7.155479e-05
        86 -9.731605e-07
        87 -1.275529e-05
        88 -1.313155e-04
        89  7.614491e-05
        90 -4.549981e-05
        91 -1.626470e-05
        92 -1.610390e-04
        93 -1.215693e-04
        94 -1.267900e-03
        95 -9.467333e-07
        96 -2.756293e-05
        97  2.294398e-06
        98  1.737151e-04
        99  1.603594e-04
       100  2.544819e-05
       101  5.865295e-05
       102  2.077253e-04
       103  3.695010e-03
       104  8.819407e-03
       105 -1.899595e-04
       106  1.005939e-03
       107  3.389113e-04
       108  6.582298e-03
       109 -2.051960e-05
       110 -2.568234e-04
       111  2.855785e-04
       112 -3.903326e-06
       113  3.894008e-05
       114 -9.599033e-05
       115 -8.947990e-06
       116  2.879910e-05
       117 -2.139514e-05
       118  2.563218e-05
       119  1.578130e-06
       120 -4.566754e-04
       121 -4.888455e-05
       122 -7.562311e-05
       123  1.409933e-05
       124 -3.402806e-04
       125 -4.650429e-04
       126  9.752831e-06
       127 -2.518151e-04
       128 -4.050383e-04
       129 -2.578230e-04
       130  3.423957e-05
       131  7.977177e-06
       132  2.390773e-04
       133 -7.360392e-06
       134  1.982614e-04
       135  4.415718e-04
       136  1.840585e-06
       137 -4.100049e-05
       138 -1.479378e-05
       139  1.018924e-04
       140  3.372728e-05
       141 -3.146036e-09
       142  1.330453e-05
       143 -3.246705e-05
       144 -4.992882e-05
       145  8.642088e-07
       146  8.327452e-05
       147  2.758614e-04
       148  4.972240e-04
       149 -5.195238e-04
       150  2.242360e-06
       151  5.892314e-04
       152 -1.230030e-05
       153  3.847340e-05
       154 -2.405534e-06
       155 -5.574695e-05
       156 -2.149944e-05
       157 -5.151165e-05
       158 -1.622843e-05
       159  3.364603e-05