       pos          info
         0  4.393803e-04
         1 -2.691214e-04
         2  1.551067e-04
         3  6.644259e-05
         4  6.695249e-04
         5  6.677493e-04
         6 -4.265840e-04
         7 -1.294058e-05
         8 -2.454546e-06
         9  1.520491e-05
        10  2.723102e-05
        11  6.265592e-04
        12  1.111139e-03
        13 -2.138081e-04
        14 -1.858485e-04
        15  1.877112e-05
        16 -2.967716e-05
        17 -9.019652e-08
        18 -6.946766e-06
        19 -6.748470e-06
        20  1.502434e-04
        21  4.730140e-04
        22  4.176321e-04
        23  1.460592e-05
        24  1.820312e-04
        25  6.822751e-06
        26 -3.338371e-05
        27  3.920349e-05
        28  2.845414e-04
        29  9.975280e-06
        30  5.253060e-06
        31 -8.924024e-05
        32  5.776428e-05
        33  1.861661e-07
        34  3.121858e-06
        35  1.022181e-05
        36  5.477788e-05
        37  4.034031e-05
        38 -1.276616e-04
        39  3.415242e-06
        40  2.779652e-05
        41  5.534755e-05
        42  3.937631e-04
        43  3.124752e-04
        44 -4.878450e-06
        45  3.422897e-05
        46 -1.381868e-04
        47  1.238993e-04
        48  2.586030e-05
        49  1.806390e-04
        50 -3.682463e-05
        51  3.071572e-08
        52  6.803727e-04
        53  7.831820e-05
        54 -7.847641e-05
        55 -2.140405e-04
        56  1.736984e-04
        57 -7.182301e-06
        58 -9.460475e-04
        59 -5.225680e-06
        60 -2.197185e-04
        61 -8.968265e-05
        62 -8.988516e-05
        63 -1.573967e-04
        64 -3.035809e-04
        65  2.426063e-04
        66  2.796758e-04
        67 -2.659916e-04
        68 -4.888686e-06
        69 -2.431632e-06
        70 -6.252693e-05
        71  5.976339e-04
        72  3.875479e-04
        73 -1.195555e-04
        74  1.772317e-04
        75 -1.734503e-04
        76  2.395861e-04
        77  1.542766e-05
        78  1.051828e-04
        79  1.757727e-05
        80  1.771275e-04
        81 -2.735728e-05
        82  4.425833e-05
        83 -1.597377e-05
        84  3.464662e-05
        85 -1.973357e-04
        86  2.174207e-03
        87 -3.878164e-04
        88  4.441045e-05
        89 -2.640368e-06
        90  6.291964e-04
        91 -3.018392e-04
        92  3.868906e-04
        93  1.829069e-03
        94 -2.761634e-04
        95 -2.408134e-04
        96  1.114532e-04
        97  1.180062e-06
        98 -2.423718e-04
        99  8.806892e-04
       100 -7.997057e-06
       101  2.616981e-04
       102 -1.020808e-05
       103 -7.947795e-06
       104  2.352435e-05
       105  9.965103e-05
       106 -4.065574e-05
       107 -7.807995e-05
       108  1.295603e-05
       109  4.240422e-05
       110  1.913748e-05
       111  1.211275e-06
       112  9.905384e-05
       113 -2.592631e-05
       114  1.208520e-05
       115  1.670312e-04
       116 -5.800846e-05
       117  4.794128e-05
       118 -3.565738e-04
       119 -4.027735e-04
       120  1.814405e-04
       121  1.406211e-04
       122 -1.729133e-04
       123  9.542067e-06
       124 -9.837911e-05
       125 -5.025138e-05
       126  2.375541e-04
       127 -2.865592e-04
       128  2.286745e-04
       129 -6.316867e-04
       130  3.176210e-04
       131  1.458715e-05
       132  5.872475e-06
       133  1.842359e-06
       134  9.937015e-05
       135  1.447118e-04
       136 -2.512197e-04
       137  8.145852e-05
       138 -2.386560e-05
       139 -2.913084e-07
       140  1.029083e-04
       141  3.392438e-05
       142  2.886851e-04
       143  6.830163e-07
       144  6.213076e-05
       145  9.897123e-07
       146  7.505824e-06
       147 -7.322625e-05
       148 -3.043420e-05
       149  1.461462e-04
       150 -2.811605e-04
       151 -5.755096e-04
       152 -1.493617e-04
       153 -4.543207e-04
       154  1.364330e-05
       155 -5.390941e-06
       156 -7.804833e-06
       157 -6.661874e-05
       158  2.057836e-06
       159 -1.423883e-04