       pos          info
         0  4.119801e-05
         1 -4.852148e-07
         2  2.943233e-05
         3  4.928477e-07
         4  6.718481e-07
         5  2.025407e-05
         6 -2.379198e-05
         7 -8.044557e-08
         8  4.142638e-06
         9 -3.936757e-05
        10  1.145834e-04
        11  3.483349e-04
        12  4.292687e-05
        13  1.691420e-06
        14  1.228100e-04
        15 -3.293967e-06
        16  4.745284e-07
        17  2.173417e-04
        18  4.008353e-05
        19  1.585590e-07
        20 -1.058883e-06
        21  4.029242e-05
        22  2.074893e-05
        23  2.015484e-06
        24 -1.203340e-04
        25 -7.319901e-05
        26  4.162162e-05
        27 -1.576026e-05
        28  2.082655e-06
        29  7.089528e-05
        30 -3.607985e-08
        31 -5.647856e-05
        32 -1.588147e-04
        33  9.759182e-05
        34 -1.528794e-07
        35  5.652869e-06
        36 -9.765173e-05
        37  1.886493e-05
        38  7.989558e-06
        39  1.769027e-04
        40 -2.969342e-05
        41 -1.983934e-05
        42 -1.598669e-04
        43  1.551266e-04
        44  9.812692e-07
        45 -2.108504e-04
        46  1.629738e-05
        47 -1.388894e-04
        48  2.327231e-05
        49 -7.252951e-06
        50 -5.002172e-07
        51  4.344141e-05
        52  6.189249e-05
        53  7.520086e-05
        54 -5.406323e-06
        55  2.876782e-05
        56  2.061945e-05
        57 -3.024409e-04
        58 -4.632886e-05
        59  4.612353e-06
        60 -2.498606e-05
        61  2.395383e-05
        62 -9.996782e-05
        63  2.291791e-05
        64 -4.201405e-06
        65  1.327278e-04
        66  7.109302e-09
        67  9.241181e-04
        68  6.404946e-03
        69  4.302698e-03
        70 -3.380485e-06
        71  2.172587e-04
        72 -9.659421e-04
        73  5.331467e-04
        74 -6.905429e-07
        75  5.094768e-05
        76 -2.474754e-05
        77 -1.009358e-04
        78 -1.712051e-05
        79  2.399981e-04
        80 -1.791150e-04
        81  4.733083e-05
        82 -3.189718e-04
        83  6.212574e-05
        84 -2.847186e-05
        85  8.145114e-05
        86 -2.074645e-03
        87  4.806749e-05
        88 -6.470876e-04
        89  2.541276e-03
        90 -6.917479e-05
        91  7.269680e-03
        92  6.748108e-03
        93 -3.095948e-06
        94 -4.243605e-04
        95  3.744926e-03
        96  9.919954e-03
        97  1.669226e-04
        98  5.565423e-05
        99 -9.791961e-05
       100 -6.790005e-07
       101  2.183093e-04
       102 -1.321127e-04
       103  9.175018e-05
       104 -5.199725e-07
       105 -3.250579e-06
       106  6.089490e-07
       107  1.090868e-04
       108  7.851082e-05
       109 -1.067306e-05
       110 -1.557606e-06
       111 -2.446566e-06
       112 -4.090404e-05
       113 -6.279345e-05
       114  2.691438e-06
       115  5.559631e-05
       116 -4.002628e-04
       117  2.040585e-07
       118  7.012461e-06
       119 -5.634475e-04
       120  2.472645e-05
       121  1.893353e-04
       122 -1.154338e-05
       123 -8.066701e-06
       124  1.796083e-04
       125  2.310893e-04
       126  5.620571e-05
       127 -2.063793e-05
       128 -1.415125e-06
       129 -1.525236e-04
       130  6.947268e-06
       131  5.468341e-05
       132 -1.046251e-04
       133  7.804879e-05
       134  1.369984e-05
       135 -2.756026e-05
       136  4.242904e-05
       137 -1.703013e-06
       138  8.164383e-06
       139 -8.133863e-05
       140 -5.350126e-04
       141 -2.633126e-04
       142 -1.226602e-05
       143  9.706056e-05
       144  2.506956e-05
       145 -5.256099e-05
       146  1.376428e-05
       147  5.038408e-05
       148  2.052107e-06
       149  5.234533e-06
       150  6.647584e-07
       151  2.755066e-04
       152  1.963022e-07
       153  4.122274e-05
       154 -1.448085e-04
       155 -1.076607e-05
       156  6.681092e-05
       157 -1.911704e-06
       158  2.590337e-06
       159  1.819304e-04