       pos          info
         0  1.842402e-04
         1  3.859125e-05
         2 -8.168032e-05
         3 -1.200157e-04
         4 -1.185931e-05
         5  4.283952e-05
         6 -4.011442e-06
         7 -7.274828e-05
         8  6.686042e-05
         9  4.926197e-05
        10  1.869703e-04
        11  2.186590e-04
        12  6.265569e-05
        13 -5.239061e-05
        14  1.353310e-04
        15  5.316260e-06
        16  1.263691e-04
        17  1.826052e-04
        18  2.987406e-06
        19  5.011227e-05
        20  9.444652e-06
        21 -1.740413e-05
        22  1.478126e-04
        23 -2.541563e-07
        24  3.474904e-07
        25 -1.987964e-04
        26  1.060550e-04
        27 -1.235020e-04
        28  4.552679e-05
        29  1.800303e-04
        30 -1.778591e-04
        31 -3.113263e-04
        32  1.191942e-04
        33  4.530697e-04
        34  4.592860e-05
        35  2.207794e-05
        36 -5.702641e-05
        37  1.347425e-05
        38 -7.488294e-05
        39  2.261727e-05
        40 -1.236758e-04
        41  1.035683e-05
        42 -3.204198e-04
        43  2.645940e-04
        44  8.379801e-05
        45 -1.702773e-05
        46 -3.925030e-06
        47  1.795945e-05
        48  3.391181e-06
        49 -2.991528e-05
        50 -3.887627e-04
        51 -2.108366e-05
        52  2.205443e-05
        53  2.472429e-04
        54  1.821532e-05
        55 -2.015860e-05
        56  4.799701e-06
        57 -3.848531e-04
        58 -1.178237e-05
        59 -2.354756e-05
        60  4.588956e-08
        61  2.524304e-05
        62 -4.921972e-05
        63  5.362065e-06
        64 -5.121055e-04
        65 -1.276347e-05
        66 -5.051994e-06
        67  2.771093e-04
        68  3.561454e-03
        69  1.722448e-03
        70  1.411132e-05
        71  8.554514e-05
        72 -4.688493e-04
        73  3.990879e-04
        74 -3.566174e-04
        75  1.523951e-04
        76 -1.149909e-04
        77 -5.779370e-05
        78  1.153290e-04
        79  1.161162e-05
        80  3.759992e-09
        81 -5.877049e-05
        82 -2.948469e-04
        83 -1.621407e-05
        84 -1.687573e-05
        85  2.646625e-04
        86 -2.584499e-03
        87  9.395198e-07
        88 -9.514344e-04
        89  7.664320e-04
        90 -7.186457e-06
        91  1.906164e-03
        92  2.469571e-03
        93 -9.873326e-05
        94 -1.729675e-04
        95  1.669174e-03
        96  2.638337e-03
        97  4.041907e-05
        98  3.466154e-06
        99 -1.018969e-03
       100 -5.313894e-05
       101 -2.882023e-07
       102 -6.760793e-05
       103 -7.950152e-08
       104 -5.529731e-05
       105  2.510454e-05
       106 -1.587932e-04
       107  1.354301e-06
       108 -1.494969e-05
       109 -1.807753e-04
       110 -5.176593e-05
       111  7.307796e-08
       112  1.926292e-06
       113 -3.306985e-05
       114 -9.868126e-05
       115 -2.318391e-05
       116 -1.470455e-04
       117  2.350288e-05
       118 -9.826977e-08
       119 -8.846339e-04
       120 -1.490926e-05
       121  6.195298e-05
       122  7.485241e-05
       123 -8.937946e-06
       124  5.301085e-04
       125  4.629877e-04
       126  1.647302e-04
       127  1.499127e-06
       128  1.692834e-05
       129 -2.791115e-04
       130  5.858834e-07
       131  2.403550e-05
       132 -1.805060e-04
       133 -6.650063e-05
       134 -1.321005e-04
       135 -5.533770e-05
       136  1.854599e-04
       137  1.740155e-05
       138  4.640647e-04
       139 -1.838656e-04
       140 -9.443738e-04
       141 -2.389958e-04
       142  2.668302e-04
       143  1.765576e-04
       144 -8.001620e-05
       145 -2.147001e-05
       146  1.007583e-04
       147 -2.899416e-06
       148 -8.448756e-05
       149 -1.156352e-05
       150 -4.207118e-06
       151  4.439237e-05
       152  2.371262e-05
       153  2.758901e-04
       154 -1.702953e-05
       155 -2.345721e-05
       156  1.525879e-04
       157  1.282089e-05
       158  1.703854e-05
       159  6.455868e-05