       pos          info
         0  3.797780e-04
         1  2.695617e-04
         2 -1.751992e-05
         3 -3.924268e-04
         4 -1.157238e-04
         5 -4.068603e-05
         6  2.713573e-04
         7  5.184536e-05
         8  3.323947e-06
         9  2.537918e-04
        10  3.405055e-05
        11  2.240218e-04
        12 -7.298161e-05
        13 -6.603668e-04
        14  1.844176e-04
        15  1.548248e-04
        16 -1.024045e-04
        17  9.089461e-08
        18  6.953877e-05
        19  2.696620e-06
        20 -1.821991e-04
        21  4.551240e-05
        22  3.072669e-04
        23  2.027638e-05
        24  1.732728e-06
        25 -5.224552e-05
        26 -1.611566e-05
        27 -2.551795e-05
        28 -1.283883e-05
        29  1.021537e-04
        30  2.287488e-04
        31 -3.455074e-04
        32 -1.416175e-04
        33  1.301979e-05
        34 -1.129145e-04
        35  5.084479e-04
        36  1.119330e-05
        37  5.028900e-04
        38 -2.812900e-04
        39  4.738455e-04
        40 -1.347834e-05
        41 -2.339207e-05
        42 -1.424737e-04
        43  3.150250e-04
        44  1.207973e-04
        45 -1.793461e-05
        46 -3.241349e-05
        47  3.390706e-05
        48  9.461430e-05
        49 -1.232905e-06
        50  2.540487e-04
        51  2.101225e-04
        52  2.635349e-04
        53 -6.875524e-05
        54  1.587189e-04
        55 -1.795616e-04
        56 -8.799754e-05
        57 -1.772618e-04
        58 -1.915965e-05
        59 -1.888316e-05
        60 -3.609733e-05
        61  3.220755e-04
        62  4.571037e-04
        63 -9.148809e-06
        64  1.114538e-05
        65  4.611357e-05
        66  1.019317e-04
        67  2.442176e-04
        68  1.546725e-03
        69  1.224187e-03
        70 -6.058678e-05
        71  2.837470e-05
        72 -9.972693e-04
        73 -3.682905e-05
        74  1.308997e-06
        75  1.870026e-05
        76  7.126604e-05
        77 -3.078597e-05
        78 -2.639998e-06
        79  1.828679e-04
        80 -5.482625e-05
        81 -4.235354e-04
        82 -9.217038e-05
        83 -1.149301e-04
        84 -1.057948e-05
        85  1.076379e-04
        86 -7.189273e-04
        87  2.428346e-05
        88 -5.743798e-04
        89  2.449442e-04
        90 -1.398765e-04
        91  2.154534e-03
        92  8.527181e-04
        93 -2.578735e-04
        94 -1.284201e-04
        95  5.128015e-04
        96  2.090986e-03
        97  4.325643e-04
        98  2.947960e-05
        99 -5.726417e-05
       100 -2.020272e-04
       101  2.802890e-04
       102 -4.070710e-04
       103  1.381612e-04
       104 -1.750237e-04
       105 -8.720628e-06
       106 -2.290051e-05
       107  1.085548e-04
       108  1.148919e-04
       109  3.710210e-04
       110 -2.138287e-05
       111  4.571879e-05
       112 -1.512251e-05
       113 -1.829728e-05
       114  1.237041e-04
       115 -1.380850e-05
       116 -3.542227e-04
       117  1.684852e-04
       118  1.040963e-04
       119 -6.451678e-05
       120  7.624827e-05
       121  2.406711e-06
       122  6.519251e-05
       123  5.237784e-05
       124  3.153916e-04
       125  4.325853e-04
       126  2.899806e-04
       127  1.517262e-04
       128  2.673787e-05
       129 -4.848734e-06
       130 -2.028545e-04
       131  1.920874e-05
       132  1.787996e-04
       133  1.349825e-04
       134  1.767754e-05
       135  6.513422e-05
       136  2.202691e-05
       137  7.256455e-05
       138  4.918220e-04
       139 -2.192167e-04
       140 -7.370405e-04
       141  9.416369e-05
       142 -3.740198e-04
       143  1.740394e-04
       144  6.853151e-04
       145  3.512865e-06
       146  2.655319e-04
       147  5.483451e-04
       148  3.214498e-05
       149  7.289383e-05
       150 -9.003328e-05
       151  2.149851e-04
       152  2.140356e-04
       153  3.271288e-05
       154 -2.557692e-04
       155 -4.649867e-06
       156  1.022877e-05
       157 -1.116101e-05
       158  2.194556e-05
       159  1.940909e-05