       pos          info
         0  1.485427e-05
         1  2.782988e-05
         2  2.178368e-06
         3 -7.957904e-06
         4 -8.999248e-05
         5  6.699678e-06
         6  1.554808e-05
         7 -2.259723e-04
         8  9.483287e-05
         9  3.970662e-05
        10  8.144255e-05
        11  7.284912e-05
        12  1.232077e-04
        13 -9.359718e-05
        14 -1.451397e-06
        15 -7.027728e-05
        16  1.752288e-04
        17 -9.886281e-05
        18  8.010115e-06
        19 -1.494248e-04
        20  1.497193e-04
        21 -6.180398e-05
        22 -5.420453e-05
        23  3.766178e-04
        24  7.692452e-07
        25  1.744127e-04
        26  5.452102e-05
        27 -1.752137e-05
        28  3.160548e-05
        29  4.873147e-06
        30 -1.626057e-04
        31  9.933373e-07
        32  3.249882e-05
        33  5.265538e-05
        34 -2.260141e-04
        35 -9.446820e-07
        36  1.145731e-04
        37 -4.518736e-06
        38 -1.216958e-04
        39  8.612505e-06
        40 -9.810619e-05
        41 -2.172664e-05
        42  6.314350e-05
        43 -4.141983e-06
        44 -2.305001e-07
        45 -2.971599e-06
        46  1.441088e-04
        47  8.514658e-06
        48 -2.705573e-04
        49 -3.719340e-04
        50  2.568633e-06
        51  2.196559e-04
        52  2.051566e-04
        53 -6.702159e-07
        54  4.467063e-05
        55  3.730016e-05
        56 -3.432696e-04
        57  2.586078e-04
        58  4.738789e-06
        59 -2.240919e-05
        60 -9.346989e-05
        61 -1.063554e-04
        62  7.580155e-06
        63  5.666526e-05
        64  2.642740e-05
        65  1.067315e-06
        66  3.874650e-04
        67 -7.490081e-05
        68  3.069225e-04
        69  2.538760e-05
        70  3.241697e-07
        71  4.648468e-06
        72  3.595775e-05
        73 -3.269869e-05
        74  2.613696e-05
        75 -5.291879e-06
        76 -2.108949e-04
        77 -6.070545e-05
        78 -4.725663e-06
        79  5.127487e-05
        80 -1.012411e-04
        81 -2.395007e-04
        82  5.103156e-05
        83  3.209374e-05
        84  4.395671e-05
        85  1.641194e-04
        86  3.459389e-06
        87  1.751968e-05
        88 -4.177682e-05
        89  7.538835e-05
        90  2.888197e-06
        91 -5.432440e-08
        92  5.293311e-05
        93 -1.444293e-04
        94 -1.324363e-04
        95 -2.012546e-05
        96  7.131114e-05
        97 -2.482639e-05
        98  2.106983e-04
        99 -1.185312e-04
       100  1.480853e-04
       101 -7.930497e-07
       102 -9.040105e-07
       103 -1.532463e-05
       104 -1.592431e-04
       105 -8.935199e-05
       106  1.932025e-05
       107  9.845710e-06
       108  2.200711e-06
       109  6.089307e-05
       110 -2.631698e-05
       111 -7.727384e-08
       112  9.451249e-08
       113  2.082188e-04
       114  1.397137e-07
       115  1.091791e-05
       116  9.270842e-05
       117 -5.409750e-05
       118 -1.602300e-04
       119  6.309817e-07
       120 -3.331951e-05
       121 -1.058635e-04
       122 -3.764211e-04
       123  1.672407e-04
       124 -3.538882e-04
       125  1.577046e-05
       126 -3.461114e-04
       127 -6.113400e-09
       128  1.684872e-04
       129  9.570088e-05
       130  4.484604e-07
       131  2.250238e-04
       132 -4.326153e-04
       133 -1.167226e-04
       134 -3.849006e-05
       135  7.670947e-05
       136 -1.332992e-04
       137 -9.603118e-06
       138  3.617575e-05
       139  8.072397e-07
       140 -1.549919e-04
       141 -1.109216e-04
       142 -1.909646e-04
       143 -2.872990e-05
       144  3.562414e-06
       145  6.979388e-05
       146  1.438477e-04
       147 -4.630057e-05
       148  1.563887e-04
       149  1.644904e-07
       150  3.903570e-05
       151 -1.802687e-04
       152  6.771489e-05
       153  1.500060e-04
       154 -2.395410e-04
       155  1.394329e-04
       156 -4.953925e-07
       157  3.898062e-05
       158  1.043877e-04
       159 -1.504071e-04