       pos          info
         0  1.807520e-04
         1  3.599065e-06
         2  1.952557e-04
         3  3.119266e-05
         4 -4.530091e-05
         5  3.076547e-05
         6 -3.427448e-04
         7 -4.343796e-04
         8  1.596567e-04
         9  2.575575e-05
        10 -3.019924e-06
        11  9.691307e-05
        12  8.776017e-06
        13 -5.001216e-06
        14 -4.487523e-05
        15  8.793098e-05
        16  1.558744e-05
        17 -3.151023e-04
        18 -1.880993e-04
        19  4.624421e-05
        20  1.201229e-04
        21 -4.958427e-05
        22  2.665333e-04
        23  4.916280e-05
        24  1.082576e-04
        25  7.993832e-06
        26  2.875026e-05
        27 -1.273872e-05
        28  2.995904e-06
        29 -1.545922e-04
        30 -2.294643e-05
        31  2.952477e-05
        32  4.851694e-05
        33  1.280165e-05
        34  3.473351e-05
        35 -2.771754e-05
        36 -8.945178e-05
        37 -1.448724e-04
        38 -5.761937e-05
        39  1.357939e-04
        40 -1.566933e-04
        41 -4.747027e-05
        42  5.628907e-05
        43 -3.012546e-10
        44 -3.976882e-04
        45 -6.783340e-05
        46  1.548561e-04
        47  5.183240e-05
        48 -2.682402e-04
        49 -2.204975e-04
        50  3.006972e-04
        51  2.843670e-04
        52 -1.023230e-06
        53 -1.853312e-05
        54 -7.416009e-05
        55 -8.004055e-05
        56  1.093008e-04
        57 -2.131345e-05
        58  9.441106e-05
        59 -2.343065e-05
        60 -7.361305e-07
        61 -4.147863e-05
        62  1.719003e-04
        63  6.825248e-05
        64  1.510949e-04
        65  8.642607e-05
        66  2.732373e-04
        67 -6.447447e-05
        68  3.443992e-04
        69  2.782880e-04
        70 -5.935707e-05
        71 -4.023081e-05
        72 -4.030340e-06
        73 -1.311187e-04
        74 -2.476406e-07
        75  9.945452e-06
        76 -5.457352e-05
        77 -9.443776e-05
        78  2.872943e-06
        79  1.125699e-04
        80  1.967880e-05
        81 -4.802284e-04
        82 -1.924753e-05
        83 -1.010945e-04
        84  2.237893e-04
        85  8.840328e-05
        86  1.478958e-04
        87 -2.062406e-04
        88 -1.090941e-04
        89  6.255342e-04
        90 -8.026678e-05
        91  8.365942e-06
        92 -1.879503e-05
        93 -1.316916e-04
        94 -5.002552e-05
        95 -9.612844e-06
        96  3.758703e-07
        97 -8.908130e-05
        98  5.099907e-04
        99 -3.631737e-04
       100  2.708414e-04
       101  8.427209e-05
       102 -4.542953e-04
       103  6.202925e-04
       104  2.701971e-04
       105  2.485368e-04
       106 -1.734732e-05
       107  3.468799e-04
       108  5.683888e-04
       109  4.996590e-04
       110  2.858037e-05
       111 -3.209029e-05
       112 -4.075801e-04
       113 -1.036542e-04
       114 -4.911752e-06
       115  4.281367e-07
       116  1.326359e-05
       117  6.413211e-08
       118 -1.089240e-04
       119 -5.377129e-06
       120 -9.347019e-05
       121 -1.660206e-06
       122 -1.667296e-04
       123  9.962916e-05
       124 -4.486863e-05
       125  4.882097e-04
       126 -3.642764e-04
       127  2.670462e-04
       128  8.716811e-07
       129  1.102459e-05
       130  7.122322e-05
       131 -5.162512e-08
       132 -4.835432e-04
       133 -1.077205e-05
       134 -9.946529e-05
       135  4.637909e-04
       136 -1.591658e-05
       137  1.404471e-04
       138  1.109043e-06
       139 -8.385738e-05
       140 -5.600791e-05
       141 -2.581614e-04
       142 -3.359972e-06
       143 -2.766376e-05
       144  4.130383e-05
       145  3.847134e-04
       146  3.115193e-04
       147 -1.783674e-06
       148  2.957707e-04
       149  5.541652e-05
       150 -1.241767e-04
       151 -9.397450e-05
       152  1.343790e-04
       153 -5.490334e-06
       154 -8.356893e-04
       155  4.768703e-05
       156  1.575496e-04
       157  6.218338e-06
       158  1.442116e-04
       159  1.000080e-04