       pos          info
         0  1.035747e-05
         1  1.160257e-04
         2  9.150964e-05
         3 -1.026890e-06
         4 -1.077825e-04
         5 -8.762823e-05
         6 -5.877855e-05
         7 -2.533280e-05
         8  1.715612e-04
         9 -1.624004e-05
        10 -1.202864e-06
        11 -7.166070e-05
        12  2.639758e-04
        13  5.136479e-05
        14 -7.366638e-05
        15 -5.032496e-05
        16  3.149726e-07
        17 -6.223840e-05
        18 -1.017597e-05
        19 -1.146218e-06
        20  5.259636e-06
        21 -2.986142e-05
        22 -2.037309e-04
        23  4.166903e-05
        24 -1.950267e-06
        25 -8.506496e-05
        26 -6.449977e-05
        27 -5.757602e-05
        28 -1.436409e-05
        29 -7.714634e-05
        30 -3.635781e-05
        31  6.279970e-05
        32  1.767307e-05
        33  5.694587e-07
        34  5.084810e-04
        35  5.629856e-05
        36 -2.826101e-05
        37 -2.239461e-05
        38 -4.078261e-06
        39  2.196155e-05
        40  6.969108e-06
        41 -2.205311e-04
        42 -3.298161e-05
        43 -1.071439e-04
        44 -4.644716e-05
        45  3.081672e-04
        46  2.185892e-04
        47  3.564919e-06
        48 -1.158902e-05
        49  1.433719e-05
        50  1.569938e-04
        51  1.428149e-04
        52 -9.973771e-07
        53 -6.533871e-05
        54  4.459616e-07
        55 -2.761139e-05
        56 -7.101413e-06
        57  1.268397e-04
        58  7.521080e-06
        59  2.061451e-06
        60 -1.173487e-05
        61  1.660201e-05
        62  1.434713e-05
        63  9.638167e-05
        64 -4.078349e-06
        65  1.518383e-04
        66 -3.275827e-05
        67 -3.671750e-05
        68  1.833405e-04
        69  1.959601e-04
        70  3.599849e-05
        71 -1.001292e-05
        72 -2.528851e-05
        73  9.215937e-08
        74  2.346845e-05
        75 -2.755391e-04
        76  7.573635e-05
        77  1.780687e-06
        78 -7.191062e-05
        79  3.523156e-05
        80  5.562067e-05
        81 -1.347001e-04
        82 -2.901234e-04
        83 -1.359739e-04
        84  2.946122e-04
        85  1.206681e-05
        86  1.165878e-05
        87  6.258659e-05
        88 -1.032500e-05
        89  1.666710e-04
        90 -4.386253e-08
        91 -5.150728e-08
        92 -5.350004e-05
        93 -4.967484e-05
        94 -7.899353e-06
        95  1.462117e-05
        96  2.945702e-06
        97 -4.824381e-05
        98  8.169577e-04
        99 -4.826162e-04
       100  9.622255e-04
       101  7.621594e-07
       102  1.039849e-03
       103  5.929647e-04
       104  1.553777e-03
       105  3.207932e-04
       106 -2.079062e-04
       107  3.461918e-04
       108  1.959451e-03
       109  3.363384e-04
       110  3.092347e-04
       111  9.813823e-06
       112 -1.084505e-04
       113  3.269534e-05
       114 -3.033011e-06
       115 -9.206295e-05
       116 -1.521017e-04
       117  2.581382e-06
       118  4.543913e-05
       119 -2.568644e-05
       120  9.608890e-06
       121 -4.984119e-06
       122 -4.809157e-05
       123  2.344944e-04
       124 -1.579445e-04
       125  2.204656e-04
       126 -2.172625e-05
       127  1.921967e-05
       128  1.676308e-04
       129  8.625104e-05
       130 -2.490824e-05
       131 -1.027336e-05
       132 -4.210154e-05
       133 -1.844849e-04
       134 -3.784796e-05
       135  5.132067e-05
       136 -9.095642e-05
       137  6.463243e-05
       138  2.237326e-04
       139 -6.732589e-05
       140 -1.140434e-04
       141 -1.432813e-04
       142 -1.734924e-06
       143  2.803805e-06
       144 -4.631762e-07
       145 -1.228477e-05
       146  3.594527e-05
       147 -3.043943e-05
       148  1.975843e-04
       149  3.806407e-04
       150 -7.573628e-06
       151 -5.524231e-04
       152 -2.059405e-06
       153  1.188241e-04
       154 -2.174959e-04
       155 -3.392266e-06
       156 -2.405230e-05
       157  2.434948e-05
       158  1.992772e-04
       159  7.976180e-05