       pos          info
         0  2.726696e-05
         1  3.915305e-04
         2  1.850994e-04
         3 -6.621824e-05
         4 -2.734526e-05
         5  1.764247e-04
         6 -8.292852e-05
         7  4.530265e-05
         8 -1.206537e-06
         9  3.809436e-04
        10  2.223973e-05
        11 -1.448016e-04
        12  1.462188e-04
        13 -3.177750e-06
        14 -5.875153e-05
        15  4.352751e-05
        16 -7.919770e-06
        17  4.580021e-07
        18  1.546273e-05
        19  3.758116e-05
        20  5.493724e-05
        21 -2.577645e-04
        22  2.750013e-06
        23  1.168239e-04
        24  5.494929e-08
        25 -5.710038e-06
        26 -8.127084e-05
        27  2.177689e-04
        28  3.797064e-05
        29  1.758100e-04
        30 -2.453426e-06
        31 -3.825101e-04
        32 -5.174335e-05
        33  4.590891e-05
        34  7.780143e-06
        35  1.888633e-07
        36 -1.980569e-06
        37 -4.495807e-05
        38 -1.020753e-04
        39  5.862469e-07
        40  1.833746e-05
        41 -1.945162e-05
        42 -4.785681e-05
        43  3.921233e-04
        44 -3.154586e-05
        45  8.006854e-05
        46  7.729607e-10
        47  1.198623e-07
        48 -2.706103e-04
        49 -3.989040e-04
        50 -6.592933e-05
        51 -1.186964e-04
        52 -4.433886e-06
        53  1.265554e-04
        54  5.309388e-05
        55  9.423696e-05
        56  6.437583e-08
        57  6.209407e-06
        58  9.314835e-06
        59 -1.898802e-05
        60 -1.953107e-04
        61  1.052797e-04
        62  1.072250e-04
        63 -2.370362e-04
        64 -8.064899e-07
        65  1.195209e-07
        66  1.000703e-04
        67 -1.311167e-05
        68 -7.984822e-06
        69  9.368070e-05
        70 -5.171040e-05
        71 -3.638226e-04
        72 -1.621514e-04
        73  3.649246e-07
        74  4.520984e-05
        75 -9.819706e-07
        76  9.191398e-05
        77  1.236628e-04
        78  1.274550e-04
        79  4.369929e-06
        80  2.287979e-08
        81  3.976908e-04
        82  7.357824e-06
        83  3.509565e-05
        84  8.433913e-06
        85  7.990689e-06
        86  5.546112e-05
        87  5.868392e-04
        88 -2.993616e-05
        89 -3.700717e-05
        90 -1.329389e-04
        91  1.599269e-04
        92 -4.662632e-04
        93  2.853219e-04
        94  3.427742e-04
        95 -8.437642e-07
        96  1.226933e-05
        97 -3.069592e-04
        98 -1.673635e-06
        99 -1.426093e-05
       100  9.642440e-06
       101 -1.336389e-05
       102 -4.904113e-06
       103 -1.428472e-05
       104  1.158592e-04
       105  1.886181e-06
       106 -7.539820e-06
       107 -1.513421e-05
       108 -1.146161e-06
       109 -1.324972e-04
       110  1.608330e-05
       111 -3.529711e-06
       112  3.182062e-04
       113  9.734074e-07
       114  3.559815e-05
       115  8.561282e-05
       116  8.003052e-05
       117  7.540181e-05
       118  8.611075e-08
       119 -2.854842e-05
       120 -8.383600e-05
       121  2.997258e-04
       122  2.350923e-05
       123  6.196427e-04
       124  2.134402e-06
       125 -1.516942e-04
       126  3.138096e-05
       127 -8.230057e-05
       128  2.752831e-04
       129 -4.686708e-05
       130  3.459732e-05
       131 -9.236344e-09
       132 -1.987091e-04
       133  7.617420e-05
       134  4.124102e-10
       135 -2.462339e-06
       136 -2.946684e-05
       137 -1.409698e-04
       138  1.750823e-04
       139  9.952890e-06
       140  2.988490e-04
       141 -4.618877e-06
       142  1.496321e-04
       143 -3.262348e-06
       144  9.069271e-06
       145 -6.982302e-06
       146 -2.689703e-05
       147  2.139539e-04
       148  4.926233e-05
       149 -1.809819e-04
       150  1.026312e-04
       151 -4.016659e-05
       152 -1.051233e-04
       153 -1.060118e-04
       154  4.573952e-04
       155  5.865492e-05
       156 -1.932806e-04
       157 -8.901108e-05
       158  1.521994e-04
       159 -2.996321e-04