       pos          info
         0  1.133660e-04
         1  7.163949e-06
         2  1.440262e-05
         3  6.886169e-05
         4  1.034424e-05
         5 -1.579789e-04
         6  3.265630e-08
         7  2.366845e-04
         8 -1.923382e-04
         9 -5.446187e-05
        10  4.784855e-05
        11  8.866015e-05
        12  2.394967e-06
        13  6.725408e-05
        14  3.116117e-05
        15  3.363687e-05
        16 -4.108801e-06
        17 -5.361513e-06
        18 -9.214131e-07
        19  4.816880e-05
        20 -4.868711e-05
        21  4.912503e-06
        22  5.166677e-05
        23  1.752681e-04
        24  6.734389e-05
        25 -3.167329e-05
        26  9.954827e-05
        27 -7.406842e-05
        28 -3.890212e-05
        29  3.488639e-05
        30 -1.982262e-05
        31  1.998831e-04
        32  3.351623e-06
        33 -3.564835e-04
        34 -3.075725e-05
        35  6.386977e-06
        36  3.972943e-04
        37  5.238066e-05
        38  7.018307e-05
        39  1.711622e-05
        40 -1.042337e-05
        41  2.826774e-06
        42 -4.144531e-05
        43  7.129686e-04
        44  1.436013e-04
        45  4.839564e-05
        46  1.195567e-04
        47 -3.783329e-05
        48 -1.072679e-05
        49 -9.560614e-07
        50 -4.818431e-06
        51 -3.200455e-04
        52  4.245092e-08
        53  2.449404e-07
        54  3.851141e-05
        55  9.129685e-07
        56  9.188847e-06
        57  3.602020e-06
        58  1.152882e-05
        59 -1.736102e-05
        60 -8.454309e-05
        61 -6.303569e-05
        62 -8.965999e-05
        63 -8.320210e-05
        64 -4.697807e-05
        65 -5.530417e-05
        66 -8.098268e-05
        67 -1.296471e-05
        68 -1.166302e-05
        69  4.753556e-05
        70  1.670197e-05
        71 -4.451096e-05
        72  1.859151e-05
        73 -1.197359e-04
        74  6.442173e-04
        75 -5.038217e-05
        76  9.511930e-08
        77  5.241387e-05
        78  5.387183e-05
        79 -2.149452e-07
        80 -2.821776e-04
        81  5.114032e-07
        82 -8.585319e-06
        83 -2.400858e-04
        84 -5.160845e-05
        85 -3.267522e-07
        86 -1.365084e-06
        87 -2.147589e-06
        88  7.856806e-08
        89 -1.361954e-05
        90  2.386976e-06
        91 -3.397932e-05
        92 -6.564871e-05
        93  1.386465e-05
        94  4.354259e-04
        95 -1.222291e-06
        96 -4.626268e-06
        97  6.529811e-06
        98  2.224235e-04
        99 -7.562330e-05
       100 -6.255651e-07
       101  2.105681e-05
       102 -8.630732e-05
       103  1.397378e-04
       104 -1.240767e-05
       105 -2.765149e-04
       106  6.201116e-05
       107  4.702485e-06
       108 -4.039858e-05
       109  1.286245e-05
       110 -1.708335e-05
       111 -2.002298e-06
       112 -2.901357e-04
       113  1.213882e-04
       114 -1.449714e-07
       115 -2.778968e-05
       116  3.081706e-06
       117 -6.206775e-05
       118 -1.692020e-04
       119 -8.307020e-05
       120  6.088404e-05
       121 -9.258633e-06
       122  1.290737e-04
       123  2.090689e-05
       124  5.864054e-05
       125 -1.075901e-04
       126  2.875192e-05
       127  7.612718e-07
       128  1.631076e-05
       129  4.130007e-05
       130  2.188497e-05
       131 -8.427265e-08
       132 -1.882730e-04
       133 -4.486237e-06
       134  8.843405e-07
       135 -6.130823e-06
       136 -3.556873e-06
       137  6.597947e-06
       138 -8.269340e-05
       139 -5.753820e-05
       140  6.939675e-06
       141  1.748489e-05
       142 -1.196533e-04
       143 -2.769841e-04
       144  5.410255e-06
       145 -5.904167e-06
       146  2.548559e-06
       147 -3.366909e-06
       148 -8.812774e-05
       149  5.206665e-07
       150  2.031269e-05
       151 -2.634770e-06
       152  6.828640e-06
       153  3.430536e-05
       154  3.860260e-05
       155 -1.388417e-05
       156  6.789838e-05
       157  1.367572e-04
       158  4.310213e-05
       159  3.155371e-05