       pos          info
         0 -3.170296e-05
         1 -1.506633e-03
         2  1.050516e-05
         3  3.246165e-05
         4  2.905602e-04
         5  1.184861e-04
         6  6.627848e-05
         7 -2.030569e-05
         8 -1.644558e-07
         9 -6.074838e-04
        10  1.149176e-04
        11  3.201868e-05
        12  6.549843e-05
        13  1.852569e-06
        14  4.876463e-05
        15 -4.087703e-05
        16 -4.527414e-04
        17 -5.396616e-05
        18 -2.101121e-04
        19  1.997339e-06
        20 -2.519541e-06
        21  1.935145e-05
        22 -2.438019e-06
        23 -2.449705e-05
        24 -8.529634e-05
        25  5.164021e-04
        26 -2.229657e-05
        27  2.895679e-05
        28  2.247885e-04
        29 -6.027427e-05
        30 -1.513287e-04
        31  1.147914e-04
        32 -1.305048e-05
        33 -2.887312e-05
        34  1.099391e-04
        35 -5.787067e-04
        36  1.419057e-06
        37 -1.347276e-05
        38  3.793760e-06
        39  2.778705e-07
        40  1.878000e-04
        41  5.563561e-06
        42  5.870609e-05
        43 -3.212695e-06
        44  8.328578e-05
        45  3.248280e-05
        46  3.515280e-06
        47 -5.803615e-04
        48  3.876607e-05
        49  2.028349e-05
        50 -5.494441e-05
        51 -2.201460e-06
        52 -1.196723e-04
        53 -3.805261e-06
        54 -1.768874e-04
        55 -6.494640e-05
        56  1.125160e-04
        57 -1.506905e-05
        58  1.137463e-05
        59 -4.255731e-05
        60  3.059138e-04
        61  8.665206e-05
        62  6.551322e-06
        63  4.302590e-06
        64  1.424682e-05
        65  1.985051e-06
        66  5.339150e-05
        67 -1.351350e-04
        68  4.940729e-05
        69 -3.270014e-04
        70 -3.717488e-05
        71  1.473996e-04
        72  7.496008e-05
        73  4.107048e-05
        74  1.029305e-04
        75  1.279208e-05
        76 -6.794511e-04
        77  2.186172e-04
        78  1.962855e-04
        79  8.091950e-05
        80 -3.816867e-04
        81 -1.772189e-05
        82  2.543800e-06
        83  1.832493e-05
        84  1.213038e-04
        85  1.813990e-05
        86 -4.079929e-06
        87  6.198435e-05
        88 -4.653227e-04
        89  1.136012e-04
        90  5.108704e-05
        91  5.887611e-06
        92 -7.440675e-06
        93  3.362102e-05
        94  6.690814e-05
        95  2.044590e-04
        96  1.676849e-06
        97  7.906355e-05
        98 -8.221017e-06
        99 -3.633846e-05
       100 -2.047324e-04
       101  3.496748e-04
       102 -9.982351e-05
       103  7.427735e-05
       104  7.606694e-05
       105 -1.107184e-05
       106  1.350251e-05
       107  3.583049e-04
       108  2.691408e-05
       109  1.020434e-05
       110 -6.044700e-07
       111 -1.620481e-04
       112 -6.225221e-06
       113  1.030934e-05
       114  4.014099e-05
       115 -2.964708e-05
       116 -1.586866e-04
       117  1.091199e-04
       118 -4.871764e-05
       119  2.697463e-04
       120 -1.815610e-04
       121  4.246254e-05
       122 -4.238874e-06
       123 -7.035783e-04
       124 -3.983070e-05
       125  6.834556e-06
       126 -3.774695e-05
       127  1.954858e-06
       128 -6.361166e-06
       129 -3.631683e-06
       130  4.784138e-07
       131 -7.104294e-04
       132  1.234966e-04
       133  2.106917e-04
       134  7.924046e-05
       135 -2.473365e-06
       136  1.226305e-04
       137 -3.580639e-06
       138 -3.888231e-04
       139  2.163693e-06
       140  7.152141e-07
       141 -2.875526e-05
       142  3.068630e-05
       143  6.275970e-08
       144  7.411552e-05
       145  2.950278e-04
       146 -1.867482e-05
       147 -9.214759e-05
       148 -3.619186e-06
       149  7.020446e-05
       150 -1.048367e-04
       151  2.543718e-04
       152 -4.387656e-05
       153 -1.679048e-04
       154  1.847780e-05
       155  7.822338e-06
       156  7.778246e-05
       157 -1.144303e-07
       158 -1.281625e-05
       159  5.538697e-05