       pos          info
         0 -1.268423e-04
         1 -1.130460e-03
         2 -1.406855e-06
         3  2.728373e-05
         4  8.436776e-06
         5  3.035843e-05
         6  2.812509e-05
         7  4.473512e-05
         8  2.970623e-05
         9 -2.727199e-05
        10  2.855423e-05
        11  1.118447e-04
        12  5.746593e-06
        13 -8.079341e-07
        14 -2.908382e-05
        15 -4.052779e-06
        16 -1.327362e-04
        17 -2.519040e-04
        18  1.297520e-05
        19  3.952045e-06
        20  1.442488e-05
        21  3.715706e-05
        22  1.917090e-06
        23 -1.953573e-05
        24  4.247200e-06
        25  6.146873e-06
        26  1.273015e-04
        27  2.697478e-04
        28  5.317491e-05
        29 -4.395064e-04
        30 -2.094232e-06
        31  3.561657e-04
        32  6.181551e-07
        33  8.852781e-06
        34  1.271001e-04
        35 -1.997241e-04
        36  1.954899e-04
        37 -1.525522e-05
        38 -1.437159e-05
        39 -8.571284e-06
        40  1.663953e-06
        41  8.795830e-08
        42 -8.485436e-05
        43  3.790368e-05
        44 -8.203961e-05
        45 -9.894364e-06
        46  8.564517e-05
        47  5.220752e-05
        48  2.078110e-04
        49 -1.228628e-05
        50 -2.828311e-05
        51 -2.168555e-05
        52  8.773607e-05
        53  1.281119e-04
        54 -1.898617e-05
        55  5.048082e-05
        56  3.093958e-04
        57  6.023389e-05
        58  7.553800e-05
        59  2.575101e-05
        60  7.178598e-05
        61 -5.713209e-06
        62  1.723683e-04
        63  1.103524e-04
        64  5.536389e-05
        65  1.599477e-05
        66 -2.940090e-05
        67 -3.079618e-04
        68  8.081973e-05
        69 -9.108140e-04
        70 -8.705269e-04
        71  4.729213e-04
        72  2.733090e-04
        73  5.732668e-05
        74 -4.429152e-04
        75  3.193895e-04
        76 -1.298837e-05
        77  4.035775e-04
        78  8.533856e-04
        79  6.580555e-05
        80 -1.733298e-03
        81  2.898146e-04
        82 -2.685699e-04
        83 -1.854160e-04
        84  1.156126e-04
        85 -7.007861e-05
        86  1.075208e-05
        87  1.145086e-06
        88  4.707903e-05
        89  1.807521e-04
        90 -4.796941e-06
        91 -3.737169e-05
        92 -6.878048e-06
        93  1.370747e-04
        94  4.535090e-05
        95  2.091624e-05
        96  7.971428e-04
        97  9.565804e-06
        98 -3.058403e-05
        99  4.390514e-06
       100  4.428265e-08
       101  4.284055e-04
       102  2.922557e-04
       103  1.298417e-03
       104  6.728241e-04
       105 -1.321714e-03
       106  4.561089e-04
       107  2.331599e-03
       108  3.687838e-05
       109 -9.098712e-06
       110  7.844291e-05
       111 -6.154764e-06
       112 -1.813593e-04
       113  1.557134e-05
       114  1.019848e-04
       115 -3.707469e-05
       116  1.369171e-07
       117 -5.676208e-05
       118 -4.731217e-05
       119  1.767490e-04
       120 -1.116549e-04
       121  1.077023e-05
       122  5.310812e-05
       123 -2.739570e-04
       124 -2.048613e-04
       125 -1.778117e-05
       126  4.855860e-06
       127  5.839518e-05
       128 -1.317662e-05
       129 -1.132637e-05
       130  5.886574e-06
       131 -8.267893e-05
       132 -6.872242e-06
       133  2.742460e-06
       134 -7.047874e-07
       135 -1.096214e-04
       136  3.735461e-05
       137 -2.269009e-05
       138  1.636680e-06
       139 -9.448721e-05
       140 -9.483384e-06
       141  1.487390e-05
       142  2.877536e-06
       143  9.168634e-05
       144  1.733187e-04
       145  3.959004e-04
       146  1.497853e-04
       147  1.259198e-04
       148 -5.183179e-09
       149 -3.934891e-07
       150  1.301874e-04
       151  3.651806e-04
       152 -1.324411e-04
       153 -3.832014e-05
       154  1.645972e-05
       155  2.319486e-06
       156  9.122753e-05
       157 -9.656085e-06
       158 -2.584345e-05
       159  1.652467e-04