       pos          info
         0 -1.721858e-03
         1  8.154700e-04
         2  4.064561e-03
         3  1.252547e-03
         4  8.435772e-04
         5  3.129986e-04
         6  1.705980e-04
         7  1.817953e-04
         8  1.571183e-03
         9  6.651330e-04
        10 -5.000467e-05
        11 -9.788881e-05
        12  6.945190e-05
        13  3.866563e-04
        14  1.201465e-04
        15 -5.408349e-06
        16  5.118379e-06
        17  7.827402e-05
        18  4.580894e-05
        19 -6.183730e-05
        20 -1.391526e-04
        21 -3.288057e-05
        22 -2.804845e-05
        23 -6.675860e-04
        24 -3.368283e-04
        25  6.939898e-05
        26 -3.650361e-04
        27 -3.558572e-04
        28 -2.798475e-07
        29 -1.295865e-06
        30  6.871036e-05
        31  5.945580e-05
        32  4.102923e-05
        33 -1.385525e-04
        34  1.328185e-04
        35  3.201406e-04
        36  2.766704e-04
        37  5.861889e-04
        38 -5.478360e-05
        39 -4.149475e-05
        40 -5.204319e-06
        41  3.013162e-07
        42  1.753172e-05
        43 -2.023699e-05
        44  4.205954e-07
        45  5.430917e-05
        46  5.230005e-05
        47  3.076352e-05
        48 -3.745747e-06
        49  7.580326e-05
        50 -2.392195e-06
        51  8.814976e-07
        52 -1.370899e-06
        53 -3.082601e-06
        54 -4.489641e-06
        55  3.048029e-05
        56 -3.457265e-05
        57  7.022480e-05
        58  1.151804e-04
        59 -3.386597e-05
        60 -2.666255e-07
        61 -7.155968e-05
        62  6.370905e-05
        63  2.288306e-04
        64  2.212574e-04
        65  2.041027e-05
        66  2.763175e-04
        67  1.127226e-04
        68 -1.961869e-06
        69  2.521984e-06
        70 -1.242218e-04
        71 -1.316025e-04
        72 -3.780090e-05
        73  6.832073e-07
        74 -1.690371e-04
        75 -2.557941e-07
        76  2.089884e-07
        77  7.202370e-05
        78 -6.958666e-05
        79  7.784751e-05
        80  2.178462e-04
        81  1.593229e-04
        82  2.899104e-05
        83 -2.076170e-04
        84 -7.406449e-05
        85  1.821192e-05
        86  1.725471e-06
        87 -1.029368e-05
        88  4.823594e-05
        89 -9.595430e-05
        90 -1.149841e-04
        91  9.365199e-06
        92 -3.924476e-04
        93 -1.142395e-04
        94 -2.781771e-04
        95 -6.769845e-06
        96 -7.229120e-06
        97 -7.154914e-05
        98 -1.242509e-04
        99 -1.357898e-06
       100  8.758547e-06
       101  7.590340e-05
       102  7.004743e-06
       103 -5.113689e-06
       104  8.061696e-05
       105  2.419528e-05
       106  1.733948e-05
       107 -8.129584e-07
       108  1.910020e-04
       109 -3.406506e-06
       110  2.126473e-07
       111 -2.303886e-05
       112 -3.199776e-04
       113  6.695849e-05
       114  8.556563e-05
       115  2.724386e-04
       116 -1.496968e-04
       117 -8.085665e-06
       118  2.730946e-05
       119  9.184682e-06
       120  1.180870e-05
       121  5.758162e-05
       122 -2.427696e-05
       123 -2.504087e-09
       124  1.004201e-06
       125 -3.002512e-05
       126 -6.092988e-07
       127  1.586595e-04
       128  4.425186e-04
       129  1.324570e-04
       130  8.709916e-05
       131 -2.760089e-04
       132  2.146248e-05
       133 -6.558740e-05
       134  3.534869e-05
       135 -1.006682e-04
       136 -4.622760e-05
       137 -3.019317e-06
       138  4.755717e-06
       139  1.560414e-04
       140 -2.037954e-04
       141  7.209450e-06
       142 -1.765573e-05
       143  2.713946e-04
       144  7.276061e-06
       145  4.561880e-05
       146  2.655306e-04
       147 -2.657497e-05
       148 -3.158434e-05
       149  3.221728e-04
       150  8.880361e-05
       151  1.603445e-04
       152  3.670468e-04
       153  3.099774e-04
       154 -5.440949e-05
       155  1.005095e-04
       156  1.823160e-05
       157 -7.725015e-05
       158 -2.015065e-05
       159  4.174895e-07