       pos          info
         0 -1.189663e-04
         1  8.191406e-04
         2  4.756100e-03
         3  3.358506e-04
         4  1.484144e-03
         5  5.802961e-04
         6  5.756666e-04
         7  5.872299e-04
         8  2.695196e-04
         9  6.500570e-04
        10  1.981315e-04
        11  2.540888e-06
        12  4.029196e-05
        13  9.347829e-04
        14  3.785156e-04
        15 -3.517443e-05
        16  1.058458e-05
        17  7.042007e-05
        18  4.177310e-05
        19  1.074799e-06
        20  7.026675e-05
        21 -3.019793e-04
        22 -3.351937e-04
        23 -8.199615e-04
        24 -8.141339e-04
        25 -6.127414e-06
        26 -5.470792e-05
        27 -7.034110e-04
        28 -6.562162e-05
        29  7.810377e-07
        30  1.822699e-06
        31  4.080745e-06
        32  1.352631e-04
        33 -5.090951e-04
        34  4.923657e-06
        35  1.633372e-04
        36  7.785808e-04
        37  4.438631e-04
        38  4.322678e-06
        39 -1.028494e-04
        40 -7.844426e-05
        41  3.338144e-05
        42  2.601163e-08
        43 -9.066441e-05
        44  8.339347e-05
        45  5.764229e-05
        46  9.686061e-05
        47  1.896500e-07
        48 -2.348961e-04
        49 -7.829478e-05
        50  1.652400e-04
        51  1.955339e-06
        52  4.157755e-06
        53 -3.666095e-05
        54 -1.992224e-06
        55  2.717354e-05
        56  9.313026e-05
        57  2.646711e-04
        58  1.284734e-04
        59 -2.406440e-05
        60 -1.246219e-04
        61 -1.663812e-05
        62  4.569863e-05
        63  3.387456e-04
        64  2.134756e-04
        65  4.179068e-05
        66  1.947272e-05
        67  5.573101e-05
        68 -1.338603e-04
        69 -4.950174e-06
        70 -5.297246e-04
        71 -3.280527e-04
        72 -1.027350e-05
        73 -1.747192e-05
        74 -6.745586e-05
        75 -1.085809e-04
        76  1.061653e-04
        77  4.478877e-07
        78 -5.713882e-05
        79 -1.009517e-05
        80  1.364374e-04
        81  3.635848e-05
        82  2.806891e-05
        83 -7.861758e-04
        84 -2.039849e-04
        85 -8.203951e-06
        86 -1.902299e-04
        87 -1.019155e-05
        88  1.130956e-04
        89 -5.446706e-05
        90 -6.879915e-04
        91 -1.872646e-06
        92 -4.969902e-04
        93 -1.773107e-04
        94 -3.842383e-04
        95  2.022061e-08
        96  5.114737e-05
        97  1.048636e-06
        98 -1.824871e-04
        99 -7.787196e-05
       100  1.791402e-05
       101  2.754496e-04
       102  1.657531e-04
       103  1.423763e-05
       104  6.525465e-05
       105 -7.835186e-05
       106  1.934310e-06
       107 -1.754259e-06
       108  1.632285e-04
       109 -6.384173e-05
       110 -2.356829e-05
       111  3.890870e-05
       112 -2.121062e-04
       113  5.056222e-05
       114  4.578871e-04
       115  6.094513e-05
       116 -3.351063e-06
       117  1.376520e-04
       118  3.516374e-06
       119  5.198496e-05
       120  9.829368e-06
       121  6.079716e-05
       122 -2.309126e-04
       123  1.120946e-05
       124  1.398560e-05
       125 -1.337883e-04
       126  1.028733e-04
       127  6.486084e-04
       128  5.523443e-04
       129  2.507793e-04
       130  2.945434e-04
       131 -2.151563e-04
       132  4.267374e-05
       133  2.235717e-04
       134  2.990377e-05
       135 -1.004800e-04
       136 -2.561958e-04
       137  1.786836e-04
       138  2.341281e-05
       139  2.056656e-06
       140 -3.910007e-05
       141 -4.294135e-05
       142 -1.227012e-04
       143  2.100413e-04
       144 -4.018081e-06
       145  1.429256e-05
       146  1.397894e-04
       147 -4.356302e-04
       148 -1.208894e-07
       149  8.476477e-04
       150 -1.161858e-04
       151  3.121202e-04
       152  4.680527e-04
       153  1.574760e-05
       154 -1.098359e-04
       155  1.306096e-04
       156 -1.644512e-04
       157 -1.018410e-04
       158 -3.810959e-05
       159  5.680894e-07