       pos          info
         0 -7.558991e-04
         1  7.451332e-04
         2  2.652250e-03
         3  3.038766e-04
         4  8.137549e-04
         5  2.225881e-04
         6  2.996632e-04
         7  1.959642e-04
         8  2.333902e-04
         9  3.794968e-04
        10  5.430247e-05
        11 -4.282211e-05
        12  1.030832e-04
        13  5.121727e-04
        14  2.447852e-05
        15 -1.538592e-05
        16 -4.172781e-06
        17  2.448555e-04
        18  1.574790e-05
        19 -1.106322e-04
        20 -4.233496e-07
        21 -2.236636e-04
        22 -2.222604e-04
        23 -4.457040e-04
        24 -3.693840e-04
        25  4.211863e-05
        26 -7.624062e-05
        27 -3.027207e-04
        28 -4.348062e-06
        29 -1.213552e-05
        30  5.601888e-05
        31  1.239303e-04
        32  3.126869e-05
        33 -1.304800e-04
        34  3.998282e-05
        35  1.100606e-04
        36  1.162979e-04
        37  3.717132e-04
        38 -3.729223e-04
        39 -1.529406e-04
        40 -6.311712e-06
        41  1.714048e-05
        42  2.248979e-05
        43 -3.786103e-07
        44  5.414939e-06
        45  2.734240e-04
        46  1.050520e-05
        47  2.807039e-05
        48 -4.461570e-05
        49 -2.274586e-06
        50 -1.492812e-05
        51  3.964190e-05
        52 -3.269608e-05
        53 -6.254185e-06
        54  3.878906e-05
        55  2.301275e-05
        56  7.766172e-07
        57  2.124023e-04
        58  1.927664e-04
        59  1.719510e-05
        60 -5.039807e-05
        61 -1.013522e-04
        62  1.174734e-05
        63  1.180467e-05
        64  3.211953e-04
        65  5.457159e-05
        66  8.232798e-05
        67  1.134292e-04
        68  6.964320e-07
        69 -6.357434e-08
        70 -9.176573e-05
        71 -4.898353e-06
        72 -3.813181e-05
        73 -1.879485e-05
        74 -3.853156e-05
        75 -9.814820e-06
        76  3.705565e-07
        77  3.046955e-05
        78 -1.575137e-05
        79  1.559403e-05
        80  1.473224e-05
        81  3.624940e-05
        82  4.915423e-05
        83 -3.161295e-04
        84 -4.164464e-05
        85  1.807109e-05
        86 -2.756825e-06
        87  2.315799e-06
        88  1.106872e-04
        89 -2.846327e-06
        90 -1.723638e-04
        91  6.656159e-06
        92 -6.301645e-04
        93 -3.751229e-05
        94 -2.198254e-04
        95  1.094556e-06
        96  8.474911e-06
        97  6.536417e-06
        98 -1.243323e-05
        99  3.824317e-05
       100  2.999748e-05
       101  9.227844e-05
       102 -2.248186e-07
       103  4.125241e-06
       104  3.320877e-05
       105 -4.812893e-06
       106  8.483761e-05
       107  3.334799e-06
       108  1.486778e-04
       109 -1.272240e-04
       110 -2.895883e-06
       111  5.453132e-05
       112 -3.404527e-04
       113  1.508192e-05
       114  3.587380e-05
       115  2.043238e-06
       116 -3.391093e-05
       117 -4.073469e-10
       118  2.049543e-08
       119  3.542249e-05
       120 -3.358730e-05
       121  1.189337e-04
       122 -1.417363e-04
       123  1.598234e-05
       124 -2.079432e-05
       125 -2.019487e-04
       126  5.062627e-07
       127  1.342142e-04
       128  3.350546e-04
       129  1.213370e-04
       130  8.917277e-05
       131 -5.229431e-05
       132  2.792010e-05
       133 -1.926463e-06
       134  3.681018e-06
       135 -9.531572e-06
       136 -3.009032e-04
       137  7.083985e-06
       138  8.809735e-05
       139  2.055935e-05
       140 -2.937317e-05
       141 -2.121025e-05
       142 -4.615716e-05
       143  1.460654e-04
       144  1.690040e-05
       145  5.303929e-05
       146  4.998643e-05
       147 -8.362423e-05
       148 -1.413131e-05
       149  5.120976e-04
       150  8.039960e-05
       151  2.553746e-04
       152  1.707019e-04
       153  6.960952e-05
       154 -1.622302e-05
       155  7.212667e-05
       156  1.251547e-04
       157 -1.541737e-04
       158 -1.624345e-05
       159 -5.541566e-06