       pos          info
         0 -2.324594e-03
         1  9.436620e-04
         2  3.328188e-03
         3  7.399024e-04
         4  9.156223e-04
         5  1.841706e-04
         6  1.117676e-04
         7  6.739781e-04
         8  5.088415e-04
         9  3.779352e-04
        10  3.104535e-07
        11 -1.038852e-04
        12  1.183054e-04
        13  4.484076e-04
        14  2.175714e-05
        15  5.419062e-06
        16  8.387491e-06
        17  1.514424e-04
        18  9.302996e-06
        19 -5.704216e-05
        20 -5.505318e-05
        21 -4.330306e-05
        22 -1.020440e-04
        23 -7.617669e-04
        24 -4.974820e-04
        25  3.193268e-06
        26 -3.739125e-04
        27 -1.170041e-04
        28  2.453314e-06
        29 -1.334472e-06
        30  4.274389e-05
        31  1.130590e-05
        32  1.733342e-05
        33 -1.250223e-04
        34  5.231819e-05
        35  1.132971e-05
        36  1.144394e-04
        37  4.516186e-04
        38 -9.941616e-05
        39 -2.324250e-05
        40 -2.748941e-04
        41 -3.523254e-06
        42  2.787954e-05
        43 -1.088475e-05
        44 -6.034530e-05
        45  8.295086e-06
        46  1.130696e-04
        47  4.569566e-05
        48 -6.269305e-05
        49 -3.743843e-07
        50 -6.250565e-05
        51  2.694327e-07
        52 -8.454475e-06
        53 -2.073183e-04
        54  2.693983e-05
        55  1.208255e-05
        56 -3.075573e-05
        57  2.961017e-04
        58 -1.856601e-05
        59 -3.109840e-06
        60 -4.916022e-06
        61 -7.000148e-05
        62  2.113934e-07
        63  1.763982e-05
        64  2.512543e-05
        65  1.591904e-05
        66  1.669758e-04
        67  1.095732e-04
        68  8.595115e-06
        69  3.174354e-05
        70 -1.444177e-04
        71 -3.370388e-07
        72  6.609546e-08
        73 -2.922836e-05
        74 -1.715416e-04
        75 -6.941323e-06
        76 -5.290628e-06
        77 -3.999003e-06
        78 -1.214168e-05
        79 -1.470955e-08
        80  9.508288e-05
        81  7.209013e-08
        82  1.473515e-06
        83 -1.387355e-04
        84 -1.399295e-05
        85  1.777485e-04
        86 -2.115675e-05
        87 -3.788011e-05
        88  3.725473e-05
        89 -4.986042e-07
        90 -3.383655e-04
        91  7.933090e-05
        92 -2.307061e-04
        93 -1.148186e-04
        94 -4.661037e-04
        95  2.996845e-07
        96  5.370260e-06
        97 -1.473082e-05
        98 -1.693843e-04
        99 -2.721215e-05
       100  5.686026e-05
       101  3.113044e-05
       102  5.083639e-07
       103  5.208880e-05
       104  4.491138e-05
       105  5.132842e-06
       106  2.990441e-05
       107 -2.091974e-05
       108  1.052380e-04
       109 -1.572924e-04
       110 -3.157076e-05
       111  1.399732e-04
       112 -1.236510e-04
       113  1.885070e-05
       114 -7.537696e-07
       115  3.817213e-05
       116 -3.788707e-06
       117  3.418648e-05
       118  1.376468e-04
       119  1.861862e-05
       120 -2.654125e-05
       121  9.720314e-05
       122 -9.582866e-07
       123 -5.832365e-05
       124 -7.981043e-05
       125 -3.846703e-05
       126  6.659478e-05
       127  1.719294e-04
       128  1.430317e-04
       129  7.334106e-05
       130  8.129453e-05
       131 -1.765543e-04
       132 -1.134470e-04
       133 -2.451373e-05
       134  1.377266e-04
       135  6.904707e-05
       136 -3.438899e-04
       137  8.189316e-06
       138 -1.741556e-06
       139  3.481837e-05
       140 -1.639026e-04
       141 -6.473728e-05
       142 -3.948782e-05
       143  5.735269e-05
       144  1.469487e-07
       145  3.422699e-04
       146  8.519278e-05
       147 -1.653785e-04
       148 -1.448174e-04
       149  2.971231e-04
       150  3.011567e-06
       151  5.990051e-05
       152  7.009127e-05
       153  4.466214e-05
       154  1.427362e-06
       155 -2.420711e-06
       156 -2.907583e-06
       157 -4.749101e-06
       158 -1.810377e-04
       159 -4.264407e-05