       pos          info
         0  1.390692e-08
         1 -6.502369e-08
         2 -1.434898e-06
         3  3.394448e-08
         4 -2.949012e-07
         5  1.980318e-07
         6 -2.622436e-08
         7  3.232274e-07
         8  6.567982e-07
         9 -3.632907e-06
        10  4.654860e-06
        11  5.102163e-06
        12 -8.504431e-07
        13 -6.187902e-06
        14  2.195101e-05
        15 -6.160831e-08
        16 -4.610615e-06
        17 -1.332994e-06
        18  2.234277e-07
        19 -8.905795e-07
        20  1.316271e-07
        21 -7.674070e-07
        22  1.354299e-06
        23  6.203054e-09
        24 -8.500110e-07
        25 -3.200277e-07
        26  3.645700e-06
        27  7.850063e-08
        28  6.409415e-07
        29  8.713024e-06
        30  3.852009e-06
        31  8.161330e-07
        32  1.169743e-06
        33  1.079509e-05
        34  1.775161e-07
        35 -4.822000e-07
        36 -2.307316e-07
        37 -8.447332e-07
        38 -9.003431e-07
        39  1.042050e-07
        40  5.112256e-06
        41  7.531449e-06
        42  1.786059e-06
        43 -4.552376e-06
        44  8.658000e-10
        45 -1.221828e-06
        46  2.078818e-06
        47 -8.849958e-06
        48 -1.485475e-07
        49 -5.368562e-07
        50 -1.090721e-08
        51 -2.699839e-07
        52  2.215160e-06
        53 -2.929874e-06
        54  3.435325e-06
        55 -1.093559e-05
        56 -3.891154e-08
        57  9.191159e-06
        58 -9.497108e-07
        59 -8.934491e-07
        60  8.679204e-08
        61 -9.796506e-08
        62 -1.369756e-06
        63  2.202564e-06
        64  2.630891e-06
        65 -9.581197e-06
        66  1.430271e-08
        67  5.923311e-06
        68  3.057066e-08
        69  1.628625e-05
        70 -6.902717e-07
        71  1.152682e-06
        72  4.167819e-06
        73 -1.491776e-06
        74  1.227915e-05
        75  4.846390e-07
        76 -1.568763e-04
        77  2.887555e-05
        78  6.457860e-05
        79  1.331292e-05
        80 -8.160892e-08
        81  7.728633e-06
        82 -3.569197e-06
        83 -2.850031e-06
        84  2.551150e-06
        85  8.216505e-07
        86  9.921118e-08
        87  6.074745e-08
        88  1.328430e-09
        89  1.791005e-06
        90 -1.606248e-06
        91  8.587944e-08
        92 -5.829686e-06
        93  3.219006e-06
        94  7.513705e-08
        95 -1.170164e-05
        96  1.975622e-06
        97  1.789632e-07
        98 -8.703443e-06
        99  7.833478e-05
       100  7.130137e-05
       101 -1.066241e-06
       102  4.423883e-05
       103  2.906380e-05
       104  6.878501e-05
       105  2.458521e-06
       106 -2.214128e-07
       107 -1.011488e-06
       108 -1.506621e-05
       109 -1.718815e-07
       110  3.371506e-06
       111 -1.173716e-07
       112 -4.952415e-06
       113 -8.748546e-06
       114 -7.962950e-07
       115 -1.403266e-05
       116 -4.207408e-07
       117 -1.100291e-05
       118 -3.713417e-05
       119 -5.432407e-07
       120 -1.414172e-05
       121 -5.050495e-07
       122 -4.676287e-07
       123  1.486570e-05
       124  1.900199e-06
       125  1.601750e-06
       126  8.295784e-07
       127  7.529001e-07
       128  6.941180e-08
       129  4.732995e-07
       130 -5.969451e-07
       131  6.552348e-07
       132 -5.414934e-08
       133 -5.855967e-07
       134 -2.650482e-06
       135 -5.537679e-06
       136  5.265431e-07
       137  1.148946e-06
       138 -1.084698e-06
       139 -5.564437e-08
       140 -1.159423e-07
       141 -2.973784e-06
       142  5.212550e-07
       143 -2.219124e-06
       144  1.812424e-09
       145  3.476655e-07
       146 -1.741827e-06
       147 -1.570403e-06
       148 -1.892528e-07
       149  4.070848e-06
       150  3.368204e-06
       151  2.311173e-05
       152 -3.915253e-05
       153  1.490627e-06
       154 -4.781969e-06
       155 -3.758687e-06
       156  5.154175e-06
       157  9.946259e-06
       158  1.545705e-05
       159 -1.528636e-06