       pos          info
         0  8.790344e-06
         1 -3.936332e-06
         2  4.780848e-04
         3  2.317614e-04
         4  1.476117e-07
         5  1.599935e-04
         6  1.909607e-06
         7 -2.621781e-05
         8 -4.298916e-05
         9 -1.545786e-04
        10 -3.506402e-05
        11 -2.350616e-05
        12 -2.003568e-05
        13  1.609239e-04
        14  1.919279e-04
        15 -1.839537e-04
        16 -2.592306e-06
        17 -4.049629e-07
        18 -6.287349e-06
        19  9.653674e-05
        20 -7.276187e-05
        21 -3.313451e-05
        22  2.775088e-06
        23 -2.589135e-05
        24  2.611130e-05
        25 -5.002913e-06
        26 -1.237115e-05
        27  4.081338e-05
        28  7.783361e-06
        29 -3.087941e-05
        30  1.459300e-05
        31  5.909177e-04
        32 -1.218328e-04
        33 -9.349128e-05
        34  2.749266e-05
        35  1.052223e-05
        36 -2.180668e-04
        37  2.249028e-05
        38 -4.062381e-05
        39  6.189592e-05
        40 -1.005413e-05
        41  6.247882e-07
        42 -9.140736e-05
        43  9.271430e-07
        44  1.877929e-05
        45 -1.120701e-04
        46  9.835670e-07
        47  1.248799e-04
        48  3.320067e-05
        49 -1.606131e-04
        50 -2.109053e-06
        51  3.972688e-05
        52  2.342145e-05
        53  2.088794e-05
        54 -2.800566e-05
        55  2.362513e-04
        56  3.129265e-06
        57  1.509311e-04
        58 -8.647172e-06
        59  3.352120e-05
        60 -1.448022e-04
        61  1.005388e-04
        62  6.683755e-06
        63 -2.303354e-05
        64 -1.916167e-06
        65  1.307288e-04
        66  2.109017e-09
        67 -1.453937e-05
        68 -4.539409e-05
        69 -9.935878e-05
        70  1.998435e-07
        71  9.106832e-05
        72 -1.936429e-04
        73 -6.186809e-05
        74 -6.064135e-05
        75 -1.236398e-04
        76 -4.002818e-05
        77  6.908568e-06
        78  3.248149e-04
        79  6.985674e-05
        80  1.232699e-06
        81 -4.322329e-05
        82 -1.037851e-04
        83  1.099748e-04
        84 -3.773947e-06
        85 -1.840100e-04
        86  2.430984e-06
        87 -6.324253e-07
        88 -2.186091e-07
        89 -5.044999e-05
        90  7.703213e-06
        91  2.740092e-06
        92 -6.732437e-07
        93 -8.642733e-05
        94  1.567179e-04
        95 -1.189008e-05
        96  2.325550e-04
        97 -1.686446e-04
        98  4.840900e-05
        99 -4.937104e-06
       100 -6.182512e-04
       101  1.022176e-04
       102 -3.158149e-06
       103  1.238726e-04
       104 -8.145301e-06
       105  8.395407e-05
       106  2.043990e-04
       107  2.943774e-04
       108  2.903942e-08
       109  1.020956e-04
       110  9.107237e-06
       111  1.290454e-05
       112 -5.469416e-06
       113  4.978704e-05
       114 -1.731860e-04
       115  5.519087e-05
       116  8.731386e-05
       117  3.638161e-05
       118 -7.354951e-06
       119  3.904167e-07
       120 -9.149184e-05
       121  2.767575e-05
       122  4.464155e-06
       123 -8.949171e-05
       124 -6.963951e-05
       125  1.138268e-07
       126 -1.840679e-05
       127 -2.363939e-04
       128  5.297074e-05
       129  5.390441e-05
       130 -8.525026e-07
       131 -9.381655e-05
       132  2.087416e-04
       133  2.206420e-06
       134  2.338292e-05
       135  8.748655e-05
       136  7.488922e-06
       137 -1.657631e-04
       138 -3.189020e-05
       139 -1.290626e-04
       140  1.070572e-05
       141 -8.499580e-06
       142  2.520686e-04
       143  1.924333e-06
       144  7.242541e-05
       145 -2.137179e-05
       146  2.322338e-04
       147 -4.283927e-04
       148 -4.794977e-05
       149  1.939818e-07
       150  2.199319e-05
       151  8.617548e-07
       152 -2.104168e-04
       153  2.086891e-04
       154 -1.932240e-04
       155 -4.126391e-04
       156  1.466207e-06
       157 -1.597080e-04
       158  1.853684e-04
       159 -2.781907e-05