       pos          info
         0  5.128334e-05
         1 -3.883783e-05
         2 -5.219651e-05
         3 -1.165132e-05
         4 -6.124587e-05
         5 -4.323684e-05
         6 -1.052657e-05
         7 -3.977992e-06
         8 -2.021251e-07
         9 -5.707022e-06
        10 -4.459681e-05
        11 -4.210595e-06
        12 -5.107510e-06
        13  4.229705e-05
        14  5.421797e-06
        15  2.982872e-05
        16 -2.718009e-04
        17  4.402188e-05
        18  5.236200e-06
        19 -9.099943e-07
        20 -5.079814e-06
        21  1.206745e-04
        22  7.093432e-05
        23  2.214387e-05
        24  1.252572e-04
        25 -2.458546e-06
        26  2.077848e-04
        27 -3.570855e-05
        28  7.922564e-06
        29  5.275582e-05
        30 -6.103064e-07
        31 -4.614592e-05
        32 -1.853129e-07
        33  1.579494e-05
        34 -1.064665e-04
        35  2.575814e-06
        36  2.539740e-04
        37 -5.079363e-05
        38  2.841135e-05
        39 -5.443033e-05
        40  1.335572e-05
        41  3.354207e-07
        42  2.019546e-06
        43  9.961679e-05
        44  7.444182e-08
        45 -4.543977e-08
        46  9.060615e-05
        47 -5.028713e-05
        48 -1.088016e-04
        49  8.909503e-05
        50 -1.670820e-06
        51 -2.246316e-07
        52  1.117691e-04
        53  4.759363e-05
        54 -2.084466e-06
        55  1.307210e-05
        56 -1.806264e-04
        57  4.721263e-07
        58  2.686125e-05
        59 -5.953175e-07
        60 -5.780065e-07
        61 -2.464180e-05
        62 -9.533724e-06
        63 -2.268266e-04
        64  5.407085e-04
        65  7.449744e-07
        66 -2.201559e-04
        67  8.113686e-07
        68 -7.422932e-05
        69 -2.224093e-05
        70 -5.874998e-05
        71 -1.649115e-07
        72  3.232873e-05
        73 -3.216706e-06
        74  3.437941e-06
        75 -5.993051e-06
        76  1.154939e-08
        77 -2.631004e-06
        78 -3.690225e-08
        79 -1.054304e-04
        80 -1.408546e-05
        81  8.492239e-05
        82 -1.032007e-04
        83  5.396945e-06
        84 -4.760271e-06
        85  3.592508e-05
        86  1.595274e-05
        87  1.715129e-05
        88  8.650743e-06
        89 -1.559188e-05
        90 -5.973556e-04
        91 -4.572104e-06
        92  2.507505e-05
        93  1.847875e-06
        94  9.140938e-06
        95  1.092522e-04
        96 -3.998940e-04
        97  1.936386e-04
        98  2.016055e-06
        99 -2.771243e-05
       100  5.598422e-04
       101 -1.369085e-06
       102 -1.194328e-05
       103  1.623838e-04
       104  1.206387e-04
       105  8.231960e-05
       106 -4.878398e-05
       107 -1.555391e-04
       108  8.652948e-05
       109 -4.447298e-05
       110  2.755061e-05
       111 -1.328773e-07
       112  2.401972e-05
       113 -1.593269e-04
       114 -4.835641e-05
       115 -9.293176e-06
       116 -1.479558e-07
       117 -5.296895e-05
       118  5.537205e-05
       119 -4.114774e-05
       120 -1.206201e-04
       121 -2.453277e-07
       122  1.217926e-09
       123 -2.865472e-05
       124  3.351610e-05
       125  2.708665e-06
       126  1.465751e-04
       127  4.380393e-05
       128  9.397826e-05
       129 -6.840003e-06
       130 -5.194776e-06
       131 -3.361221e-05
       132 -2.777145e-04
       133  2.589791e-06
       134 -1.054182e-06
       135 -3.563239e-06
       136  3.610852e-05
       137  1.757868e-05
       138  2.438519e-05
       139  6.026154e-05
       140 -7.541918e-06
       141  8.191474e-05
       142  2.134184e-05
       143 -2.163584e-04
       144 -1.060802e-06
       145  9.692634e-06
       146  1.921134e-07
       147  1.127715e-04
       148 -8.776130e-06
       149  1.355725e-04
       150 -6.908929e-05
       151  1.183377e-04
       152 -1.846941e-07
       153 -4.962806e-05
       154  5.731424e-06
       155  8.548232e-05
       156  1.549144e-04
       157 -3.143586e-05
       158  4.335762e-05
       159  7.316651e-05