       pos          info
         0 -2.913179e-10
         1 -5.046935e-07
         2 -2.042866e-08
         3 -2.551699e-06
         4 -3.116227e-07
         5 -9.005381e-06
         6 -3.569282e-08
         7  3.042083e-07
         8 -1.631128e-06
         9  4.854895e-07
        10 -3.277836e-06
        11  1.681222e-06
        12  2.030488e-06
        13 -7.791319e-07
        14  2.722626e-07
        15  4.333352e-11
        16  2.753323e-07
        17  2.648740e-07
        18 -5.937125e-06
        19 -4.041993e-06
        20  7.328210e-07
        21  1.394579e-06
        22  1.977666e-07
        23  3.571381e-06
        24 -4.331606e-08
        25  7.402281e-10
        26  5.438900e-07
        27 -1.529747e-06
        28  1.952187e-08
        29  8.523967e-07
        30 -4.400655e-07
        31 -1.068708e-06
        32  8.562075e-07
        33  1.702613e-06
        34  4.266618e-06
        35  3.509826e-07
        36  1.537278e-07
        37  2.100944e-07
        38 -4.264404e-07
        39  8.372004e-07
        40  9.533137e-08
        41  2.627355e-06
        42 -9.816786e-06
        43  1.138760e-07
        44 -6.571130e-12
        45 -4.939910e-08
        46 -7.484635e-06
        47  4.136684e-08
        48 -2.437100e-07
        49  1.462886e-06
        50 -1.006526e-06
        51  7.479582e-07
        52  3.991259e-09
        53  1.779888e-06
        54  2.986481e-06
        55 -3.655926e-07
        56 -4.079146e-07
        57 -1.047892e-05
        58 -2.342308e-06
        59 -9.698170e-08
        60  5.382305e-08
        61  7.110426e-07
        62  1.736839e-06
        63  2.774830e-08
        64 -1.339632e-05
        65  2.255939e-06
        66  1.411613e-06
        67  6.488979e-07
        68 -1.464312e-06
        69 -5.878297e-08
        70  2.072899e-07
        71  6.133813e-07
        72  5.341655e-06
        73 -3.515468e-07
        74  1.062756e-06
        75 -2.092783e-05
        76 -1.036465e-06
        77 -5.084015e-08
        78  1.201081e-06
        79 -3.658428e-06
        80  2.864048e-07
        81  3.652316e-07
        82 -4.828824e-06
        83 -3.412801e-08
        84  2.642873e-06
        85  4.593819e-08
        86  6.275465e-07
        87 -3.076154e-07
        88 -2.459902e-06
        89  3.475731e-08
        90  2.003653e-06
        91 -5.398485e-06
        92  6.899712e-08
        93 -2.704954e-09
        94  3.324631e-06
        95 -1.169128e-10
        96  1.222063e-06
        97  4.965526e-07
        98  2.944761e-06
        99  1.331483e-06
       100  2.128311e-06
       101 -1.658410e-06
       102 -9.269938e-06
       103  1.514820e-06
       104 -1.229649e-06
       105 -5.988767e-10
       106 -4.382757e-06
       107  1.663541e-06
       108  6.149293e-07
       109  2.684253e-06
       110 -2.380854e-06
       111  1.382761e-06
       112 -1.024851e-06
       113  3.499649e-07
       114 -2.080266e-06
       115  3.704847e-06
       116  2.260893e-07
       117 -2.294388e-07
       118 -1.560374e-07
       119 -2.616481e-06
       120  6.665335e-07
       121 -3.531447e-08
       122  6.336291e-07
       123 -1.149236e-06
       124  2.130204e-07
       125  2.634504e-06
       126  1.742310e-06
       127 -3.673911e-06
       128  1.290826e-06
       129 -1.138351e-08
       130  5.811631e-07
       131  3.816991e-07
       132  1.655392e-06
       133 -8.337117e-07
       134  1.048229e-06
       135 -3.687216e-07
       136  2.038516e-07
       137  1.536682e-07
       138  5.228106e-08
       139  2.529784e-06
       140  8.353923e-07
       141  4.283983e-09
       142  1.975356e-06
       143  1.298206e-07
       144  9.757697e-07
       145 -6.778186e-06
       146 -8.757259e-07
       147  8.402575e-07
       148  7.858698e-08
       149 -4.338140e-10
       150 -1.164454e-07
       151  1.114741e-06
       152 -7.766622e-08
       153 -1.807850e-06
       154  4.436890e-06
       155  9.786127e-07
       156  1.657729e-07
       157  1.045181e-06
       158 -1.712121e-07
       159  7.950479e-07