       pos          info
         0  5.194877e-07
         1 -2.303427e-05
         2 -2.236808e-05
         3 -8.352032e-06
         4 -3.888081e-05
         5  1.563274e-04
         6  1.456213e-05
         7  3.090712e-06
         8  5.695213e-06
         9 -6.087308e-06
        10  1.175697e-05
        11 -2.002222e-05
        12 -6.321151e-06
        13  5.601013e-05
        14 -2.022203e-07
        15  6.375255e-10
        16 -6.098574e-07
        17 -2.442881e-05
        18 -6.567724e-06
        19  2.488602e-06
        20 -7.987430e-06
        21 -8.246988e-06
        22 -2.728765e-05
        23 -2.887166e-05
        24  1.433872e-05
        25 -1.446858e-05
        26  1.630640e-05
        27  2.095191e-04
        28  3.864071e-05
        29 -2.018238e-05
        30  5.070846e-05
        31  3.060608e-05
        32 -3.267572e-05
        33 -5.671653e-06
        34 -7.540151e-05
        35 -3.259922e-05
        36  2.247436e-05
        37 -1.019270e-05
        38 -6.112536e-06
        39  2.265200e-05
        40 -1.646148e-05
        41 -2.080841e-05
        42 -4.286149e-05
        43  1.121279e-04
        44 -1.032507e-07
        45  1.223096e-04
        46  3.421464e-05
        47  4.640880e-05
        48  9.922249e-08
        49 -1.296492e-05
        50  1.094649e-06
        51 -1.419196e-05
        52 -1.141908e-05
        53 -3.921157e-06
        54 -3.116459e-06
        55  3.004706e-05
        56  3.681638e-06
        57  4.390423e-05
        58  8.164468e-07
        59  2.166764e-05
        60 -2.997759e-05
        61 -1.640103e-06
        62 -3.829645e-06
        63 -5.027125e-06
        64  1.917315e-04
        65  2.490071e-09
        66 -2.544871e-05
        67 -3.130831e-05
        68  4.904893e-05
        69 -7.428601e-06
        70  3.593481e-05
        71 -7.354290e-06
        72 -3.358382e-05
        73  2.235573e-05
        74 -2.186350e-06
        75  4.609723e-05
        76  6.299974e-05
        77 -1.283926e-05
        78  5.924386e-06
        79  2.101400e-05
        80 -2.193986e-05
        81 -1.552005e-05
        82  7.348954e-05
        83 -2.166764e-06
        84 -2.923227e-05
        85 -1.888729e-05
        86  1.976751e-05
        87  5.921960e-06
        88 -2.691015e-06
        89  3.714378e-05
        90 -1.745249e-06
        91  5.300776e-05
        92 -5.914419e-07
        93  2.422084e-07
        94 -4.139606e-05
        95  2.102020e-04
        96 -4.290956e-06
        97 -4.013838e-06
        98 -3.189841e-07
        99  5.138583e-06
       100 -7.603494e-08
       101  7.005357e-05
       102  1.423624e-04
       103 -3.524878e-05
       104  5.252516e-08
       105 -2.226081e-05
       106  4.364238e-07
       107 -1.938127e-05
       108 -2.268281e-06
       109 -1.806413e-05
       110  2.226448e-06
       111 -5.347613e-06
       112  6.039028e-05
       113 -1.666508e-05
       114  3.463404e-07
       115 -3.983569e-05
       116  2.222898e-05
       117  1.017881e-05
       118  4.146983e-08
       119  1.920255e-05
       120 -2.019105e-06
       121  2.921880e-05
       122  7.855498e-06
       123 -7.204776e-06
       124  7.128257e-06
       125  7.586676e-05
       126 -4.046843e-05
       127  1.630721e-05
       128 -2.535067e-05
       129 -3.778073e-05
       130  2.631474e-08
       131  5.591293e-07
       132  1.373003e-05
       133 -3.384808e-05
       134  6.917089e-06
       135 -8.825892e-08
       136 -2.817421e-05
       137 -1.691769e-05
       138 -2.450244e-06
       139 -3.994165e-05
       140 -1.920749e-05
       141  1.743027e-05
       142 -9.751900e-06
       143  1.619025e-07
       144 -2.453575e-05
       145  9.617877e-05
       146  3.900326e-06
       147 -1.375813e-05
       148 -4.862969e-06
       149 -3.444845e-06
       150 -1.769183e-05
       151 -2.976097e-05
       152  8.885116e-07
       153  2.936173e-05
       154 -2.684877e-05
       155  1.001734e-05
       156 -3.757940e-05
       157 -3.128624e-07
       158 -2.552296e-07
       159  4.048156e-06