       pos          info
         0 -1.310491e-04
         1  9.354903e-05
         2  2.695596e-05
         3  2.513642e-05
         4 -1.597758e-04
         5  5.496843e-06
         6  9.539933e-05
         7  1.824188e-05
         8 -2.284179e-05
         9 -7.450311e-05
        10  1.387252e-04
        11 -1.520626e-06
        12 -1.425248e-04
        13  1.136880e-04
        14  3.270147e-04
        15  1.905595e-06
        16  5.540884e-05
        17  7.644178e-05
        18  9.230522e-05
        19  8.067530e-05
        20 -3.192256e-04
        21 -1.252520e-06
        22  1.213436e-05
        23  4.378279e-04
        24  5.223116e-05
        25  3.149529e-05
        26 -8.102680e-05
        27 -3.257008e-04
        28 -5.884598e-09
        29 -5.159209e-06
        30 -4.086506e-05
        31  1.888654e-04
        32  2.079098e-04
        33 -1.982075e-06
        34 -2.793273e-05
        35  6.411709e-06
        36 -3.897627e-04
        37 -9.957469e-06
        38  1.145930e-05
        39 -2.351030e-04
        40  1.072867e-06
        41  2.806305e-08
        42 -8.481690e-05
        43  2.425595e-05
        44 -1.883046e-06
        45  1.173147e-04
        46 -1.058665e-05
        47  3.026116e-05
        48  3.121242e-06
        49  4.388372e-05
        50 -2.266358e-06
        51 -2.028041e-06
        52  3.566273e-05
        53 -4.048059e-04
        54  4.354450e-05
        55  2.050810e-04
        56 -7.334821e-05
        57  2.483831e-04
        58 -1.041164e-04
        59 -1.820827e-05
        60 -1.560864e-06
        61  4.095124e-05
        62  1.056589e-04
        63  7.410986e-07
        64 -8.657828e-05
        65 -3.627442e-06
        66  5.010067e-05
        67  2.619860e-05
        68  4.676134e-05
        69  1.587926e-04
        70 -8.913604e-05
        71 -1.603545e-05
        72 -6.559973e-06
        73  1.958305e-04
        74 -1.435075e-06
        75  8.892430e-05
        76 -3.365957e-05
        77  1.201789e-04
        78  1.385370e-06
        79  7.229045e-06
        80 -3.598365e-04
        81  8.294593e-06
        82  1.916285e-04
        83 -1.303530e-03
        84 -1.086186e-04
        85  1.927872e-05
        86  1.056157e-04
        87  3.168744e-04
        88 -5.786123e-05
        89 -1.349159e-04
        90  1.905351e-05
        91 -2.704720e-06
        92 -6.487110e-05
        93 -1.276317e-05
        94  2.454757e-06
        95  1.042300e-06
        96 -2.577408e-05
        97 -1.707917e-05
        98 -8.733117e-05
        99 -5.753798e-08
       100 -4.231116e-06
       101 -3.463768e-06
       102  2.967107e-05
       103  3.374718e-05
       104 -7.414867e-06
       105  5.270943e-05
       106 -6.387570e-07
       107  1.862067e-04
       108 -9.195172e-04
       109  2.561554e-04
       110  7.242887e-06
       111  6.986357e-05
       112 -1.549272e-06
       113  3.449327e-05
       114  2.986325e-04
       115 -3.935700e-05
       116 -4.548154e-06
       117  4.203032e-04
       118  2.399669e-05
       119 -2.828982e-04
       120  4.343958e-06
       121  3.284375e-08
       122  7.076718e-05
       123 -1.507325e-04
       124  3.209349e-05
       125 -3.494100e-06
       126  1.649252e-05
       127 -6.200736e-05
       128  7.250924e-07
       129  2.182885e-04
       130  2.340205e-07
       131  1.572925e-05
       132 -1.016653e-05
       133  5.458283e-08
       134  3.644674e-05
       135  2.907684e-05
       136 -9.077438e-08
       137 -1.790884e-05
       138 -8.492388e-05
       139 -2.328206e-06
       140  3.770085e-05
       141 -4.547954e-05
       142 -1.174802e-04
       143  8.756488e-06
       144  4.984500e-05
       145  2.055285e-05
       146 -3.386346e-05
       147  1.986385e-04
       148  2.460290e-05
       149  6.135783e-05
       150  1.676353e-04
       151 -5.684232e-05
       152  9.022262e-06
       153  4.011994e-06
       154 -4.595432e-07
       155  6.768548e-05
       156 -1.629580e-07
       157 -1.721497e-07
       158 -5.345568e-05
       159  1.205336e-05