       pos          info
         0  1.204550e-04
         1  5.563866e-06
         2  4.187198e-04
         3  2.624287e-05
         4  7.934511e-05
         5  3.673748e-05
         6  1.374012e-04
         7 -1.077249e-04
         8  8.373959e-06
         9  9.374797e-07
        10 -1.270700e-09
        11 -4.989077e-05
        12  7.638836e-05
        13 -1.505786e-05
        14  1.166463e-04
        15 -1.247736e-04
        16  5.185229e-06
        17 -5.868834e-05
        18  8.831693e-05
        19  4.560518e-06
        20  2.273096e-05
        21 -2.869653e-06
        22  9.545273e-05
        23 -1.944888e-05
        24  8.236944e-06
        25  8.757888e-06
        26  5.000205e-06
        27  2.803143e-05
        28  5.842608e-05
        29  3.043865e-05
        30  1.083302e-04
        31 -1.855233e-06
        32 -2.103986e-04
        33 -7.569345e-04
        34 -2.419809e-05
        35 -3.540603e-04
        36  9.745200e-05
        37  1.753120e-04
        38  3.049045e-04
        39  5.035925e-05
        40  1.946813e-05
        41 -6.831675e-05
        42  4.464547e-05
        43  3.730191e-04
        44  3.626158e-06
        45 -1.224229e-04
        46  6.050820e-06
        47  1.419820e-04
        48  2.088060e-04
        49 -4.600351e-05
        50  3.423376e-06
        51  6.402322e-05
        52 -8.121862e-07
        53 -1.264176e-04
        54 -1.025851e-05
        55  5.209076e-05
        56 -4.702428e-04
        57  1.816321e-05
        58  8.775448e-06
        59 -9.980972e-06
        60 -3.603349e-04
        61 -1.004435e-05
        62 -1.080296e-04
        63  3.319333e-05
        64  3.016896e-06
        65 -1.039870e-04
        66 -3.067895e-05
        67 -1.989266e-04
        68  1.726194e-04
        69  1.101756e-05
        70 -1.892133e-05
        71  1.470456e-04
        72 -3.358529e-04
        73  3.181234e-04
        74  2.989085e-05
        75  3.288406e-05
        76 -5.364562e-04
        77 -3.431799e-04
        78 -6.867810e-04
        79  3.080190e-04
        80 -1.071661e-04
        81  3.145577e-04
        82 -3.147776e-04
        83  1.796942e-04
        84  1.156648e-04
        85  1.349223e-04
        86 -1.606980e-04
        87 -2.843639e-06
        88  4.331031e-04
        89  9.743981e-06
        90 -9.453054e-05
        91 -2.229498e-05
        92 -8.434245e-04
        93  5.092467e-06
        94  8.977005e-08
        95 -1.035758e-04
        96 -3.315291e-04
        97 -3.203525e-04
        98  2.065938e-04
        99 -8.162215e-05
       100 -1.377387e-03
       101 -3.135449e-04
       102 -5.699144e-04
       103  6.396175e-04
       104  5.691898e-04
       105  1.081501e-03
       106  7.027912e-04
       107  1.526300e-03
       108  1.648763e-04
       109  3.743799e-04
       110 -2.778031e-04
       111 -4.253855e-06
       112  1.548448e-04
       113  1.084494e-04
       114 -6.274235e-05
       115 -5.051588e-05
       116  3.873844e-05
       117  1.342897e-04
       118  2.778173e-04
       119 -3.128369e-05
       120  2.756042e-06
       121  4.294104e-05
       122  1.925539e-04
       123 -3.687091e-05
       124  1.123891e-03
       125  1.151875e-03
       126  7.585868e-05
       127  3.776953e-05
       128  4.344397e-05
       129  1.855407e-04
       130 -5.233878e-04
       131  2.375918e-05
       132  3.591144e-05
       133  1.267411e-04
       134 -3.259216e-05
       135 -4.159985e-04
       136 -1.396915e-04
       137 -1.808138e-04
       138  1.517366e-04
       139 -9.640918e-04
       140 -1.653269e-04
       141 -5.303696e-06
       142 -7.134745e-05
       143 -1.466992e-03
       144  2.076316e-05
       145 -1.291748e-04
       146  3.803312e-06
       147  1.388414e-03
       148  8.501914e-04
       149  6.542729e-05
       150 -1.641464e-04
       151 -2.139136e-03
       152  2.278569e-03
       153 -6.397344e-05
       154 -2.519128e-05
       155 -4.435808e-04
       156 -8.783687e-05
       157 -7.913110e-04
       158  4.844475e-05
       159  3.777582e-04