       pos          info
         0 -7.474626e-08
         1 -2.178708e-13
         2  1.303288e-07
         3 -4.992788e-08
         4  9.752848e-08
         5 -3.258307e-07
         6 -2.937077e-07
         7  1.420672e-08
         8  5.782778e-08
         9  5.827371e-11
        10 -9.528385e-08
        11 -1.552981e-07
        12 -3.886632e-08
        13  1.759555e-09
        14  1.596700e-07
        15  9.642149e-09
        16  4.501422e-09
        17  4.584038e-07
        18  8.758642e-09
        19 -9.762482e-09
        20  1.397501e-07
        21 -5.882846e-08
        22 -2.465691e-08
        23  5.926745e-08
        24  4.468785e-08
        25  1.051229e-08
        26  4.198780e-07
        27  8.223849e-08
        28  3.771548e-08
        29  1.421111e-07
        30 -2.226398e-07
        31  1.399971e-07
        32  4.357849e-07
        33 -5.359749e-08
        34 -2.927629e-07
        35  1.791744e-09
        36 -5.663685e-08
        37  4.340544e-09
        38  1.654335e-07
        39 -9.072009e-09
        40  1.661272e-08
        41  5.160605e-08
        42  2.230958e-07
        43 -3.607396e-07
        44  4.244977e-08
        45  3.438827e-09
        46 -4.152230e-07
        47  1.694282e-07
        48  2.701637e-07
        49  2.537862e-07
        50 -3.012236e-08
        51 -6.108882e-09
        52  8.479969e-07
        53  1.119955e-08
        54  4.581081e-09
        55 -1.658828e-07
        56  3.596774e-08
        57 -1.725318e-07
        58  9.503821e-07
        59  9.801663e-10
        60 -3.930004e-08
        61  4.238244e-07
        62 -1.431046e-08
        63 -5.512340e-08
        64  2.674617e-07
        65  2.100714e-08
        66  2.037821e-07
        67  1.288677e-07
        68 -5.478817e-09
        69  6.667598e-11
        70 -2.661284e-07
        71  1.469222e-08
        72 -1.724776e-06
        73  6.027457e-09
        74  8.178440e-07
        75 -9.865446e-09
        76 -7.869612e-09
        77  4.393435e-09
        78  1.390309e-06
        79 -4.279811e-07
        80  2.585993e-07
        81  2.066673e-06
        82  2.568163e-06
        83  3.209965e-07
        84  4.450771e-09
        85 -3.506061e-09
        86 -3.792038e-07
        87 -1.220719e-07
        88 -8.235662e-08
        89 -1.946629e-07
        90  3.046846e-09
        91 -2.612438e-07
        92  1.239668e-08
        93  2.965949e-07
        94  1.691835e-07
        95  1.390073e-07
        96  9.512333e-08
        97  2.094698e-08
        98 -1.068895e-07
        99 -3.701834e-09
       100  1.504663e-07
       101 -3.038667e-07
       102 -1.575858e-07
       103 -1.315670e-09
       104 -1.848438e-08
       105 -8.229342e-07
       106 -1.054967e-07
       107 -5.894825e-07
       108 -1.236292e-08
       109  4.563154e-08
       110  5.184554e-08
       111 -5.104379e-07
       112  3.327718e-08
       113  1.903101e-07
       114 -6.257949e-13
       115  1.287145e-06
       116 -1.225282e-06
       117  6.417725e-08
       118 -4.541386e-08
       119 -1.626288e-08
       120 -2.035823e-08
       121 -4.081044e-08
       122  1.289116e-12
       123 -2.900494e-08
       124  1.326606e-10
       125 -5.867301e-07
       126 -6.062656e-08
       127 -2.519259e-07
       128 -6.183831e-08
       129  4.029758e-08
       130  5.736959e-07
       131  4.222067e-08
       132 -5.117752e-07
       133  3.200925e-08
       134  2.094872e-07
       135  3.597803e-08
       136  5.402399e-07
       137  2.103886e-07
       138  7.379911e-08
       139 -1.914239e-08
       140  3.481754e-09
       141 -4.356774e-07
       142  8.787435e-09
       143 -1.393972e-07
       144 -6.502602e-08
       145 -1.202746e-07
       146  1.860921e-07
       147 -8.529864e-10
       148 -1.181370e-12
       149 -3.362841e-07
       150 -1.025994e-07
       151  1.297032e-07
       152 -1.228012e-09
       153 -2.509875e-08
       154  7.621359e-10
       155 -1.334414e-07
       156 -2.174563e-07
       157  5.255689e-08
       158  9.613601e-08
       159  1.141844e-07