       pos          info
         0  1.400865e-05
         1 -4.480078e-04
         2  5.874743e-04
         3  1.546206e-06
         4 -9.736258e-05
         5  1.821191e-04
         6  8.316736e-05
         7  8.042530e-05
         8  5.042758e-05
         9  1.082854e-04
        10  1.247585e-06
        11 -4.376970e-05
        12  3.800324e-05
        13 -3.011926e-04
        14  2.284879e-05
        15  3.353420e-05
        16 -2.084082e-04
        17 -2.057861e-05
        18 -3.699617e-04
        19 -4.580299e-06
        20 -2.493156e-04
        21  3.645552e-04
        22  6.186859e-07
        23 -6.032191e-08
        24 -6.902640e-05
        25 -3.485807e-04
        26 -1.963787e-06
        27  1.268520e-04
        28 -1.634339e-04
        29  7.133959e-07
        30 -1.624084e-05
        31  7.115031e-07
        32 -1.220737e-04
        33  1.103192e-04
        34 -6.391098e-06
        35  2.780580e-07
        36  6.983668e-04
        37  1.049751e-03
        38  5.468405e-05
        39  1.099785e-03
        40  1.634083e-06
        41 -5.574301e-05
        42  1.616637e-06
        43  5.978067e-04
        44 -1.034709e-06
        45 -4.915407e-04
        46  2.252279e-04
        47  9.193164e-07
        48 -1.578549e-04
        49  1.766790e-05
        50 -1.330559e-05
        51  8.897408e-07
        52 -1.984563e-04
        53  4.565133e-06
        54  4.144366e-05
        55 -2.121740e-07
        56  4.454833e-06
        57  3.829634e-05
        58 -3.535272e-05
        59 -1.245150e-04
        60 -2.543711e-04
        61 -2.320669e-06
        62 -6.133004e-05
        63  4.677744e-06
        64 -1.957544e-05
        65  3.167926e-05
        66  2.638211e-06
        67 -6.459082e-04
        68 -1.492128e-06
        69  1.377553e-05
        70  2.202142e-05
        71  1.233725e-04
        72  4.858499e-04
        73  3.661927e-04
        74 -4.873681e-05
        75 -2.329857e-06
        76  2.487407e-06
        77 -4.556042e-04
        78 -4.205705e-04
        79  6.224039e-04
        80 -3.002926e-05
        81 -1.049944e-03
        82 -1.950831e-03
        83  6.315447e-07
        84 -1.159605e-04
        85  2.697574e-05
        86  6.188820e-05
        87  1.180149e-04
        88 -1.275013e-05
        89  3.462353e-04
        90  3.123178e-05
        91  1.048788e-05
        92 -4.758188e-06
        93 -5.994494e-05
        94 -6.744251e-07
        95  6.928997e-09
        96  1.722289e-04
        97 -6.536823e-06
        98  3.258000e-06
        99 -2.330066e-04
       100 -6.001764e-04
       101  3.650871e-04
       102  8.806917e-05
       103  4.677152e-04
       104  8.613011e-05
       105 -3.886855e-05
       106  9.292138e-05
       107  1.247228e-04
       108 -1.125455e-03
       109 -2.736859e-05
       110 -1.809481e-04
       111  2.239289e-04
       112 -4.044690e-05
       113  7.233996e-05
       114  7.362758e-05
       115 -1.470768e-04
       116 -1.243817e-04
       117 -1.030918e-04
       118  2.481603e-04
       119  3.554832e-05
       120  7.564240e-04
       121 -1.184213e-04
       122 -2.103066e-04
       123  6.168858e-04
       124 -5.733346e-06
       125  4.656710e-06
       126 -2.541396e-05
       127  5.018367e-04
       128  2.177682e-09
       129  4.206234e-04
       130 -5.888848e-05
       131 -5.330764e-06
       132  5.437257e-04
       133 -3.314957e-05
       134  1.123976e-06
       135 -1.045354e-04
       136 -5.061415e-05
       137  3.492277e-04
       138  3.787691e-05
       139 -2.022804e-05
       140 -6.052150e-05
       141 -1.917332e-04
       142  6.191991e-04
       143  1.315526e-04
       144 -2.820718e-05
       145  2.467571e-04
       146  3.720860e-05
       147  5.787695e-05
       148  1.830680e-04
       149  2.173769e-05
       150  9.004884e-05
       151  9.419703e-05
       152  1.516596e-05
       153 -1.020630e-04
       154  6.486581e-04
       155 -2.301432e-06
       156  3.372542e-04
       157 -6.029138e-06
       158  2.691190e-04
       159  1.014970e-04