       pos          info
         0 -8.156847e-05
         1  9.652620e-07
         2 -4.959749e-06
         3  1.012717e-04
         4  1.146619e-04
         5  4.327609e-06
         6  3.359413e-05
         7 -2.044091e-05
         8 -5.954574e-05
         9  1.137621e-05
        10  1.074606e-05
        11  5.065569e-06
        12  4.656648e-05
        13 -1.023222e-04
        14 -6.485755e-06
        15 -1.959052e-05
        16 -2.278289e-04
        17 -5.956913e-05
        18 -4.432897e-05
        19  1.173719e-04
        20 -2.072076e-04
        21 -1.133370e-05
        22  4.058381e-05
        23 -6.653018e-08
        24 -1.106275e-06
        25  4.374175e-05
        26 -2.979373e-04
        27  1.517819e-05
        28 -1.377118e-04
        29  1.988799e-05
        30  1.313066e-04
        31 -2.383493e-06
        32 -2.576302e-05
        33  5.939576e-05
        34  3.041294e-06
        35 -8.168906e-08
        36  4.669623e-05
        37  5.208525e-05
        38  5.363558e-07
        39 -3.940212e-05
        40  2.460902e-05
        41  5.685659e-07
        42 -3.409894e-04
        43  3.822749e-05
        44  4.326445e-07
        45 -2.057958e-04
        46  2.046510e-04
        47 -2.887810e-05
        48 -1.008723e-03
        49 -6.000712e-05
        50 -6.105451e-06
        51  9.747129e-06
        52 -1.333993e-04
        53  1.766518e-05
        54 -2.662218e-06
        55 -1.310053e-05
        56 -3.491256e-05
        57 -4.061787e-05
        58 -2.677616e-04
        59  2.323852e-05
        60  8.226986e-05
        61 -5.265955e-04
        62  3.295443e-05
        63  1.082629e-04
        64 -1.668612e-04
        65 -8.673160e-06
        66 -7.726858e-05
        67 -7.021065e-04
        68 -3.797099e-08
        69  2.812871e-04
        70  3.885675e-04
        71  7.851295e-04
        72  1.966154e-03
        73  2.178074e-04
        74 -5.170048e-06
        75  1.358534e-04
        76 -2.131049e-04
        77 -9.650020e-08
        78 -2.071023e-03
        79  2.260507e-03
        80  8.587660e-05
        81 -4.586323e-03
        82 -3.406047e-03
        83  2.710598e-06
        84 -8.426130e-06
        85  2.454039e-05
        86 -5.359319e-05
        87  2.063518e-04
        88 -1.478205e-04
        89  4.234676e-04
        90  1.558601e-07
        91  2.957154e-05
        92  1.070656e-05
        93  1.440627e-05
        94  2.287179e-05
        95 -2.409801e-07
        96  1.113433e-06
        97  7.218606e-06
        98  1.070045e-04
        99  2.579939e-04
       100 -2.780276e-04
       101  2.040780e-04
       102  1.781791e-03
       103  1.268825e-03
       104  6.163644e-05
       105  4.488753e-04
       106  4.664479e-04
       107  2.369473e-03
       108 -5.642083e-04
       109 -3.740492e-05
       110 -5.023711e-04
       111  5.989458e-05
       112 -1.667784e-04
       113 -1.396416e-05
       114 -1.874399e-05
       115 -9.613300e-05
       116  6.100777e-04
       117 -2.125337e-04
       118  9.039932e-07
       119  1.119914e-04
       120  2.419134e-04
       121  9.565093e-06
       122 -7.974911e-05
       123  3.136764e-04
       124  2.889739e-04
       125  3.983466e-04
       126  6.093702e-05
       127  3.783682e-05
       128  1.380576e-04
       129  1.731531e-06
       130 -5.723488e-05
       131 -1.922611e-05
       132  1.139751e-04
       133 -8.132516e-07
       134 -2.787980e-08
       135 -1.011911e-04
       136  5.403468e-06
       137  4.694045e-05
       138 -2.038819e-05
       139  3.796560e-04
       140  7.232191e-05
       141  1.468496e-04
       142  6.397190e-05
       143  2.219297e-04
       144 -2.022685e-04
       145 -9.604275e-06
       146 -1.129311e-04
       147  2.538639e-05
       148  1.474035e-04
       149  4.917562e-05
       150 -6.333981e-05
       151  5.943501e-06
       152  1.097563e-04
       153 -1.989120e-06
       154 -7.755259e-05
       155 -5.208093e-04
       156  3.784945e-04
       157 -2.307729e-05
       158 -1.157850e-06
       159 -3.299485e-06