       pos          info
         0 -2.641910e-05
         1 -2.525828e-04
         2  1.283243e-04
         3  8.426027e-06
         4  1.681255e-05
         5 -1.180362e-07
         6  2.502611e-04
         7 -3.419843e-05
         8 -1.961921e-04
         9 -1.654860e-04
        10  1.735466e-04
        11  3.202578e-04
        12  7.925060e-05
        13 -2.224937e-04
        14 -4.293959e-06
        15  3.702150e-04
        16 -3.087352e-04
        17 -6.422278e-05
        18 -5.657131e-05
        19  3.600109e-05
        20 -3.319036e-04
        21 -3.382391e-06
        22  1.648760e-05
        23  4.329456e-05
        24  8.396746e-05
        25 -1.566191e-06
        26 -1.337231e-04
        27  4.949155e-05
        28 -3.192912e-04
        29  2.082379e-05
        30  3.712869e-05
        31  2.565919e-04
        32  1.561249e-05
        33  2.731428e-04
        34  4.795236e-05
        35 -6.736600e-06
        36  1.187729e-04
        37  2.788061e-04
        38 -1.759364e-05
        39  1.003069e-04
        40 -1.965886e-05
        41  1.863837e-04
        42 -3.142517e-04
        43  3.156045e-04
        44  3.029487e-06
        45 -3.871195e-04
        46  1.075889e-04
        47  1.536156e-05
        48 -1.842004e-04
        49 -9.124041e-05
        50 -2.312232e-04
        51  1.819885e-04
        52 -2.296339e-04
        53  3.503998e-05
        54  6.249684e-05
        55 -8.293717e-05
        56  1.883113e-05
        57  2.811212e-04
        58 -4.867467e-05
        59 -9.712963e-05
        60 -1.026556e-07
        61 -9.757924e-05
        62  4.099619e-06
        63  1.054500e-04
        64 -1.735825e-04
        65 -3.038025e-05
        66 -1.013592e-04
        67 -5.653832e-04
        68 -3.326287e-04
        69  2.446750e-04
        70  1.202687e-04
        71  1.775285e-04
        72  1.976663e-03
        73  3.515787e-04
        74 -2.909056e-04
        75  1.114756e-05
        76 -6.730551e-05
        77 -3.883631e-05
        78 -2.252502e-03
        79  1.206177e-03
        80  3.869613e-05
        81 -2.855650e-03
        82 -3.921990e-03
        83  4.474763e-07
        84 -1.214611e-06
        85  3.161897e-04
        86 -1.739303e-04
        87  1.574720e-04
        88 -3.067972e-04
        89  2.050456e-04
        90  1.142954e-04
        91  1.969532e-04
        92 -2.043718e-06
        93 -1.781911e-05
        94  1.456381e-04
        95  6.058936e-05
        96  1.844539e-07
        97  9.899135e-07
        98  2.307851e-04
        99  1.601719e-04
       100 -3.146817e-04
       101  2.830656e-04
       102  1.522770e-03
       103  7.879331e-04
       104  1.303637e-04
       105  2.325091e-06
       106  4.069699e-04
       107  1.026413e-03
       108 -1.606612e-04
       109 -2.478830e-05
       110 -7.197420e-05
       111  3.495904e-04
       112 -1.479473e-04
       113 -7.014861e-05
       114 -2.283219e-06
       115 -1.357969e-04
       116  4.224586e-04
       117  4.960803e-07
       118  2.746483e-06
       119  7.240343e-05
       120  2.515317e-04
       121 -1.778368e-05
       122 -4.649488e-05
       123  4.327987e-04
       124  7.497489e-04
       125  6.734697e-04
       126 -7.659561e-05
       127  1.116531e-04
       128  1.155930e-04
       129 -1.255788e-06
       130 -7.103939e-05
       131  2.610051e-06
       132  6.103426e-04
       133 -8.679058e-05
       134 -8.125133e-05
       135  1.530022e-06
       136 -4.753713e-06
       137 -2.646453e-05
       138  1.201461e-05
       139 -8.661207e-05
       140 -2.417671e-05
       141  1.230938e-04
       142  2.463996e-04
       143  4.621634e-05
       144 -2.237063e-05
       145 -1.888974e-05
       146 -1.185455e-05
       147  6.814908e-05
       148  3.494932e-04
       149  6.858984e-07
       150  2.465512e-05
       151  3.637139e-05
       152  7.074391e-08
       153  6.401482e-06
       154 -7.482651e-05
       155 -6.437288e-05
       156  1.503876e-04
       157 -5.882826e-06
       158  2.226474e-05
       159  1.048893e-07