       pos          info
         0  1.132515e-05
         1 -3.281787e-04
         2  3.005392e-07
         3 -7.323484e-07
         4 -6.106138e-05
         5  3.120436e-04
         6 -4.629860e-05
         7  2.702041e-04
         8  8.498066e-05
         9  8.578032e-05
        10 -1.758871e-04
        11 -7.377363e-06
        12 -3.657767e-04
        13  1.820256e-04
        14 -6.280393e-06
        15 -1.601397e-05
        16  1.620995e-04
        17  2.109873e-05
        18 -1.170482e-04
        19  1.485953e-05
        20 -3.236085e-06
        21  4.326212e-06
        22 -1.019244e-04
        23  6.455169e-05
        24  1.274453e-05
        25  7.728196e-05
        26  1.468363e-04
        27 -1.406084e-04
        28 -3.311426e-04
        29 -4.860012e-05
        30  1.503279e-04
        31  1.082656e-06
        32  1.148443e-05
        33 -1.877207e-06
        34  1.640343e-05
        35  2.084032e-05
        36  2.772881e-05
        37 -1.151083e-04
        38 -2.942658e-04
        39 -2.063909e-07
        40  5.188618e-04
        41 -7.212265e-06
        42  4.265575e-05
        43  5.081964e-06
        44  1.385555e-04
        45  5.580576e-06
        46  3.195972e-04
        47  6.144555e-04
        48  1.449271e-04
        49  2.157800e-04
        50  7.041722e-06
        51  3.898178e-04
        52 -8.609160e-06
        53 -6.399296e-05
        54  5.152107e-06
        55  1.532803e-05
        56  6.941637e-05
        57  1.527387e-04
        58  5.521961e-07
        59  9.866871e-04
        60  6.156313e-04
        61  4.113356e-04
        62  3.050014e-04
        63  8.144206e-04
        64 -7.685565e-07
        65  1.581430e-04
        66  5.792525e-07
        67  1.401926e-04
        68  2.036441e-04
        69  5.986530e-04
        70  6.780131e-05
        71 -2.710367e-04
        72 -1.686668e-04
        73  8.979574e-04
        74  5.241428e-04
        75 -2.167175e-05
        76  4.012132e-04
        77  6.739362e-05
        78  7.969615e-05
        79  5.365508e-04
        80  1.289725e-04
        81  7.749121e-04
        82 -2.429977e-05
        83  1.923073e-03
        84  1.536558e-04
        85 -4.398804e-04
        86 -1.077942e-03
        87  6.649529e-04
        88 -5.432362e-04
        89 -1.033861e-03
        90 -1.196777e-03
        91 -1.477736e-04
        92  1.110750e-06
        93 -1.058402e-04
        94 -2.195032e-04
        95 -2.310043e-04
        96 -1.322978e-04
        97  4.715854e-05
        98  7.553358e-04
        99  1.555613e-05
       100 -1.114410e-05
       101  6.943011e-04
       102  4.434003e-04
       103  5.322492e-05
       104 -2.514640e-03
       105  6.765417e-05
       106  7.959144e-04
       107  2.051018e-03
       108  1.482070e-05
       109  1.945365e-03
       110 -2.238681e-04
       111  2.875605e-03
       112  2.092137e-05
       113  2.404297e-05
       114 -7.523884e-06
       115 -1.479413e-03
       116 -3.082322e-06
       117  2.310270e-04
       118  1.230397e-04
       119  2.890158e-05
       120 -8.172199e-05
       121  2.874043e-06
       122  1.680838e-08
       123 -7.540046e-05
       124 -1.917567e-04
       125 -6.475424e-07
       126  5.243151e-05
       127 -2.983514e-06
       128  2.407785e-05
       129 -1.304777e-04
       130  1.868577e-04
       131 -9.421191e-05
       132 -1.325317e-06
       133 -1.241398e-04
       134 -3.004122e-04
       135  6.464479e-06
       136 -1.046989e-06
       137  3.557752e-05
       138 -1.472049e-04
       139 -5.490835e-05
       140 -8.375511e-06
       141 -4.825896e-05
       142 -3.276695e-05
       143  4.620090e-05
       144 -1.420284e-04
       145  2.159712e-05
       146  7.430348e-05
       147  6.111400e-05
       148  3.646892e-06
       149  3.061183e-05
       150 -1.715118e-06
       151  4.856702e-04
       152  3.181647e-05
       153  2.306029e-04
       154  3.055738e-04
       155  2.229190e-04
       156  1.586649e-05
       157  4.307539e-05
       158  5.347845e-05
       159  1.539266e-04