       pos          info
         0  1.746675e-04
         1 -7.542000e-06
         2 -9.667656e-05
         3  1.639628e-05
         4  2.349411e-05
         5  2.038383e-05
         6  7.851724e-06
         7 -5.486324e-05
         8  7.610316e-05
         9  6.033310e-06
        10 -4.201444e-06
        11 -3.748941e-05
        12 -2.634926e-05
        13  6.480003e-07
        14  1.440509e-04
        15 -3.691077e-06
        16  1.283250e-05
        17  8.859886e-07
        18  1.537236e-04
        19  4.321218e-05
        20 -1.166292e-06
        21  1.386058e-04
        22 -1.393272e-06
        23  2.664672e-04
        24  1.149412e-05
        25  7.965886e-05
        26 -1.850669e-09
        27 -2.650220e-05
        28 -4.661391e-05
        29 -8.932715e-06
        30 -1.603897e-05
        31 -6.746013e-06
        32  7.790915e-05
        33  2.287432e-05
        34  3.598051e-05
        35 -2.713494e-05
        36 -3.263339e-05
        37 -8.275597e-05
        38  1.549666e-07
        39 -1.714365e-04
        40  2.616247e-05
        41  3.090156e-04
        42 -7.399117e-07
        43  1.789718e-04
        44 -1.913814e-08
        45 -1.646204e-04
        46 -8.811967e-05
        47  1.531395e-07
        48 -8.067081e-05
        49 -8.615025e-06
        50  7.643301e-05
        51  3.382239e-06
        52  7.842550e-04
        53 -3.801278e-05
        54 -4.610525e-05
        55 -1.103588e-04
        56  2.629195e-05
        57 -4.959453e-05
        58 -1.044247e-04
        59  9.887969e-05
        60  1.022036e-07
        61 -6.214847e-06
        62  1.667735e-05
        63  1.135971e-04
        64  1.957409e-04
        65  1.914864e-04
        66  2.254199e-05
        67  4.984095e-05
        68  1.190109e-04
        69  7.733157e-06
        70  4.797171e-05
        71  1.287936e-06
        72  1.200619e-07
        73 -3.101979e-05
        74 -1.435146e-04
        75  1.765569e-05
        76  7.354852e-05
        77  5.358509e-04
        78 -1.502265e-05
        79  4.730847e-03
        80  3.252830e-03
        81  4.913244e-03
        82  4.654753e-03
        83  3.780208e-03
        84  2.530077e-03
        85  2.627481e-04
        86 -2.822320e-05
        87  1.756958e-04
        88  4.298987e-05
        89 -9.746769e-05
        90 -1.312639e-05
        91 -1.008590e-04
        92 -2.196093e-05
        93  4.450549e-08
        94 -3.781439e-05
        95  5.880403e-05
        96  3.020531e-05
        97  6.197212e-04
        98 -3.018159e-05
        99 -1.709612e-04
       100 -2.629689e-04
       101  8.483884e-04
       102  3.881285e-03
       103  5.848812e-04
       104  4.498512e-04
       105 -4.120387e-04
       106  4.576356e-04
       107 -2.043531e-03
       108  2.729615e-03
       109  4.525859e-04
       110  4.344926e-06
       111  2.360690e-07
       112 -8.015753e-05
       113 -1.484620e-06
       114  2.582358e-04
       115  5.946557e-05
       116 -3.800729e-05
       117 -4.823644e-07
       118 -2.990709e-05
       119 -6.027304e-06
       120 -4.971270e-06
       121 -2.758029e-05
       122  2.759292e-04
       123 -1.727271e-06
       124 -1.820115e-05
       125 -2.060470e-05
       126  8.730722e-05
       127 -7.315099e-05
       128 -1.338868e-03
       129 -4.090854e-04
       130  2.727588e-04
       131  2.229225e-04
       132  4.376747e-04
       133 -2.723190e-05
       134 -8.718489e-04
       135 -1.614172e-04
       136 -2.239312e-04
       137  7.329779e-05
       138  2.170779e-05
       139  1.040147e-08
       140 -1.932188e-06
       141 -5.774887e-06
       142  6.944852e-04
       143  7.081777e-04
       144  5.624885e-04
       145 -5.496556e-06
       146  1.536566e-05
       147  7.598279e-05
       148 -2.607035e-04
       149  1.795922e-04
       150  9.257596e-05
       151  4.137332e-04
       152 -1.633153e-04
       153  3.600122e-05
       154  3.924922e-04
       155 -6.935985e-07
       156 -6.726084e-05
       157  7.528641e-05
       158  8.257833e-05
       159  7.106951e-05