       pos          info
         0  1.601094e-04
         1  3.068264e-06
         2 -6.517234e-05
         3  2.604407e-05
         4  4.360286e-08
         5  9.444497e-05
         6 -1.467990e-06
         7 -1.219115e-05
         8  2.162871e-04
         9  4.522406e-06
        10 -8.373752e-06
        11 -1.367259e-05
        12 -5.283323e-06
        13  2.828096e-06
        14  4.868815e-05
        15  4.578155e-05
        16  1.467357e-04
        17 -5.769069e-06
        18  6.573122e-05
        19 -3.704149e-06
        20  1.215736e-05
        21  2.460477e-04
        22 -2.029530e-05
        23  1.849352e-04
        24 -6.263026e-06
        25  2.317938e-05
        26 -1.187932e-06
        27 -7.529197e-08
        28 -2.537712e-05
        29  8.496949e-06
        30 -5.397976e-06
        31 -1.423116e-05
        32  2.114225e-04
        33 -1.938514e-06
        34  6.138206e-07
        35 -7.820167e-06
        36 -6.161172e-06
        37 -1.843232e-07
        38  2.916304e-06
        39 -7.700697e-05
        40  1.299286e-05
        41  1.311202e-04
        42 -3.382388e-05
        43  9.432985e-06
        44  5.322209e-05
        45 -1.505182e-04
        46 -5.234440e-06
        47  1.099356e-05
        48 -3.316964e-05
        49 -5.637357e-05
        50  4.917957e-05
        51  6.568794e-07
        52  5.897501e-04
        53 -3.630874e-05
        54 -1.324181e-05
        55 -2.344682e-04
        56  9.726870e-05
        57 -1.839520e-05
        58 -8.471278e-05
        59  2.321310e-06
        60 -7.240149e-08
        61 -2.985572e-06
        62  4.024482e-05
        63  1.422719e-04
        64  1.541970e-04
        65  2.516943e-04
        66  4.634265e-05
        67  9.204934e-05
        68  1.410509e-04
        69 -1.725628e-05
        70  3.204276e-05
        71 -8.295710e-05
        72  2.649154e-07
        73 -1.508471e-04
        74 -2.888731e-04
        75  7.150400e-05
        76  1.078734e-04
        77  7.139491e-04
        78 -1.610098e-05
        79  4.848302e-03
        80  2.446795e-03
        81  6.318617e-03
        82  5.385308e-03
        83  4.834576e-03
        84  2.428428e-03
        85  3.679905e-04
        86 -4.095925e-05
        87  2.526970e-05
        88  3.755549e-05
        89 -3.432789e-05
        90 -2.046135e-04
        91 -4.611294e-05
        92 -1.104492e-04
        93  2.927637e-06
        94 -4.660260e-06
        95  3.869644e-05
        96  6.535947e-05
        97  7.174403e-04
        98 -1.266670e-07
        99 -3.045135e-04
       100 -1.730959e-04
       101  1.045561e-03
       102  4.600395e-03
       103  8.340648e-04
       104  3.769064e-04
       105 -8.433270e-04
       106  4.725148e-04
       107 -1.355263e-03
       108  2.907307e-03
       109  6.331744e-04
       110  2.243020e-06
       111  1.552608e-05
       112 -1.056981e-04
       113  1.625248e-06
       114  1.000786e-04
       115  2.680161e-06
       116  5.055863e-06
       117 -1.398559e-07
       118 -1.023251e-04
       119  6.106506e-06
       120  3.167687e-05
       121 -2.832787e-05
       122  1.209878e-04
       123 -9.173271e-08
       124 -6.235483e-06
       125  2.908276e-08
       126  2.496335e-05
       127 -3.060143e-05
       128 -5.578385e-04
       129 -3.283946e-04
       130  1.627997e-04
       131  9.078574e-05
       132  4.593219e-04
       133 -5.459784e-05
       134 -7.139740e-04
       135 -1.202372e-04
       136 -1.149101e-04
       137  5.288732e-05
       138 -1.142253e-07
       139 -1.752811e-05
       140  2.355391e-07
       141 -1.486078e-05
       142  5.780436e-04
       143  2.111579e-04
       144  2.093511e-04
       145  8.563187e-06
       146  7.598739e-06
       147  1.019997e-05
       148 -4.301340e-04
       149  2.384360e-04
       150  5.925575e-05
       151  2.990159e-04
       152 -1.703432e-05
       153  1.599067e-05
       154  1.617297e-04
       155 -1.211972e-05
       156 -5.764943e-05
       157  1.400638e-04
       158 -6.005089e-06
       159  5.296886e-06