       pos          info
         0 -3.099557e-05
         1 -6.645800e-06
         2  3.710143e-05
         3  1.167804e-03
         4  1.180935e-04
         5 -1.043007e-04
         6  1.093776e-05
         7  6.179258e-06
         8 -1.015211e-05
         9  7.126382e-05
        10 -2.446384e-07
        11 -4.128763e-07
        12  6.291863e-04
        13 -1.784581e-05
        14  2.916296e-04
        15 -3.153603e-05
        16 -3.513213e-07
        17 -1.480001e-08
        18 -1.272623e-04
        19 -1.338059e-04
        20 -1.040276e-06
        21 -2.032391e-04
        22 -2.184644e-05
        23 -1.662184e-04
        24 -1.304152e-05
        25  4.207666e-05
        26  5.094934e-04
        27 -5.833300e-06
        28 -3.872546e-04
        29  3.559985e-05
        30  8.185045e-05
        31  1.903368e-04
        32 -7.157531e-06
        33  5.091508e-05
        34 -2.156568e-04
        35  1.035488e-06
        36  1.267016e-04
        37 -8.650174e-05
        38 -4.259141e-05
        39  1.804735e-03
        40  2.861557e-05
        41  2.695709e-05
        42 -1.751413e-05
        43  2.447069e-05
        44 -3.779569e-05
        45  2.748030e-04
        46  2.490187e-04
        47  6.030200e-05
        48  2.256527e-05
        49  6.117324e-07
        50  7.915574e-04
        51 -7.677166e-04
        52  9.788568e-06
        53 -2.807688e-04
        54  2.049305e-04
        55 -3.423194e-05
        56  1.357769e-05
        57  1.751694e-05
        58 -8.841186e-06
        59  6.158176e-06
        60  3.424927e-05
        61 -1.018077e-05
        62  4.702489e-04
        63  6.307388e-04
        64 -9.096100e-06
        65 -4.096461e-04
        66  4.496001e-06
        67  6.434738e-04
        68 -2.335345e-13
        69 -1.234357e-04
        70 -5.335984e-05
        71  1.963962e-05
        72  1.045137e-03
        73  3.118795e-04
        74 -7.381475e-06
        75 -2.124721e-05
        76  2.134324e-04
        77 -2.454849e-05
        78 -1.072683e-03
        79 -3.753623e-05
        80  2.142588e-04
        81  1.113644e-04
        82  6.088314e-04
        83 -6.182682e-06
        84 -7.896153e-04
        85 -2.972410e-04
        86 -3.576841e-05
        87 -3.459363e-04
        88 -3.849335e-06
        89 -2.103408e-04
        90 -5.054591e-04
        91  1.442151e-04
        92  6.883716e-05
        93  5.318843e-07
        94 -1.203715e-06
        95  6.120235e-05
        96 -8.589530e-04
        97  3.345234e-04
        98 -1.022784e-04
        99  3.769866e-06
       100  3.350460e-04
       101 -3.245161e-05
       102  5.980091e-05
       103  1.397279e-07
       104  3.328643e-04
       105 -6.545655e-05
       106  9.820674e-05
       107  1.716766e-05
       108 -3.648804e-04
       109  3.634273e-06
       110 -3.809414e-05
       111  1.275136e-05
       112 -4.025690e-04
       113 -3.399478e-05
       114 -7.399119e-05
       115  1.281104e-04
       116  5.163340e-04
       117  1.205899e-04
       118  5.391287e-06
       119 -6.035505e-04
       120 -3.462093e-04
       121  3.438970e-07
       122 -9.504734e-10
       123  1.311843e-04
       124 -6.009180e-06
       125 -3.114685e-05
       126 -3.599081e-04
       127  1.508230e-04
       128 -1.032692e-05
       129 -1.257119e-04
       130 -8.051571e-04
       131 -4.306414e-06
       132  3.139232e-04
       133 -1.779356e-04
       134 -2.146368e-05
       135 -1.099946e-06
       136 -1.999509e-05
       137 -2.114147e-04
       138 -7.673085e-05
       139 -1.199795e-03
       140  8.623995e-05
       141 -6.330180e-06
       142 -6.849226e-06
       143 -2.073249e-08
       144 -2.078723e-04
       145 -6.353632e-05
       146 -6.409144e-09
       147  9.164915e-05
       148  4.546972e-05
       149  2.061091e-04
       150 -5.962955e-06
       151  1.949324e-04
       152 -2.058097e-04
       153  9.006613e-05
       154  2.766575e-05
       155 -6.061255e-04
       156  1.016968e-04
       157  2.633305e-05
       158 -2.265328e-05
       159 -3.679860e-04