       pos          info
         0  8.860355e-05
         1  1.829161e-05
         2 -7.095624e-06
         3  6.956154e-05
         4 -1.318118e-05
         5  3.861534e-06
         6 -2.769931e-05
         7 -1.269773e-05
         8  2.184835e-05
         9  4.230386e-06
        10  3.619271e-05
        11  1.144115e-08
        12 -4.534535e-07
        13  1.291367e-09
        14  1.621492e-04
        15 -2.846555e-05
        16 -1.621460e-07
        17  2.116900e-07
        18  1.346180e-04
        19  4.658887e-06
        20  3.926626e-05
        21  2.201857e-04
        22 -4.042624e-06
        23  1.711103e-04
        24 -1.695241e-05
        25 -4.436322e-06
        26 -2.770308e-05
        27 -4.083125e-05
        28 -9.773961e-06
        29  1.549337e-05
        30 -6.864618e-05
        31  1.010436e-05
        32  3.578680e-05
        33  8.298383e-06
        34  1.858228e-04
        35 -1.065506e-05
        36 -9.995392e-06
        37  8.376861e-06
        38  2.510550e-05
        39 -2.686628e-04
        40  1.517586e-05
        41  1.991187e-04
        42 -5.311239e-05
        43  3.220094e-04
        44  3.028557e-05
        45 -1.883041e-04
        46 -3.751572e-05
        47 -3.226426e-06
        48 -4.409298e-05
        49 -6.673167e-05
        50  5.473247e-05
        51  6.754609e-06
        52  4.218486e-04
        53 -6.680788e-06
        54 -3.628130e-06
        55 -1.507756e-04
        56  1.013787e-05
        57 -3.806055e-09
        58 -6.154423e-05
        59  8.109695e-05
        60  6.794368e-05
        61  2.894308e-05
        62  5.555121e-05
        63  1.999793e-04
        64  5.028998e-04
        65  1.109476e-04
        66  1.076498e-04
        67  8.870450e-05
        68  2.237917e-04
        69 -2.678663e-05
        70  5.086439e-05
        71 -3.980226e-05
        72  2.119722e-05
        73 -9.931637e-05
        74 -5.900357e-05
        75  9.043672e-07
        76  2.533438e-04
        77  4.192685e-04
        78 -1.648246e-08
        79  5.709701e-03
        80  3.254161e-03
        81  5.563695e-03
        82  4.596369e-03
        83  5.761765e-03
        84  2.811724e-03
        85  7.908278e-05
        86  5.589998e-07
        87 -1.079164e-05
        88  7.178816e-05
        89 -6.645848e-06
        90 -3.311170e-05
        91 -1.897524e-04
        92 -1.921660e-04
        93  5.465084e-07
        94  5.630281e-06
        95  4.906374e-06
        96  5.844546e-06
        97  2.068807e-04
        98 -7.369145e-05
        99 -7.891761e-05
       100 -2.597588e-04
       101  1.155953e-03
       102  4.032127e-03
       103  1.963615e-04
       104  2.847310e-04
       105 -4.897571e-04
       106  3.940973e-04
       107 -2.336463e-03
       108  2.219035e-03
       109  5.584905e-04
       110 -4.879861e-05
       111  6.823230e-05
       112 -9.186231e-05
       113  5.773748e-06
       114  6.062044e-05
       115  3.800692e-05
       116 -3.050028e-07
       117 -1.457228e-06
       118 -2.778616e-05
       119 -1.309336e-05
       120 -6.480017e-06
       121 -1.367767e-06
       122  4.761839e-04
       123 -1.827994e-05
       124 -9.744655e-06
       125 -1.569725e-05
       126  1.507795e-04
       127  7.287667e-07
       128 -1.206959e-03
       129 -7.547716e-04
       130  4.774236e-05
       131  8.764446e-07
       132  9.036141e-04
       133  1.833002e-06
       134 -1.163270e-03
       135 -1.609680e-04
       136 -5.969760e-05
       137  1.429177e-04
       138  1.309684e-04
       139 -1.412629e-05
       140  8.063105e-06
       141 -1.541594e-04
       142  6.910189e-04
       143  3.701611e-04
       144  2.191191e-04
       145 -1.247038e-06
       146 -5.077261e-07
       147  3.229758e-05
       148 -5.895214e-04
       149  5.687204e-04
       150  1.881852e-08
       151  2.971546e-04
       152 -6.643048e-05
       153  4.838237e-05
       154  1.445255e-04
       155 -4.761141e-06
       156 -1.481719e-04
       157  6.437550e-05
       158  9.176276e-06
       159  1.238394e-05