       pos          info
         0  5.580955e-07
         1 -2.175528e-04
         2 -1.325635e-04
         3  2.384585e-05
         4  2.660039e-05
         5 -2.218913e-04
         6  3.855367e-06
         7 -3.479990e-05
         8  5.604172e-05
         9 -2.384708e-06
        10 -1.680069e-04
        11 -7.020707e-05
        12  2.869362e-07
        13 -2.786611e-04
        14  4.558389e-05
        15  9.587717e-05
        16  5.799215e-05
        17 -3.011140e-06
        18  5.677374e-05
        19 -2.559491e-04
        20  2.344082e-04
        21  8.758151e-05
        22  4.845906e-06
        23  7.338953e-06
        24 -8.496999e-07
        25 -1.477585e-05
        26  2.255760e-04
        27  3.127804e-04
        28  3.812244e-05
        29  4.097675e-06
        30 -1.440553e-05
        31  2.437058e-06
        32 -1.227087e-04
        33 -3.334093e-05
        34  3.929430e-07
        35  1.225202e-04
        36  6.726497e-04
        37  2.205574e-04
        38  1.715202e-04
        39  1.714435e-04
        40  1.848731e-04
        41  2.311604e-05
        42 -6.505851e-07
        43  1.091542e-03
        44  1.041396e-03
        45  1.692641e-04
        46 -2.570084e-05
        47  2.223656e-05
        48  2.348365e-04
        49 -2.398238e-04
        50 -2.555565e-05
        51 -6.211408e-06
        52  6.754972e-05
        53 -5.589346e-05
        54  2.786017e-05
        55  5.824124e-04
        56  1.419804e-04
        57  2.249733e-06
        58 -1.542034e-05
        59  3.527994e-04
        60  9.990942e-06
        61  3.733574e-04
        62  3.089414e-06
        63 -1.033405e-04
        64  1.506012e-03
        65  7.191861e-04
        66  9.734194e-04
        67  5.147903e-04
        68  1.607796e-04
        69 -9.750028e-07
        70  4.051811e-04
        71  4.397384e-07
        72  8.644078e-04
        73  3.186191e-03
        74  1.208765e-03
        75  1.910179e-03
        76 -8.869488e-04
        77  4.605321e-04
        78 -1.831496e-04
        79  6.757374e-05
        80 -1.106004e-04
        81  8.153053e-05
        82 -1.295958e-06
        83  4.565699e-05
        84  3.515642e-04
        85 -4.037482e-05
        86 -8.943061e-07
        87  1.395874e-05
        88  6.988046e-04
        89  2.524943e-04
        90 -1.289052e-04
        91 -7.699662e-04
        92  1.973221e-04
        93 -1.232111e-03
        94  1.876754e-03
        95  1.790720e-03
        96  2.656983e-03
        97  2.931079e-04
        98  2.675805e-03
        99 -1.072413e-03
       100 -2.177996e-03
       101 -1.121020e-03
       102 -1.683713e-03
       103 -2.676041e-04
       104 -3.613097e-04
       105  2.252149e-05
       106  1.854716e-04
       107  7.667390e-04
       108  2.131368e-04
       109  1.390315e-04
       110  4.042238e-04
       111 -2.355138e-04
       112 -1.552601e-05
       113  1.084342e-05
       114  4.310276e-05
       115 -2.084143e-05
       116  1.515937e-04
       117  3.751458e-04
       118  3.774916e-06
       119  6.652691e-05
       120  3.723797e-06
       121 -7.556062e-05
       122 -6.059391e-05
       123 -2.548748e-04
       124 -1.296987e-06
       125 -6.423932e-05
       126  2.547316e-05
       127 -1.952578e-04
       128 -1.959236e-06
       129 -1.463044e-05
       130 -4.828387e-05
       131  3.068721e-05
       132  2.354076e-05
       133 -3.432586e-05
       134 -1.132632e-05
       135  4.001488e-05
       136  1.586568e-05
       137  8.039062e-05
       138 -2.917785e-09
       139  1.323326e-04
       140  1.148745e-05
       141 -9.592709e-06
       142 -2.808119e-05
       143  1.094834e-06
       144  6.482367e-04
       145  2.335794e-04
       146  4.259144e-05
       147 -1.578191e-05
       148 -4.121738e-06
       149  1.286640e-04
       150  2.948300e-04
       151 -6.253257e-05
       152 -4.212710e-05
       153 -3.136010e-06
       154 -1.668190e-04
       155 -1.053163e-04
       156 -9.625759e-05
       157  9.719800e-04
       158 -8.709099e-06
       159 -4.945301e-06