       pos          info
         0  1.311747e-05
         1 -8.078412e-06
         2  4.167852e-05
         3 -7.925648e-07
         4  2.250893e-05
         5 -4.723169e-05
         6  3.461350e-05
         7 -5.196416e-05
         8  1.356831e-05
         9 -1.730330e-05
        10  5.554229e-05
        11 -1.827963e-05
        12  7.853307e-08
        13  3.608171e-06
        14 -1.465690e-05
        15 -6.412052e-05
        16  2.377166e-05
        17 -2.863355e-06
        18  1.696102e-05
        19  2.225727e-05
        20 -7.345644e-06
        21 -1.185775e-06
        22 -5.704337e-05
        23  4.477904e-05
        24 -4.854428e-06
        25 -3.902893e-05
        26  1.589682e-05
        27 -4.970491e-06
        28 -6.525228e-07
        29  4.444807e-06
        30  9.861107e-06
        31 -9.666865e-06
        32  1.253145e-05
        33 -4.259832e-05
        34  2.084227e-06
        35  4.711371e-05
        36  4.414532e-04
        37 -6.327309e-05
        38  2.572848e-06
        39 -5.955164e-07
        40 -1.001274e-06
        41  1.215790e-05
        42 -7.453666e-06
        43  3.254671e-04
        44  1.774829e-04
        45  3.984429e-06
        46 -1.016836e-05
        47  3.860146e-06
        48 -4.259289e-05
        49  3.184201e-04
        50  2.261518e-06
        51  1.290586e-04
        52  1.187719e-04
        53 -9.662638e-06
        54 -1.859742e-04
        55  2.372130e-04
        56  2.966256e-05
        57 -5.657664e-05
        58 -6.617668e-05
        59  5.953778e-05
        60 -9.426275e-05
        61  2.061284e-05
        62  7.780150e-05
        63  1.720830e-04
        64  1.914621e-04
        65  2.577538e-04
        66  4.215643e-05
        67 -1.515630e-06
        68 -3.176158e-05
        69 -5.045842e-05
        70 -2.427005e-06
        71  7.138293e-05
        72  6.234026e-04
        73 -2.632534e-05
        74  2.740021e-04
        75 -1.447025e-04
        76  5.719643e-06
        77 -7.050571e-05
        78  5.079742e-05
        79  1.205033e-06
        80  4.107193e-05
        81  4.174411e-05
        82  2.007856e-06
        83  1.579967e-04
        84 -2.364128e-05
        85 -8.783556e-06
        86 -5.220474e-05
        87  2.397941e-06
        88 -1.585901e-05
        89 -6.089398e-07
        90 -2.979192e-04
        91  3.136146e-05
        92  1.198488e-07
        93 -2.944345e-05
        94 -1.221214e-04
        95 -7.226988e-05
        96  3.657157e-06
        97 -9.488703e-05
        98 -1.936633e-05
        99 -4.741065e-05
       100 -9.099710e-04
       101 -9.558019e-06
       102  1.982169e-04
       103  3.367325e-05
       104  5.023022e-05
       105  3.541940e-05
       106  3.605700e-05
       107 -1.119689e-05
       108 -4.423267e-06
       109 -1.392833e-04
       110 -2.346415e-05
       111 -3.289635e-06
       112  6.725753e-05
       113 -1.751052e-07
       114 -2.572174e-06
       115 -4.346721e-06
       116  2.128969e-04
       117  2.896197e-06
       118 -1.381087e-05
       119  2.502754e-06
       120  2.586073e-05
       121  3.101694e-04
       122  2.250021e-05
       123 -2.579647e-04
       124 -1.040980e-05
       125 -2.068979e-05
       126 -8.348991e-07
       127  2.555278e-05
       128  4.744079e-05
       129 -5.167311e-06
       130 -6.504634e-06
       131  2.657310e-04
       132 -1.714871e-05
       133 -9.200761e-06
       134  3.991771e-05
       135  4.066412e-06
       136 -5.679052e-05
       137 -3.312464e-05
       138  1.438564e-05
       139 -3.394856e-04
       140 -4.530671e-05
       141 -2.725819e-06
       142 -1.413753e-06
       143  3.084164e-05
       144 -2.906244e-05
       145 -9.101459e-05
       146  6.644033e-05
       147 -2.386830e-05
       148 -1.392285e-06
       149 -2.337434e-07
       150  1.277414e-05
       151  2.582097e-05
       152 -9.184660e-06
       153 -2.101630e-06
       154  1.332631e-04
       155 -5.216180e-06
       156  1.202411e-05
       157  1.675072e-04
       158 -4.466792e-06
       159  5.704625e-07