       pos          info
         0 -1.155186e-04
         1 -7.680761e-05
         2  8.216939e-05
         3 -6.154501e-05
         4 -1.921889e-04
         5 -2.037537e-04
         6 -3.834270e-04
         7  2.276480e-05
         8 -1.583484e-05
         9  1.568638e-04
        10 -5.644076e-05
        11 -2.011304e-05
        12  5.934987e-05
        13 -9.167798e-05
        14 -6.409543e-07
        15 -4.377641e-06
        16 -1.183203e-04
        17 -1.093964e-04
        18 -7.549368e-05
        19 -4.550400e-05
        20  1.431103e-04
        21  8.025251e-05
        22 -7.444916e-04
        23  4.742505e-05
        24  2.550077e-05
        25 -5.261658e-05
        26  5.233664e-04
        27  1.603422e-04
        28  2.308286e-04
        29  1.078057e-05
        30 -1.951312e-05
        31  7.224036e-05
        32 -2.279736e-05
        33 -1.842330e-05
        34 -8.032629e-05
        35 -1.365790e-06
        36 -1.993970e-05
        37  6.847747e-05
        38  1.662195e-04
        39 -1.229771e-05
        40  3.846115e-04
        41  1.936304e-05
        42 -8.543648e-06
        43  1.103565e-06
        44  6.357150e-04
        45  2.394266e-07
        46  4.596118e-04
        47 -1.721140e-04
        48  1.548140e-05
        49  5.898386e-05
        50 -2.427512e-04
        51  6.806227e-05
        52  8.562034e-04
        53  4.008466e-05
        54  4.385849e-06
        55 -9.115932e-05
        56 -2.500355e-04
        57  4.816882e-05
        58 -6.321377e-05
        59 -4.157468e-05
        60  1.311501e-04
        61 -2.194929e-04
        62  6.353592e-05
        63 -1.497477e-04
        64  4.080306e-04
        65  1.111608e-05
        66 -5.219419e-06
        67 -3.849085e-06
        68  4.143156e-05
        69 -3.694038e-05
        70  7.847898e-06
        71 -1.058016e-06
        72 -1.486481e-04
        73  1.507195e-04
        74 -5.622336e-05
        75 -4.587289e-05
        76  5.771456e-04
        77  4.630489e-04
        78  1.037483e-03
        79  4.161271e-03
        80  3.055373e-03
        81  1.582957e-03
        82 -3.971803e-04
        83 -3.495898e-04
        84  5.457940e-04
        85 -8.177489e-04
        86  4.110482e-04
        87  1.489880e-05
        88  1.424745e-06
        89 -5.388764e-04
        90 -3.700005e-05
        91 -8.963099e-05
        92 -1.703624e-04
        93  2.140729e-04
        94 -3.411467e-05
        95  5.149712e-06
        96  1.309667e-05
        97 -4.413276e-04
        98 -8.411652e-07
        99 -1.383318e-04
       100  4.773616e-04
       101  2.289406e-05
       102  4.491915e-03
       103  4.435647e-03
       104 -4.589723e-06
       105 -9.015173e-04
       106  1.317165e-03
       107  2.264869e-03
       108 -5.428156e-06
       109 -1.943949e-05
       110  3.537608e-04
       111 -7.113347e-05
       112  1.166497e-04
       113  1.729996e-04
       114 -2.761505e-05
       115 -1.945865e-05
       116  4.835347e-05
       117 -8.630746e-05
       118  6.294138e-06
       119 -1.542822e-04
       120  7.689427e-08
       121 -8.833647e-05
       122  2.406440e-05
       123 -3.184146e-05
       124 -1.461394e-04
       125 -1.851255e-05
       126  6.681047e-06
       127 -5.610774e-05
       128  4.563407e-04
       129 -1.202307e-05
       130 -5.601967e-05
       131  3.403972e-05
       132  2.692980e-04
       133 -3.092384e-05
       134  1.224554e-04
       135 -3.671550e-05
       136  4.757068e-04
       137 -1.242970e-05
       138  1.155901e-04
       139  9.523111e-05
       140 -1.279623e-06
       141  2.143209e-06
       142  6.398432e-05
       143  1.034075e-04
       144 -1.086571e-04
       145  1.113174e-05
       146  6.543092e-05
       147 -5.222084e-06
       148 -2.093696e-05
       149  8.001103e-06
       150 -3.074913e-06
       151  7.031410e-08
       152 -1.395138e-10
       153  4.542058e-05
       154 -5.987060e-05
       155  8.212416e-05
       156  6.488001e-05
       157  3.609776e-05
       158 -4.716075e-06
       159 -7.507082e-05