       pos          info
         0  2.485748e-04
         1 -4.601851e-06
         2 -2.209735e-05
         3 -2.522705e-05
         4 -6.612359e-05
         5  3.000317e-05
         6 -6.354320e-07
         7  1.742496e-05
         8 -2.745854e-05
         9 -2.336355e-07
        10  6.311192e-05
        11 -2.840846e-05
        12  1.270586e-05
        13  5.011912e-05
        14 -7.050233e-06
        15  5.945327e-05
        16  1.543150e-05
        17  1.032140e-04
        18 -9.885840e-06
        19 -2.752498e-07
        20  5.944829e-05
        21  3.621577e-07
        22 -1.011125e-06
        23 -1.150202e-04
        24  6.124408e-07
        25  1.247215e-04
        26  4.571610e-06
        27  2.743207e-07
        28  6.995981e-05
        29  2.536948e-06
        30 -2.785712e-05
        31  1.983484e-04
        32 -1.545049e-04
        33  1.795326e-04
        34 -2.212682e-07
        35 -7.908289e-07
        36  3.437366e-07
        37 -3.425140e-05
        38  1.745096e-04
        39 -6.222614e-05
        40  3.646686e-04
        41 -3.470229e-04
        42 -1.058291e-08
        43 -1.549647e-05
        44  2.173933e-07
        45  3.238017e-06
        46 -2.022786e-04
        47 -5.596502e-05
        48  6.908632e-04
        49  2.465048e-06
        50  1.555279e-04
        51  1.943359e-06
        52 -9.941104e-06
        53  3.305865e-05
        54  3.846935e-06
        55  4.714334e-06
        56  4.613154e-05
        57  5.225723e-04
        58 -1.877857e-04
        59 -2.890129e-04
        60 -2.594825e-05
        61 -1.460687e-06
        62  6.450726e-06
        63 -1.011585e-04
        64 -2.081607e-04
        65 -1.854594e-04
        66  7.831812e-05
        67 -2.455517e-06
        68  2.165437e-04
        69  4.696587e-05
        70  3.575681e-04
        71  4.822727e-05
        72  5.341045e-05
        73 -1.564798e-04
        74 -6.023516e-05
        75 -2.493916e-07
        76  7.583894e-05
        77  3.624240e-06
        78  7.057062e-05
        79 -1.188192e-06
        80 -1.183724e-04
        81 -6.327175e-06
        82 -2.156793e-05
        83  9.120020e-05
        84  1.103441e-07
        85  2.471479e-06
        86 -8.618161e-07
        87  5.305545e-06
        88  8.838361e-05
        89 -6.453649e-06
        90  4.338338e-05
        91  8.941181e-06
        92  2.337904e-06
        93  4.195774e-06
        94 -1.178895e-05
        95  1.395702e-06
        96 -8.822565e-09
        97 -1.755564e-04
        98  8.479499e-05
        99 -3.224813e-07
       100  7.687918e-07
       101 -1.504018e-04
       102  1.288061e-04
       103  4.529206e-05
       104 -2.552058e-05
       105  2.990810e-05
       106  1.235895e-05
       107 -2.076544e-04
       108 -1.955602e-06
       109  3.955909e-05
       110 -7.527519e-05
       111 -3.776647e-06
       112  1.115054e-07
       113 -7.981173e-05
       114 -2.291686e-04
       115  1.065156e-04
       116 -2.824984e-05
       117  3.445166e-05
       118 -1.026262e-04
       119  1.183510e-04
       120 -3.093969e-14
       121  2.786446e-06
       122 -7.944191e-05
       123 -7.868995e-06
       124 -1.000727e-05
       125 -3.952653e-05
       126  2.945998e-04
       127  2.748119e-05
       128 -5.212377e-04
       129  2.845339e-06
       130 -5.081661e-06
       131 -1.523446e-05
       132 -4.880760e-06
       133  5.063389e-05
       134  3.335697e-07
       135  1.503391e-04
       136 -3.230310e-04
       137  5.799343e-05
       138  9.367273e-06
       139 -3.232722e-05
       140 -4.446137e-05
       141  1.874932e-05
       142  9.473014e-06
       143  2.156504e-04
       144  2.613849e-04
       145 -1.333686e-04
       146  4.310078e-06
       147 -2.528909e-04
       148  1.917546e-04
       149  2.537197e-06
       150  1.851436e-04
       151  3.686078e-04
       152  1.576014e-05
       153  1.732482e-04
       154  2.394849e-04
       155  6.831053e-05
       156 -1.208471e-04
       157  3.575906e-04
       158 -1.322883e-06
       159  5.209200e-06