       pos          info
         0 -4.634745e-09
         1 -8.717909e-08
         2 -4.632564e-10
         3  3.853591e-09
         4 -5.672500e-08
         5 -2.323929e-08
         6 -6.206262e-08
         7 -2.817823e-08
         8  3.668394e-09
         9 -5.158761e-08
        10 -1.609042e-08
        11  1.822187e-08
        12 -9.016851e-11
        13  5.470119e-09
        14  1.696965e-07
        15 -1.133479e-07
        16  1.050416e-08
        17  9.580408e-09
        18  5.518219e-08
        19  1.937140e-08
        20 -1.428429e-08
        21  1.040895e-08
        22  1.751789e-10
        23  4.888234e-10
        24 -3.437716e-08
        25 -5.147764e-08
        26 -3.006239e-09
        27 -8.607218e-08
        28 -2.466445e-08
        29 -1.943834e-09
        30 -5.224336e-08
        31 -3.064628e-10
        32  3.089355e-07
        33  1.974560e-08
        34 -3.690791e-09
        35  1.810947e-07
        36  1.718373e-08
        37  7.763769e-08
        38  1.867713e-07
        39  3.791595e-07
        40 -3.066790e-08
        41  1.171606e-08
        42 -6.665165e-09
        43 -1.583180e-07
        44  4.495248e-09
        45  2.249470e-08
        46  1.019828e-09
        47  9.804445e-12
        48 -2.066085e-07
        49 -2.717016e-10
        50  7.744586e-11
        51 -4.102487e-09
        52 -4.826013e-09
        53 -1.288662e-08
        54 -4.916428e-09
        55 -1.687458e-11
        56  1.245620e-07
        57  5.295594e-11
        58 -1.085032e-08
        59  5.964473e-08
        60 -3.829130e-10
        61  6.599454e-08
        62 -4.929096e-08
        63 -1.724672e-08
        64 -8.016676e-08
        65 -5.290582e-09
        66 -1.484171e-07
        67 -1.138781e-07
        68  3.130090e-08
        69 -2.155880e-11
        70 -3.021377e-08
        71 -1.095909e-08
        72  3.241801e-08
        73 -1.088553e-07
        74 -4.216312e-08
        75  2.192894e-08
        76 -5.420900e-09
        77  1.398257e-09
        78 -9.717733e-09
        79 -2.115390e-09
        80  1.974952e-09
        81 -1.455275e-07
        82  5.929569e-09
        83  4.991800e-08
        84 -1.949066e-10
        85  3.530471e-08
        86  1.352011e-07
        87 -6.840197e-08
        88  1.348379e-09
        89 -4.493300e-08
        90 -4.143817e-12
        91  3.802121e-08
        92  1.025972e-07
        93 -1.674948e-10
        94  1.785758e-09
        95  1.029657e-07
        96 -1.144438e-07
        97  2.079372e-08
        98 -3.695981e-07
        99  6.031346e-08
       100  4.928921e-08
       101 -2.403171e-08
       102  3.449047e-09
       103 -2.083160e-08
       104 -2.318952e-08
       105  3.834284e-08
       106  5.303225e-09
       107  1.609415e-07
       108  8.595678e-08
       109  6.961019e-09
       110 -3.602435e-09
       111  2.469617e-08
       112 -8.343088e-09
       113 -3.256762e-08
       114  2.055576e-09
       115  6.525728e-09
       116  2.800719e-09
       117  3.094849e-10
       118  8.341823e-10
       119  6.094058e-08
       120  1.969458e-07
       121 -6.801447e-09
       122  1.281186e-08
       123  9.503875e-10
       124  5.623637e-09
       125  1.143714e-10
       126  2.761419e-09
       127  1.463325e-07
       128  7.095876e-09
       129  2.939473e-08
       130 -2.641466e-09
       131 -1.176942e-07
       132 -4.657267e-08
       133  3.521684e-08
       134  2.342326e-08
       135  1.989948e-08
       136 -1.095200e-09
       137  2.247641e-08
       138 -1.146800e-08
       139 -1.798169e-07
       140  8.216762e-09
       141 -8.058088e-11
       142  3.912913e-08
       143 -5.208399e-08
       144 -2.915028e-08
       145 -1.453974e-10
       146 -3.688411e-08
       147 -1.988646e-07
       148 -6.346231e-08
       149 -5.942253e-08
       150 -1.181208e-07
       151  1.416186e-07
       152  1.386278e-09
       153  1.120440e-11
       154  1.511588e-08
       155  1.667736e-07
       156 -2.605363e-10
       157 -4.427951e-08
       158  2.548845e-09
       159  1.692939e-08