       pos          info
         0 -2.677255e-05
         1 -2.235132e-06
         2 -5.074712e-06
         3  1.490311e-06
         4 -4.857363e-04
         5 -8.719648e-06
         6  4.159075e-04
         7  2.564764e-05
         8  6.115184e-05
         9  1.879582e-04
        10 -6.071600e-06
        11  9.729363e-05
        12 -3.194540e-05
        13 -1.881653e-05
        14 -2.027842e-04
        15 -4.645048e-06
        16  5.559080e-05
        17  1.358714e-04
        18  5.693652e-06
        19  1.721964e-04
        20 -2.487259e-04
        21 -1.114739e-05
        22  5.362542e-05
        23 -3.094417e-04
        24 -1.968795e-05
        25  3.494271e-04
        26  1.507528e-06
        27  3.387999e-05
        28  5.439658e-04
        29  2.182659e-04
        30  1.940281e-05
        31 -9.481385e-05
        32 -1.146091e-04
        33 -4.575826e-07
        34  1.928484e-05
        35  6.701092e-05
        36 -2.811679e-04
        37  3.512522e-04
        38 -3.448699e-05
        39  1.493827e-04
        40  1.806705e-05
        41 -3.261787e-04
        42  9.417550e-06
        43  1.668798e-05
        44 -7.651043e-05
        45 -2.348909e-05
        46 -3.918199e-04
        47 -4.492086e-05
        48  2.267853e-05
        49  7.693182e-06
        50 -1.390606e-04
        51 -5.730176e-05
        52 -2.162002e-05
        53 -1.174044e-07
        54  3.527310e-05
        55  1.934527e-05
        56 -4.744419e-06
        57  2.828138e-04
        58  5.670629e-05
        59 -4.333151e-05
        60  1.893151e-04
        61  3.076904e-05
        62  1.405541e-05
        63 -6.215717e-06
        64 -1.002110e-05
        65 -9.148552e-05
        66 -1.741496e-04
        67 -5.670781e-05
        68 -2.579164e-04
        69 -3.633546e-05
        70 -7.731165e-05
        71 -7.606933e-08
        72  3.832144e-06
        73  1.050726e-05
        74 -2.317187e-07
        75 -1.201716e-07
        76 -4.054336e-05
        77  1.833263e-04
        78 -7.991540e-04
        79  3.841566e-03
        80  9.180278e-06
        81 -1.936280e-04
        82  7.805485e-06
        83  2.661161e-04
        84  2.068099e-04
        85 -9.329842e-06
        86 -3.929430e-05
        87 -3.661750e-06
        88  1.464222e-05
        89 -9.636790e-05
        90 -1.598749e-07
        91 -7.184837e-05
        92 -2.928523e-05
        93  2.113189e-04
        94  3.560192e-04
        95  1.604052e-04
        96 -3.637240e-04
        97  2.005070e-06
        98  4.671580e-04
        99 -6.188791e-04
       100  1.578119e-04
       101 -6.713954e-04
       102 -1.538622e-04
       103 -8.478066e-05
       104 -1.701102e-04
       105  7.142095e-04
       106  5.602032e-06
       107 -1.325425e-05
       108  1.064668e-04
       109 -1.882025e-04
       110 -1.966865e-05
       111 -1.167325e-04
       112  5.195861e-05
       113  3.372014e-05
       114 -6.642026e-05
       115 -3.617183e-06
       116 -5.967990e-05
       117  5.426111e-05
       118 -4.231363e-05
       119 -5.761204e-05
       120  2.745250e-04
       121  2.056071e-08
       122 -6.711122e-05
       123 -6.908091e-06
       124  6.187796e-05
       125 -3.226779e-06
       126 -4.604339e-05
       127 -3.435388e-06
       128  1.065338e-04
       129  1.965509e-04
       130  2.902549e-04
       131  2.302558e-04
       132  4.134266e-06
       133  6.357088e-04
       134  1.669897e-04
       135  7.042705e-05
       136  9.003515e-04
       137 -1.056891e-04
       138  4.293999e-05
       139  9.840171e-06
       140 -8.968339e-05
       141  7.963937e-04
       142 -5.595844e-05
       143 -6.722857e-05
       144  1.592501e-04
       145  7.554954e-04
       146  3.559851e-05
       147 -9.882574e-07
       148  3.774658e-04
       149 -1.826023e-05
       150 -1.308995e-04
       151 -2.657880e-06
       152 -2.711077e-06
       153  1.998523e-05
       154  9.181047e-05
       155 -9.598256e-05
       156 -8.695383e-05
       157 -2.855873e-05
       158 -7.929274e-06
       159  6.075523e-06