       pos          info
         0 -1.152629e-05
         1  2.032186e-05
         2  1.295131e-06
         3 -3.431133e-05
         4 -2.186630e-05
         5 -2.908854e-04
         6 -2.273169e-05
         7 -1.393523e-05
         8 -1.044571e-04
         9  7.416155e-06
        10  2.778801e-05
        11  8.250163e-05
        12  1.993557e-05
        13 -1.690210e-05
        14 -6.037862e-07
        15  7.988470e-05
        16 -3.933676e-07
        17 -3.667170e-05
        18 -9.848106e-05
        19 -8.362811e-06
        20  4.496808e-05
        21  7.143117e-05
        22  1.264682e-05
        23 -7.948508e-06
        24  4.148757e-05
        25  1.379309e-04
        26 -7.347069e-06
        27 -8.741728e-05
        28  7.011970e-05
        29  1.373581e-05
        30  1.569837e-04
        31  8.819837e-07
        32  1.637330e-04
        33 -1.706110e-05
        34  2.000053e-06
        35  1.554313e-04
        36  9.355988e-05
        37  9.618606e-05
        38 -3.195315e-04
        39  8.026399e-05
        40  2.843036e-04
        41 -1.289135e-04
        42  1.646386e-04
        43 -2.680276e-07
        44  4.651180e-07
        45 -5.476539e-05
        46 -1.036513e-04
        47 -1.632734e-05
        48 -2.582222e-06
        49  3.361849e-06
        50  1.188142e-05
        51 -1.129909e-05
        52  8.048370e-05
        53  2.283129e-08
        54  6.561282e-05
        55 -1.189982e-04
        56 -6.765195e-05
        57 -4.225499e-05
        58 -2.462262e-05
        59 -1.332336e-04
        60  1.342932e-04
        61 -3.765966e-06
        62 -7.781134e-05
        63 -1.543785e-05
        64  3.620371e-04
        65  2.352407e-04
        66 -1.379570e-04
        67  1.554512e-04
        68 -2.557248e-05
        69  1.513963e-05
        70  1.410664e-05
        71  1.050533e-04
        72 -2.358096e-04
        73  3.799378e-05
        74  6.123265e-05
        75  4.634650e-05
        76 -8.505829e-07
        77 -6.532969e-04
        78 -1.050908e-04
        79  1.009618e-04
        80  4.205307e-05
        81  9.957150e-05
        82  1.948008e-06
        83 -2.555937e-05
        84  1.264558e-04
        85  3.116450e-05
        86  3.529309e-04
        87  2.606800e-04
        88 -1.009693e-07
        89  2.070324e-04
        90 -5.166880e-05
        91 -3.103825e-05
        92  5.720158e-06
        93  1.250269e-04
        94 -2.293203e-05
        95 -7.430525e-06
        96 -3.468451e-08
        97 -5.803379e-06
        98  3.617287e-04
        99 -1.660313e-04
       100 -3.291248e-05
       101 -1.163692e-04
       102 -1.203083e-04
       103 -8.339886e-05
       104  1.262421e-04
       105  3.743991e-04
       106  4.008851e-05
       107  4.697718e-05
       108 -2.000152e-05
       109 -1.381364e-04
       110 -8.830095e-08
       111  4.114389e-06
       112 -1.231942e-07
       113 -1.434495e-05
       114  1.971823e-04
       115  8.755380e-05
       116 -1.519602e-04
       117  1.992115e-05
       118  3.272218e-05
       119 -4.393811e-04
       120 -4.236844e-06
       121  8.284843e-06
       122 -4.532172e-05
       123  6.712419e-05
       124 -1.692286e-04
       125 -9.947706e-06
       126  5.293290e-05
       127 -3.264305e-07
       128  2.621687e-05
       129  7.824852e-06
       130  1.504508e-04
       131  6.461532e-05
       132  8.065244e-06
       133 -2.198616e-05
       134  4.419078e-06
       135 -1.970593e-04
       136 -1.298813e-04
       137 -1.409948e-06
       138 -6.141519e-05
       139  3.146385e-04
       140  2.306501e-05
       141 -9.682960e-05
       142  2.247875e-04
       143 -1.040473e-03
       144 -5.134759e-06
       145 -4.478830e-03
       146  2.370056e-03
       147  1.621329e-03
       148  1.238851e-03
       149  3.789051e-04
       150  2.187174e-03
       151  1.335017e-03
       152  2.718700e-04
       153 -3.437029e-04
       154  1.016445e-05
       155 -4.070294e-04
       156  1.076577e-04
       157 -7.088534e-04
       158  1.163705e-04
       159  1.879607e-03