       pos          info
         0  2.836298e-05
         1  1.494992e-04
         2 -1.930231e-05
         3 -3.778242e-05
         4  7.576000e-05
         5 -1.444098e-04
         6 -3.907627e-04
         7 -6.964515e-05
         8 -1.320891e-04
         9  6.381786e-06
        10 -8.205188e-05
        11  5.651028e-07
        12  3.513190e-04
        13 -1.134812e-04
        14  1.052828e-04
        15  1.972903e-04
        16 -4.628300e-05
        17  9.869573e-05
        18 -2.005051e-04
        19 -2.261477e-04
        20  1.729449e-05
        21  1.170006e-04
        22  7.539697e-05
        23 -2.421532e-08
        24  1.007862e-04
        25  1.331500e-04
        26  2.328470e-05
        27 -4.943205e-04
        28  1.991601e-04
        29  2.408087e-05
        30  3.508067e-05
        31  3.016648e-05
        32  1.500006e-04
        33 -1.649319e-04
        34  8.802409e-05
        35  1.747774e-04
        36  6.818625e-05
        37  1.336464e-04
        38 -1.050024e-03
        39 -4.736776e-08
        40  2.775390e-05
        41 -3.247557e-04
        42  1.571132e-04
        43 -9.024645e-06
        44 -1.667606e-04
        45 -3.346739e-04
        46 -4.913512e-05
        47  1.840062e-04
        48  3.402061e-05
        49  3.907855e-05
        50 -1.084535e-06
        51  1.060186e-05
        52  8.307015e-06
        53  5.271412e-07
        54  1.306494e-05
        55 -8.497216e-06
        56 -2.270877e-04
        57 -7.815849e-08
        58  4.387994e-05
        59 -8.464147e-05
        60  2.510906e-04
        61  1.213755e-05
        62 -1.414930e-04
        63 -8.229822e-07
        64  4.353130e-05
        65  6.543122e-05
        66 -1.699884e-04
        67  1.110457e-04
        68 -2.587247e-04
        69  1.337405e-05
        70  4.329560e-05
        71  6.496509e-05
        72 -6.587512e-04
        73 -9.603798e-07
        74  2.313314e-05
        75 -1.653241e-05
        76  1.861884e-05
        77 -6.483909e-04
        78 -1.246004e-04
        79  6.354153e-05
        80  3.866946e-05
        81  2.872710e-05
        82 -5.886000e-06
        83  2.052835e-09
        84 -1.887181e-05
        85 -1.624211e-05
        86  2.784257e-04
        87  7.625239e-04
        88  9.276856e-07
        89  9.756583e-05
        90 -3.611343e-04
        91 -1.875750e-06
        92 -1.907345e-07
        93  2.718054e-04
        94  1.932546e-05
        95 -6.550396e-06
        96 -2.222895e-05
        97  1.671423e-05
        98 -4.671576e-06
        99  6.251448e-06
       100 -1.948275e-08
       101 -3.239049e-04
       102 -1.020601e-05
       103 -5.206951e-05
       104  4.730625e-05
       105  1.052337e-05
       106  7.796808e-05
       107  1.141629e-04
       108 -4.617855e-05
       109 -3.081364e-05
       110  4.576266e-07
       111  8.150135e-06
       112  5.222327e-05
       113 -4.080786e-04
       114 -3.743576e-05
       115  7.837368e-05
       116 -2.115635e-05
       117  4.097209e-05
       118 -4.757810e-07
       119 -1.504348e-04
       120 -1.231522e-05
       121 -3.823613e-06
       122 -5.914468e-06
       123  7.411561e-05
       124 -4.076451e-04
       125  8.061172e-05
       126  6.779278e-05
       127 -3.954006e-06
       128 -2.004480e-05
       129  3.404393e-05
       130  2.354114e-04
       131  3.095197e-07
       132  1.098992e-05
       133  2.940678e-05
       134 -1.910198e-05
       135 -7.394130e-04
       136 -1.228522e-04
       137  1.408094e-06
       138 -1.214582e-04
       139  1.778955e-04
       140 -9.314727e-06
       141 -2.931890e-06
       142  4.702578e-05
       143 -4.806030e-04
       144 -6.547537e-05
       145 -3.471200e-03
       146  1.437895e-03
       147  4.111017e-04
       148  2.238394e-04
       149  2.716298e-04
       150  1.219525e-03
       151  6.112792e-04
       152  5.088102e-04
       153 -2.992160e-04
       154  2.721475e-05
       155 -5.529468e-04
       156  7.964143e-05
       157 -2.955203e-04
       158  1.083653e-04
       159  1.819271e-03