       pos          info
         0 -2.544264e-09
         1  2.449296e-12
         2 -4.870911e-10
         3 -7.769771e-09
         4 -1.162746e-08
         5  9.218257e-08
         6 -7.943537e-10
         7 -2.116345e-07
         8 -1.364681e-08
         9 -1.523099e-09
        10 -9.696548e-08
        11  5.891492e-09
        12 -1.079840e-07
        13 -1.280022e-07
        14 -4.446949e-08
        15 -3.262115e-08
        16  7.029324e-08
        17  1.125394e-07
        18  9.027861e-08
        19  2.038918e-08
        20  1.030400e-07
        21  3.214984e-08
        22 -1.454825e-07
        23 -3.495282e-08
        24  2.920528e-09
        25 -2.903086e-09
        26  1.464345e-10
        27 -2.858039e-09
        28  3.579451e-08
        29  9.635283e-09
        30  8.527938e-08
        31  1.406408e-07
        32 -9.885676e-09
        33  1.650109e-08
        34 -9.806619e-09
        35 -5.971249e-08
        36 -2.326316e-10
        37 -2.156880e-08
        38  1.547908e-07
        39  4.263967e-09
        40  2.284017e-07
        41 -5.398905e-09
        42  1.011251e-08
        43 -2.255164e-08
        44 -1.051002e-08
        45  4.247148e-08
        46  2.351018e-08
        47  1.223214e-07
        48  1.178965e-08
        49  6.122032e-08
        50  6.072012e-09
        51 -3.607373e-09
        52 -1.325155e-07
        53 -5.095912e-09
        54  9.230430e-10
        55 -6.943461e-08
        56  4.175373e-08
        57  2.400366e-08
        58 -1.564183e-08
        59  1.867818e-07
        60  4.351504e-08
        61 -5.930821e-10
        62 -1.017295e-07
        63 -1.136978e-07
        64 -5.741276e-08
        65 -8.644881e-09
        66 -1.967017e-09
        67  6.554577e-10
        68  1.024688e-09
        69 -3.170430e-10
        70  3.684904e-08
        71 -2.202618e-07
        72 -3.844550e-11
        73 -8.704646e-09
        74  7.903152e-08
        75  4.486351e-08
        76  3.507106e-08
        77  6.409615e-08
        78 -5.704590e-08
        79 -1.862809e-09
        80 -1.576584e-08
        81  8.566133e-09
        82  1.579484e-09
        83 -3.524055e-08
        84  2.893518e-11
        85 -4.487934e-09
        86 -3.002833e-07
        87 -8.334505e-09
        88 -6.354687e-08
        89  2.398321e-08
        90 -1.267618e-09
        91 -2.024130e-08
        92  1.344693e-07
        93  1.477047e-07
        94 -1.893135e-08
        95  1.008355e-07
        96 -7.594219e-08
        97  6.245879e-10
        98 -2.428675e-08
        99  1.904164e-07
       100  3.862922e-09
       101  1.223140e-07
       102 -1.014448e-08
       103  2.505461e-10
       104 -1.917321e-07
       105 -6.296851e-08
       106  1.388358e-07
       107 -1.506501e-07
       108 -9.339486e-10
       109  6.592269e-08
       110 -7.797491e-10
       111 -7.906126e-08
       112 -9.370994e-08
       113 -4.903187e-08
       114  2.038826e-07
       115 -6.338940e-08
       116 -2.232867e-08
       117  6.240890e-08
       118 -1.256260e-07
       119  1.933017e-09
       120 -5.051434e-08
       121 -8.167825e-08
       122  1.767405e-07
       123  1.070917e-07
       124 -5.328677e-09
       125  9.441319e-09
       126 -8.645976e-09
       127 -6.980948e-08
       128  3.187302e-10
       129 -4.423347e-09
       130  3.901159e-08
       131  1.156839e-08
       132 -4.991095e-08
       133  7.661479e-08
       134 -4.412683e-08
       135  5.938858e-08
       136  5.398916e-10
       137  3.904693e-08
       138 -4.637394e-09
       139 -3.723080e-08
       140 -1.127945e-08
       141  4.221770e-08
       142  5.279561e-09
       143 -2.279689e-08
       144  3.933684e-08
       145 -2.815401e-07
       146 -4.127960e-10
       147  3.413585e-08
       148  1.117558e-07
       149  2.193340e-08
       150  1.084794e-11
       151 -2.115073e-08
       152 -5.088410e-08
       153 -9.208047e-08
       154 -1.772689e-07
       155  6.998546e-08
       156  1.948806e-07
       157  6.044890e-10
       158  2.228387e-07
       159  5.059439e-08