       pos          info
         0 -4.048298e-04
         1 -3.204502e-04
         2 -8.044215e-06
         3  8.674391e-04
         4 -4.747075e-04
         5 -2.876376e-04
         6  8.568966e-06
         7 -3.421004e-04
         8 -6.093618e-05
         9  1.389697e-05
        10  6.424900e-05
        11  2.082849e-05
        12 -8.627330e-05
        13  6.320803e-05
        14 -2.159375e-04
        15  7.250772e-04
        16 -6.863604e-07
        17  4.262727e-05
        18  1.865709e-05
        19 -1.701955e-05
        20  6.047883e-04
        21  1.136293e-06
        22 -1.185449e-04
        23  1.346553e-04
        24 -8.088994e-07
        25  3.075945e-03
        26 -1.162615e-04
        27 -3.735649e-04
        28  3.856994e-05
        29  1.050137e-04
        30 -1.069097e-04
        31 -2.170498e-04
        32 -1.205486e-04
        33  1.702457e-04
        34 -7.287398e-05
        35 -5.864705e-05
        36  7.461224e-06
        37  2.895760e-05
        38 -4.706492e-05
        39  5.075997e-04
        40 -1.205831e-04
        41 -1.507616e-05
        42 -5.108301e-05
        43  3.469173e-04
        44  8.855589e-06
        45  1.661438e-05
        46  4.191898e-05
        47 -3.532786e-05
        48 -1.619252e-04
        49 -6.367566e-06
        50 -2.330606e-04
        51  8.068779e-05
        52 -1.925490e-04
        53 -4.393918e-04
        54  5.061827e-06
        55 -2.913596e-06
        56 -3.770532e-05
        57  8.520596e-05
        58 -3.472825e-05
        59 -1.162526e-05
        60  2.151552e-04
        61  8.650728e-05
        62  7.089660e-05
        63 -7.895620e-05
        64 -8.643535e-05
        65 -3.281258e-05
        66 -1.651164e-04
        67  3.191131e-04
        68  2.036535e-05
        69 -2.765151e-05
        70 -7.686102e-05
        71  2.878580e-04
        72  8.228866e-06
        73 -1.228797e-05
        74  3.695959e-04
        75 -8.840719e-05
        76  7.626946e-08
        77  9.361096e-05
        78 -2.203656e-04
        79  4.771259e-05
        80  7.763694e-05
        81 -1.752601e-05
        82 -1.533825e-06
        83 -7.354652e-08
        84  1.669791e-04
        85  1.473151e-04
        86 -1.508931e-06
        87 -9.773538e-05
        88  4.085323e-05
        89  3.239033e-05
        90  4.223695e-04
        91  1.673529e-04
        92 -2.811506e-04
        93  1.671865e-05
        94 -4.504992e-05
        95  2.357309e-04
        96  2.317440e-04
        97  1.228243e-06
        98 -1.261820e-04
        99 -4.066478e-07
       100  2.208055e-04
       101  4.958466e-05
       102 -3.104371e-05
       103 -2.085962e-04
       104  1.069209e-04
       105  1.770752e-05
       106  1.697304e-04
       107  7.077877e-05
       108 -2.509775e-06
       109  7.678130e-06
       110  5.541555e-06
       111  1.693783e-04
       112 -1.683440e-06
       113 -4.498736e-04
       114 -3.588446e-05
       115 -2.154713e-06
       116 -7.621464e-05
       117  4.534079e-05
       118  9.584226e-05
       119  3.796865e-07
       120  2.492756e-04
       121  2.597428e-04
       122 -1.569822e-05
       123  8.644619e-05
       124 -2.338838e-06
       125 -7.614872e-04
       126  8.924842e-05
       127 -2.454579e-04
       128  1.138562e-05
       129 -1.816851e-04
       130 -1.712778e-04
       131  2.709736e-04
       132  1.130024e-04
       133  3.771951e-04
       134  9.375596e-06
       135 -1.267666e-04
       136 -9.748285e-05
       137 -4.966944e-05
       138  5.606136e-07
       139  4.231607e-05
       140  5.914967e-05
       141  1.044200e-03
       142 -1.203906e-04
       143  4.567521e-05
       144  3.697193e-04
       145 -6.151456e-06
       146 -4.287433e-07
       147  1.759323e-07
       148  5.058536e-05
       149 -7.295864e-05
       150  1.557425e-05
       151 -4.924717e-05
       152 -3.405955e-05
       153  1.370803e-04
       154 -1.799148e-05
       155 -2.172980e-04
       156 -2.927940e-05
       157  2.956291e-05
       158  5.352717e-05
       159 -9.491791e-05