       pos          info
         0  1.755315e-04
         1 -3.264594e-05
         2 -1.609073e-06
         3 -7.908309e-04
         4  8.300257e-05
         5 -1.190860e-05
         6 -4.007861e-05
         7  1.239911e-04
         8  2.578848e-04
         9  9.046377e-05
        10 -9.695998e-06
        11  1.247651e-05
        12 -8.533516e-05
        13 -2.184173e-09
        14  1.158415e-03
        15 -1.806161e-05
        16 -3.558727e-05
        17 -3.084186e-05
        18 -1.691925e-05
        19  1.222716e-04
        20 -2.768973e-04
        21 -6.248468e-06
        22 -6.673336e-05
        23 -8.121713e-05
        24  1.602606e-06
        25 -2.882535e-03
        26  4.078865e-04
        27  3.227676e-04
        28 -3.135446e-04
        29 -8.441525e-05
        30  4.480540e-04
        31  1.087250e-04
        32  3.455146e-06
        33  1.238793e-05
        34  3.802050e-06
        35 -1.087471e-05
        36  1.069015e-04
        37  1.852391e-07
        38  2.251005e-04
        39 -8.507110e-05
        40  1.965217e-04
        41  3.740287e-04
        42  4.180382e-06
        43 -4.196070e-04
        44 -1.229747e-06
        45  3.668689e-05
        46 -3.414284e-05
        47 -4.390511e-06
        48  9.878168e-05
        49 -1.572756e-05
        50  1.887490e-04
        51 -3.614329e-05
        52  2.543676e-04
        53  3.591283e-04
        54  2.824104e-04
        55  2.053209e-04
        56  2.426323e-08
        57  7.956211e-05
        58 -1.225702e-05
        59  2.785149e-05
        60  3.386658e-05
        61 -3.143139e-05
        62 -8.365948e-05
        63  7.067400e-05
        64  3.673274e-05
        65 -1.693159e-04
        66  6.015820e-04
        67 -2.587351e-04
        68 -4.680299e-04
        69  1.772997e-06
        70  8.646334e-06
        71 -9.452518e-05
        72 -4.486276e-06
        73  2.944462e-04
        74 -3.771159e-05
        75 -1.666930e-05
        76 -3.921650e-05
        77  2.094064e-05
        78  1.324047e-04
        79 -4.507885e-06
        80 -1.007811e-05
        81 -3.993724e-05
        82 -4.439344e-05
        83 -1.105810e-04
        84  1.006874e-06
        85 -1.160748e-04
        86  7.270540e-06
        87  1.722448e-04
        88 -2.645504e-07
        89 -1.080169e-04
        90 -8.866661e-04
        91 -1.338280e-04
        92  4.023666e-04
        93  2.892022e-05
        94 -1.482764e-05
        95 -1.421461e-04
        96 -5.469490e-06
        97  2.170567e-04
        98  1.395226e-04
        99  7.346753e-06
       100 -3.348784e-05
       101  4.603790e-05
       102  1.545619e-04
       103  3.351184e-05
       104 -2.143752e-04
       105  2.960862e-05
       106 -5.691980e-08
       107 -5.891928e-05
       108  2.615779e-05
       109 -9.786858e-05
       110  3.074109e-04
       111 -4.153337e-05
       112  6.164004e-04
       113  1.961886e-04
       114  3.929417e-04
       115  1.343475e-04
       116 -1.410941e-05
       117  1.751417e-05
       118 -6.613010e-06
       119 -1.150195e-03
       120 -1.066832e-04
       121 -6.369701e-04
       122 -3.635085e-05
       123 -5.375623e-05
       124 -8.067534e-07
       125  7.488245e-04
       126 -1.779938e-04
       127  7.097849e-04
       128 -3.174319e-04
       129  2.963117e-04
       130  5.231346e-04
       131 -1.092168e-04
       132 -2.289416e-05
       133 -4.468132e-04
       134 -9.090395e-05
       135  4.269963e-04
       136  1.717977e-04
       137  9.386877e-05
       138  2.232571e-05
       139 -7.517736e-05
       140  1.281311e-05
       141 -3.196147e-04
       142  1.807881e-04
       143 -8.265434e-06
       144 -3.262243e-06
       145 -4.934125e-05
       146 -4.139202e-06
       147 -1.338623e-04
       148  2.772856e-06
       149  2.145330e-04
       150 -1.119152e-04
       151  3.234591e-04
       152  9.663408e-06
       153 -3.740218e-05
       154  1.083514e-04
       155  1.596195e-04
       156  3.511571e-05
       157  1.301750e-04
       158 -3.860261e-05
       159  4.191685e-05