       pos          info
         0  2.656119e-06
         1 -1.580761e-05
         2  3.332732e-05
         3 -3.318372e-05
         4  1.724854e-04
         5 -4.216399e-05
         6  1.449109e-04
         7  5.721747e-04
         8 -1.071526e-07
         9 -1.143912e-04
        10  4.087543e-04
        11 -1.172684e-05
        12  7.655782e-06
        13  1.495068e-05
        14  1.565790e-04
        15  7.746718e-07
        16 -3.258166e-05
        17 -5.992347e-05
        18  3.691561e-04
        19 -1.355695e-04
        20  5.425072e-06
        21  1.111211e-04
        22  3.246982e-04
        23 -2.406911e-05
        24 -2.071314e-06
        25 -1.340283e-03
        26  6.662704e-06
        27  5.390127e-04
        28  4.435151e-05
        29  1.384504e-05
        30 -2.674945e-04
        31  7.327678e-05
        32  5.205616e-05
        33 -6.997785e-05
        34  7.646507e-05
        35 -1.349562e-04
        36  6.116051e-04
        37  8.384598e-05
        38  2.556697e-05
        39 -3.189811e-09
        40  1.606650e-05
        41  3.172429e-04
        42 -1.135405e-05
        43 -1.298621e-05
        44  1.378834e-07
        45  6.347156e-05
        46  4.104998e-07
        47 -2.937765e-04
        48  2.258744e-05
        49 -8.149338e-06
        50  2.733060e-04
        51  5.726553e-05
        52  3.820469e-05
        53  1.897439e-06
        54  2.185946e-04
        55  1.113114e-04
        56  5.926396e-07
        57  3.575376e-05
        58  8.758377e-05
        59  2.125817e-05
        60 -1.517018e-04
        61  1.932763e-04
        62  5.634090e-07
        63  2.099652e-05
        64 -7.945312e-05
        65  3.148182e-05
        66  3.182647e-05
        67  3.695615e-06
        68 -3.355124e-06
        69  1.055292e-04
        70 -3.914289e-06
        71 -2.365541e-05
        72  7.218586e-05
        73 -7.790301e-05
        74  8.190679e-05
        75  1.504635e-04
        76 -1.918357e-04
        77  1.628043e-04
        78  1.331761e-04
        79  4.102488e-07
        80  2.303353e-04
        81  4.522815e-06
        82 -5.443287e-04
        83  1.689157e-04
        84 -5.101597e-05
        85 -8.074493e-05
        86  4.314792e-05
        87  4.122687e-05
        88  1.676669e-05
        89 -1.133545e-04
        90  2.138406e-05
        91  6.462485e-07
        92  5.323592e-05
        93  5.006149e-04
        94 -3.363263e-06
        95  6.509700e-04
        96 -1.669705e-04
        97 -4.875237e-04
        98  5.258579e-04
        99 -2.330702e-04
       100  4.951804e-05
       101 -2.536567e-04
       102 -8.362650e-05
       103  4.637714e-04
       104 -1.188269e-03
       105  1.048601e-04
       106  7.135469e-04
       107  4.199455e-05
       108  4.418240e-05
       109  9.118976e-06
       110 -1.960202e-04
       111  3.815186e-06
       112  5.465327e-04
       113 -1.752729e-05
       114 -7.913033e-07
       115  2.542243e-05
       116 -3.708942e-05
       117  2.264690e-05
       118  1.537303e-04
       119  9.869554e-05
       120  2.943114e-04
       121  5.088289e-05
       122 -1.347890e-05
       123  1.255299e-04
       124 -5.207502e-04
       125  6.026308e-08
       126  1.465636e-06
       127  5.899626e-06
       128  1.078801e-06
       129  1.053746e-04
       130  1.403929e-04
       131 -1.283995e-04
       132  1.329955e-05
       133  1.513579e-05
       134  1.506764e-05
       135 -1.357607e-04
       136  3.981570e-05
       137  1.259485e-05
       138 -1.736886e-05
       139 -8.020420e-07
       140 -1.592107e-06
       141 -2.314547e-09
       142  5.968144e-05
       143 -4.022868e-05
       144 -6.560994e-06
       145 -1.079264e-04
       146  6.828956e-05
       147  6.657432e-04
       148 -2.469457e-05
       149 -4.267550e-04
       150 -3.393429e-05
       151  2.649555e-04
       152  1.448659e-07
       153  7.129274e-05
       154  4.102444e-06
       155  4.132140e-04
       156 -3.115164e-05
       157  3.920198e-04
       158  1.112010e-04
       159  2.278451e-04