       pos          info
         0  6.649728e-05
         1  3.578170e-04
         2 -2.868863e-06
         3  2.537080e-05
         4 -2.324830e-05
         5 -1.891858e-04
         6  1.427235e-05
         7  2.121894e-04
         8  1.700676e-04
         9  3.551686e-05
        10  2.291290e-05
        11 -2.206353e-06
        12 -8.316029e-05
        13 -3.134789e-04
        14 -9.830566e-09
        15  7.797557e-05
        16  5.368255e-06
        17 -1.537531e-04
        18 -1.666998e-05
        19 -2.439224e-04
        20 -1.004565e-04
        21  2.040787e-04
        22  5.710601e-05
        23 -4.494016e-05
        24 -2.697883e-04
        25  1.646547e-04
        26 -8.840395e-06
        27  1.424323e-04
        28 -1.388061e-06
        29 -7.331427e-05
        30 -5.380787e-05
        31  3.511657e-04
        32 -1.597948e-05
        33 -3.816937e-06
        34  5.162248e-06
        35  5.157404e-06
        36 -1.770838e-05
        37 -1.510041e-04
        38 -2.719732e-04
        39 -3.241920e-05
        40  2.889390e-05
        41  1.274528e-04
        42  5.443275e-06
        43  2.068190e-04
        44 -3.251670e-06
        45 -4.659867e-05
        46 -1.072011e-04
        47  3.544623e-04
        48  5.589930e-05
        49  8.294714e-07
        50  4.643429e-04
        51  4.109965e-05
        52  1.066779e-05
        53 -1.453753e-04
        54 -1.147555e-05
        55  4.552117e-05
        56  3.064719e-06
        57  5.804840e-07
        58 -5.798654e-05
        59 -9.013271e-05
        60  1.662358e-05
        61 -5.189654e-06
        62 -7.501960e-05
        63  5.235012e-04
        64  7.475769e-06
        65 -2.787340e-05
        66 -3.904115e-06
        67  1.523603e-04
        68 -2.674094e-04
        69  1.643087e-04
        70  8.930692e-05
        71 -1.417774e-08
        72  9.702396e-05
        73  1.328165e-06
        74 -2.215630e-04
        75 -8.383217e-05
        76  2.497033e-05
        77  1.772125e-04
        78 -1.423609e-05
        79  6.428729e-06
        80  4.945592e-07
        81 -1.775841e-04
        82  7.944514e-05
        83  6.769930e-05
        84 -6.473804e-06
        85 -6.125755e-05
        86  4.893610e-06
        87  1.831652e-05
        88  1.866136e-04
        89  2.076251e-05
        90  9.995147e-06
        91 -6.683745e-05
        92 -2.933684e-05
        93 -7.390224e-05
        94  1.237567e-04
        95  5.754136e-05
        96  1.246885e-04
        97  1.627865e-03
        98  8.027188e-04
        99 -2.182233e-04
       100  4.454205e-05
       101  7.881458e-04
       102  1.663401e-03
       103  4.080991e-03
       104 -1.825389e-03
       105  1.488256e-03
       106  8.530786e-04
       107  1.276754e-03
       108  4.381227e-07
       109  2.007166e-06
       110  7.451110e-05
       111 -7.484749e-05
       112  9.134186e-05
       113 -4.963069e-05
       114 -1.920020e-04
       115  4.346140e-06
       116 -1.928761e-06
       117 -1.373929e-04
       118  4.253555e-05
       119  6.746464e-09
       120 -8.303853e-05
       121 -5.110622e-04
       122  1.600541e-04
       123  9.035848e-05
       124 -8.096219e-05
       125 -3.287831e-05
       126 -3.504655e-04
       127  2.796221e-04
       128 -1.522141e-05
       129  1.500230e-04
       130  1.222010e-04
       131  9.255738e-04
       132  3.785840e-05
       133  1.356181e-04
       134 -1.349665e-04
       135 -4.946229e-05
       136  8.309922e-05
       137 -1.941445e-06
       138  1.140913e-04
       139  1.860948e-04
       140 -2.481076e-04
       141  1.001603e-07
       142  5.961023e-05
       143  5.660033e-05
       144  1.174202e-04
       145  1.714910e-04
       146 -2.788413e-05
       147  2.542602e-05
       148 -5.550720e-05
       149 -1.129325e-04
       150  4.726331e-07
       151  1.349186e-05
       152 -3.227069e-05
       153 -5.247106e-05
       154 -4.270423e-05
       155 -7.972198e-06
       156 -8.170848e-05
       157 -3.034580e-04
       158  2.550797e-04
       159  1.312612e-05