       pos          info
         0  8.932001e-05
         1  1.049722e-04
         2 -2.475644e-06
         3 -4.921027e-07
         4  2.233751e-04
         5 -1.071293e-04
         6 -8.089063e-08
         7  1.767404e-06
         8  2.421936e-05
         9 -6.538673e-06
        10 -4.790287e-05
        11  2.082573e-04
        12  3.619345e-06
        13 -1.783230e-04
        14 -3.068382e-05
        15 -1.513178e-06
        16 -4.484672e-04
        17  4.536920e-06
        18 -1.401486e-04
        19 -3.831885e-04
        20  1.016950e-04
        21  2.064054e-05
        22  5.235380e-05
        23  2.530148e-07
        24 -7.031110e-05
        25 -1.819367e-06
        26  4.211543e-05
        27  5.850351e-06
        28  1.380222e-05
        29 -5.830229e-05
        30  7.019943e-06
        31  2.013766e-04
        32  6.702518e-05
        33  1.117830e-04
        34  2.914724e-04
        35  4.416895e-05
        36 -3.273059e-05
        37 -1.270089e-05
        38  2.377057e-05
        39 -2.947781e-05
        40 -1.140667e-05
        41  2.226608e-05
        42  4.338378e-05
        43  8.323164e-05
        44  2.152686e-05
        45 -1.350938e-04
        46  1.770086e-04
        47  1.150890e-04
        48 -1.590748e-05
        49  7.448394e-05
        50  6.281633e-06
        51 -6.464201e-05
        52  2.816347e-04
        53 -7.423910e-05
        54  2.042214e-06
        55  2.589739e-04
        56 -4.499827e-05
        57  1.401467e-04
        58  4.284688e-06
        59 -1.249556e-04
        60 -8.846900e-08
        61  8.690274e-05
        62 -3.678315e-06
        63  3.111619e-06
        64  1.242713e-06
        65 -1.882769e-05
        66 -1.569944e-04
        67 -1.250100e-04
        68 -2.719056e-04
        69  1.939972e-05
        70  5.137947e-04
        71  3.000802e-05
        72  2.656132e-04
        73 -6.168248e-06
        74 -2.433540e-04
        75 -1.261533e-04
        76  3.935810e-06
        77 -7.777424e-08
        78  7.005414e-06
        79  4.886439e-06
        80  2.674736e-05
        81 -9.941022e-05
        82  2.772091e-05
        83 -1.205496e-04
        84 -2.339826e-04
        85 -9.946251e-05
        86 -9.695152e-05
        87  8.005134e-05
        88  1.230200e-05
        89 -6.545830e-06
        90 -4.714192e-04
        91 -2.151909e-07
        92  2.594041e-05
        93  8.225004e-05
        94  2.145246e-04
        95  1.174477e-04
        96  4.097147e-05
        97  2.723969e-04
        98  3.176245e-07
        99 -5.180906e-05
       100  1.506672e-04
       101 -3.970149e-04
       102  5.322042e-05
       103  9.745928e-04
       104 -2.236270e-04
       105  3.731078e-04
       106  4.679837e-07
       107  2.072603e-06
       108 -1.146579e-04
       109 -1.398764e-04
       110  7.411188e-05
       111 -5.453631e-05
       112  4.799831e-05
       113 -1.618864e-04
       114 -2.544246e-04
       115  1.117441e-05
       116  5.701984e-07
       117  1.115672e-06
       118 -8.082936e-05
       119  4.390532e-05
       120 -2.399816e-05
       121  2.395075e-05
       122  1.271168e-04
       123  4.393314e-06
       124  1.441180e-05
       125  3.692092e-04
       126  1.217420e-04
       127  8.001620e-05
       128 -5.390915e-06
       129 -8.711121e-05
       130 -5.362074e-05
       131  1.285523e-04
       132 -4.945145e-08
       133  2.190884e-04
       134 -6.827896e-04
       135 -1.809793e-04
       136  1.586295e-05
       137  6.129139e-06
       138  2.283984e-05
       139  4.429702e-04
       140  2.184533e-05
       141 -1.288669e-06
       142 -1.250821e-05
       143  9.028008e-04
       144  1.797942e-05
       145 -1.338080e-05
       146 -3.741955e-04
       147 -1.260254e-09
       148 -5.885117e-05
       149 -4.406168e-04
       150 -5.157424e-05
       151 -2.613895e-04
       152 -2.823741e-05
       153  1.850804e-05
       154  2.830031e-07
       155  6.822977e-05
       156 -1.211522e-05
       157 -2.319595e-03
       158  7.825366e-05
       159  8.506678e-05