       pos          info
         0  3.699846e-05
         1 -1.557070e-05
         2  4.011275e-06
         3  3.091789e-05
         4  5.662286e-06
         5 -3.672598e-05
         6 -3.046791e-05
         7 -1.904781e-05
         8  9.435555e-05
         9  8.290915e-05
        10  4.422971e-04
        11  2.640231e-05
        12  2.199843e-04
        13 -1.919436e-04
        14  7.549363e-05
        15 -3.327280e-06
        16  4.511389e-05
        17 -3.019865e-04
        18  2.826852e-05
        19  1.760337e-04
        20  5.152574e-07
        21  4.510468e-06
        22 -5.952490e-05
        23  1.076797e-05
        24 -9.513116e-05
        25  2.670539e-04
        26  4.328500e-05
        27  3.011515e-07
        28 -2.252757e-05
        29  1.008539e-04
        30 -6.256821e-06
        31 -5.989729e-07
        32  5.459545e-05
        33 -2.835718e-05
        34  1.238226e-04
        35  3.735697e-05
        36 -1.969812e-06
        37  1.114592e-05
        38  2.396407e-05
        39  6.662819e-07
        40  8.966122e-05
        41  3.889192e-05
        42  1.316267e-04
        43  1.453557e-04
        44  8.058667e-07
        45  2.749092e-05
        46 -6.768006e-07
        47 -2.406034e-06
        48  2.731822e-05
        49 -2.214140e-04
        50 -4.365966e-05
        51  1.505551e-04
        52  2.068598e-04
        53  3.319947e-04
        54  4.264545e-05
        55 -1.481148e-04
        56  9.485406e-05
        57 -1.616748e-05
        58  1.822608e-05
        59 -2.955775e-05
        60 -1.549921e-07
        61 -2.755619e-05
        62  4.269536e-07
        63 -1.445147e-06
        64  4.760770e-05
        65 -4.721673e-04
        66  5.940726e-05
        67 -2.572492e-06
        68 -9.642954e-05
        69  6.061055e-05
        70  9.155400e-05
        71  1.336496e-04
        72  2.480621e-04
        73  9.976056e-05
        74  7.203092e-06
        75  2.203926e-04
        76 -1.639478e-05
        77  2.366217e-04
        78 -2.387811e-05
        79  3.791407e-04
        80  1.695189e-04
        81 -2.636965e-03
        82  2.344527e-03
        83  3.534824e-03
        84  3.041503e-03
        85  1.993726e-03
        86 -1.102974e-03
        87  6.656770e-05
        88  2.864598e-04
        89  2.947737e-05
        90  2.771450e-04
        91  3.258987e-05
        92  5.473244e-05
        93 -2.441826e-04
        94 -7.462775e-05
        95  3.339923e-05
        96 -5.650016e-04
        97 -6.686843e-04
        98  5.461857e-06
        99  7.197902e-04
       100 -1.060477e-06
       101 -1.045930e-03
       102 -5.779970e-04
       103  4.635681e-04
       104  2.710788e-03
       105  4.312420e-03
       106 -4.213925e-04
       107 -4.556162e-04
       108  1.737440e-03
       109  3.344196e-03
       110  1.139421e-03
       111  4.810438e-06
       112 -1.759462e-03
       113 -5.607610e-04
       114 -3.718299e-05
       115 -2.739082e-04
       116 -1.059227e-04
       117 -1.383945e-07
       118 -2.715358e-04
       119 -1.011199e-04
       120 -1.055793e-04
       121 -4.662270e-05
       122  5.759154e-05
       123 -5.437904e-04
       124 -2.820763e-07
       125 -1.169863e-04
       126 -2.389187e-04
       127  1.015671e-04
       128  1.550838e-04
       129  7.691842e-05
       130  3.789870e-05
       131 -1.778971e-04
       132 -1.681076e-05
       133 -1.723894e-04
       134  1.771666e-04
       135 -3.783023e-05
       136 -1.475030e-04
       137 -1.602441e-05
       138 -2.389065e-08
       139  1.543964e-04
       140 -9.548225e-04
       141  3.755719e-04
       142 -3.778066e-04
       143 -5.912912e-05
       144  4.999388e-05
       145 -2.987882e-05
       146 -7.861322e-05
       147  2.721067e-04
       148  7.410568e-05
       149  4.650755e-06
       150  2.359797e-04
       151  2.113851e-05
       152  5.215427e-05
       153 -6.691835e-05
       154 -2.168177e-04
       155  2.337929e-04
       156  4.026570e-05
       157 -3.632804e-05
       158 -4.012385e-05
       159 -1.641821e-04