       pos          info
         0  2.181693e-05
         1  9.572622e-05
         2 -3.617512e-06
         3  1.869872e-04
         4  1.535990e-04
         5 -4.479427e-06
         6  2.903831e-04
         7 -1.405558e-04
         8  4.711755e-04
         9  7.237960e-04
        10  1.581069e-03
        11  1.736249e-03
        12  1.767175e-03
        13 -7.940033e-05
        14  3.163661e-04
        15  8.492869e-05
        16  1.424225e-03
        17 -1.418987e-05
        18  2.361433e-06
        19  6.334600e-05
        20 -1.809989e-04
        21  1.858764e-05
        22 -2.536112e-04
        23 -7.886955e-05
        24  4.572759e-05
        25  2.196402e-04
        26  1.157617e-04
        27 -2.069290e-07
        28  1.294549e-07
        29  1.757189e-05
        30 -1.032623e-04
        31  3.976507e-05
        32  1.834539e-04
        33  9.550479e-05
        34  6.470540e-05
        35  3.080425e-04
        36 -1.720136e-06
        37  1.997042e-05
        38  8.683890e-05
        39 -1.176032e-06
        40  4.573969e-06
        41 -2.737277e-05
        42  5.133625e-04
        43  5.016018e-05
        44  3.262642e-06
        45  1.130205e-04
        46 -1.456824e-05
        47 -6.334723e-05
        48  8.078505e-05
        49 -5.530586e-05
        50 -5.042323e-05
        51  1.253210e-04
        52  2.512049e-05
        53  1.663259e-05
        54  2.041790e-04
        55  5.717041e-05
        56 -2.433774e-05
        57  1.768191e-05
        58  1.797279e-05
        59 -2.984727e-04
        60 -2.974946e-06
        61  5.008892e-05
        62  6.778599e-05
        63 -6.700903e-09
        64  6.056556e-05
        65 -1.722862e-04
        66 -2.191741e-06
        67 -8.532731e-06
        68 -1.398774e-04
        69  9.437780e-05
        70 -1.367934e-05
        71  1.608623e-04
        72  1.698644e-04
        73  1.434029e-04
        74 -4.232498e-05
        75  1.212404e-06
        76  2.122118e-04
        77  1.899992e-04
        78 -1.589614e-04
        79  2.671285e-05
        80 -3.916961e-05
        81 -2.600372e-03
        82  1.090238e-04
        83  7.599836e-04
        84  1.430431e-03
        85  2.036313e-04
        86 -4.418673e-04
        87  2.410529e-05
        88  6.123998e-07
        89  5.244124e-06
        90  2.757370e-04
        91 -2.022225e-04
        92  1.132258e-04
        93 -2.286698e-04
        94 -1.840750e-06
        95  1.254855e-04
        96 -6.741630e-04
        97 -8.736214e-04
        98  1.216365e-04
        99  2.908801e-04
       100 -1.799779e-04
       101 -4.563869e-05
       102 -3.991647e-04
       103  1.494371e-04
       104  2.711322e-04
       105  5.596113e-04
       106 -3.135755e-04
       107 -1.462679e-04
       108  5.275604e-04
       109  5.066671e-04
       110  4.170857e-04
       111 -3.082034e-06
       112 -1.440003e-03
       113 -5.316066e-04
       114 -3.237617e-04
       115 -5.264820e-05
       116 -5.995032e-04
       117 -2.743671e-04
       118 -4.343733e-04
       119 -3.426399e-04
       120 -1.367141e-04
       121 -2.054383e-05
       122  2.380572e-04
       123 -5.685189e-04
       124 -2.199397e-04
       125 -4.551170e-04
       126 -3.474660e-04
       127  6.613188e-05
       128  1.397025e-04
       129  1.285775e-05
       130  2.362633e-06
       131 -3.028689e-04
       132 -3.609925e-05
       133 -4.703350e-04
       134  1.801862e-04
       135 -7.198394e-05
       136 -9.767060e-05
       137 -1.576100e-05
       138  1.704066e-06
       139  3.823287e-05
       140 -9.512367e-04
       141  1.260008e-05
       142 -2.068364e-04
       143 -1.447699e-04
       144  4.457621e-04
       145 -1.041048e-04
       146 -6.111272e-05
       147  4.143016e-04
       148  1.066039e-05
       149  2.948206e-05
       150  1.757902e-04
       151 -3.736655e-06
       152  1.874426e-04
       153 -2.881088e-05
       154 -6.962761e-05
       155  2.666559e-05
       156  3.486793e-05
       157 -2.843499e-04
       158 -1.265167e-04
       159 -1.973442e-05