       pos          info
         0 -1.506371e-05
         1  1.995155e-06
         2 -2.442328e-05
         3 -7.211401e-06
         4 -2.708777e-06
         5 -5.598442e-05
         6 -1.113979e-04
         7 -9.241845e-05
         8 -5.758767e-05
         9 -2.387003e-05
        10  1.174019e-04
        11  8.648145e-05
        12  3.158701e-05
        13  5.664578e-06
        14 -1.544650e-04
        15  1.428192e-04
        16 -6.648760e-05
        17  3.254737e-05
        18 -3.104802e-05
        19  1.301353e-04
        20 -4.181265e-05
        21  2.692427e-05
        22  2.296969e-04
        23 -4.900883e-05
        24  1.704612e-05
        25  1.601502e-04
        26 -1.514217e-06
        27 -6.689538e-04
        28 -4.171100e-05
        29  1.320585e-04
        30 -1.416454e-04
        31  5.866899e-06
        32 -6.415909e-05
        33 -6.409031e-05
        34 -5.658496e-05
        35 -1.041744e-04
        36  2.001477e-05
        37  2.744203e-05
        38  7.008567e-05
        39 -4.896275e-05
        40 -1.014173e-04
        41  3.802217e-04
        42 -1.000910e-04
        43  2.383893e-04
        44  2.606069e-04
        45  1.461175e-04
        46 -1.774382e-06
        47  2.162652e-05
        48  8.780983e-05
        49 -2.321239e-05
        50 -2.866930e-04
        51 -2.104068e-04
        52  2.036273e-03
        53  5.218806e-04
        54 -4.937740e-07
        55 -1.931234e-05
        56  2.452191e-06
        57  9.282175e-04
        58  1.114677e-04
        59 -5.607439e-05
        60  1.878232e-04
        61 -4.227975e-05
        62  7.995238e-05
        63  3.628797e-05
        64 -1.049712e-04
        65 -1.632385e-05
        66  2.514041e-05
        67  3.044792e-06
        68 -1.320225e-06
        69  4.042230e-06
        70 -1.147080e-04
        71 -1.293751e-06
        72 -1.333549e-04
        73 -8.531164e-05
        74 -3.315177e-05
        75 -3.384701e-06
        76  2.499976e-04
        77 -4.671188e-06
        78 -1.664541e-04
        79  3.487923e-04
        80  1.472781e-03
        81  4.146494e-04
        82  7.308127e-04
        83 -5.041889e-04
        84  1.568367e-04
        85  3.154052e-04
        86  1.364713e-04
        87  2.797005e-04
        88  6.243554e-05
        89  2.208298e-05
        90 -6.139758e-05
        91 -2.895831e-04
        92  1.424102e-04
        93 -2.663306e-04
        94  3.300110e-05
        95 -9.824345e-06
        96 -1.402541e-04
        97  1.656371e-04
        98 -4.869235e-04
        99 -3.500327e-04
       100  6.353683e-04
       101  6.013329e-04
       102 -1.881736e-04
       103  9.168750e-04
       104 -1.229537e-03
       105 -6.443314e-05
       106  2.924686e-04
       107  2.892306e-04
       108  6.716248e-04
       109  6.815840e-04
       110  1.123846e-04
       111 -1.885867e-05
       112  1.241948e-03
       113  6.918339e-04
       114  5.469725e-05
       115 -5.338020e-07
       116  3.033019e-05
       117  3.119818e-05
       118  4.486845e-05
       119  2.803609e-04
       120  1.363430e-04
       121  3.899687e-05
       122  3.178327e-05
       123 -1.809815e-06
       124  3.446056e-04
       125 -1.689800e-05
       126  2.312708e-04
       127 -1.166446e-04
       128 -6.623452e-07
       129 -8.332617e-05
       130 -6.327782e-05
       131  9.503613e-04
       132  6.892846e-04
       133  8.976373e-04
       134  3.164698e-04
       135  4.468003e-05
       136  6.692365e-06
       137  2.976062e-05
       138  1.661939e-04
       139  4.532441e-04
       140 -1.507035e-04
       141  4.272365e-05
       142  6.540142e-04
       143  2.140055e-04
       144  4.102633e-04
       145  1.173053e-04
       146 -5.827496e-05
       147  2.136208e-04
       148 -1.912125e-04
       149 -2.137335e-06
       150  6.106397e-05
       151 -7.347521e-04
       152  1.489041e-04
       153  4.254259e-04
       154  7.489964e-05
       155  1.437294e-04
       156  9.204259e-05
       157  3.262508e-04
       158 -5.113416e-05
       159  4.046993e-06