       pos          info
         0 -2.196256e-05
         1  4.265102e-05
         2 -3.810449e-07
         3  4.909233e-06
         4 -2.877505e-06
         5 -3.824154e-07
         6 -3.834421e-05
         7  2.190974e-05
         8 -6.825604e-06
         9  1.144647e-05
        10 -2.749193e-05
        11  1.912794e-05
        12  6.516080e-05
        13 -1.601835e-05
        14 -8.061053e-06
        15  3.379989e-05
        16  2.762062e-06
        17 -2.529067e-05
        18  1.180449e-04
        19  2.004682e-07
        20  3.198136e-05
        21  5.188170e-05
        22  3.968138e-05
        23 -7.630261e-07
        24  4.868586e-06
        25  2.989029e-05
        26  2.495567e-05
        27  9.491540e-05
        28  3.354132e-05
        29  1.435287e-05
        30 -6.416083e-08
        31  8.548367e-05
        32 -2.715084e-04
        33 -3.027096e-05
        34 -5.260525e-05
        35  3.238044e-06
        36 -1.718064e-06
        37 -3.508768e-05
        38  5.884146e-04
        39  8.010227e-08
        40  1.329126e-04
        41 -4.843428e-05
        42  1.140649e-05
        43 -2.038460e-04
        44 -1.804271e-04
        45  1.281666e-05
        46 -1.165582e-04
        47  1.332165e-05
        48 -6.618082e-08
        49  5.767514e-05
        50  1.624671e-04
        51  2.079855e-04
        52  6.653457e-05
        53  2.875259e-09
        54 -9.806239e-05
        55  2.122819e-04
        56  1.158718e-04
        57  1.809838e-04
        58 -6.347371e-05
        59 -1.076203e-04
        60 -5.936310e-08
        61  1.875508e-04
        62  9.428783e-05
        63  3.050895e-05
        64 -5.750970e-05
        65 -1.828363e-06
        66  7.195131e-06
        67 -7.117145e-06
        68 -3.405133e-06
        69 -1.241590e-07
        70 -1.131838e-05
        71 -1.171134e-04
        72  7.778788e-05
        73  2.439638e-04
        74  1.854325e-06
        75 -1.691523e-05
        76  2.978392e-05
        77 -7.764961e-06
        78  5.832982e-05
        79 -3.409442e-06
        80 -1.208751e-04
        81  7.406798e-05
        82 -2.867698e-04
        83  8.819374e-05
        84  9.146202e-05
        85  4.755482e-07
        86 -2.108266e-04
        87 -1.340678e-04
        88 -5.920200e-08
        89 -2.493261e-05
        90  1.974680e-06
        91 -2.023115e-06
        92 -2.009095e-04
        93 -4.496685e-05
        94  7.313435e-06
        95 -6.450183e-07
        96  1.172859e-04
        97  1.126169e-04
        98 -3.619566e-04
        99  3.247725e-06
       100  2.561012e-05
       101  2.661485e-05
       102  4.540513e-05
       103  6.372965e-04
       104 -3.658206e-04
       105 -7.340804e-05
       106 -6.836792e-04
       107 -1.237845e-04
       108 -2.283370e-04
       109  4.288302e-05
       110  2.657649e-05
       111 -2.552580e-06
       112  1.992829e-05
       113  1.915009e-05
       114  2.201210e-05
       115  7.811004e-05
       116  1.130599e-04
       117 -1.714857e-04
       118 -3.170063e-04
       119 -1.431462e-06
       120  1.606373e-07
       121 -2.687453e-06
       122 -1.672003e-07
       123 -1.492965e-05
       124  1.631455e-06
       125  5.184224e-05
       126  6.282101e-05
       127  3.132697e-05
       128  1.347495e-05
       129 -2.608824e-04
       130  1.604192e-05
       131  1.038030e-05
       132 -2.436443e-05
       133  1.121153e-04
       134  2.579736e-05
       135  8.859393e-09
       136  4.131081e-06
       137 -4.863643e-05
       138 -2.815453e-04
       139 -1.628009e-04
       140 -5.406762e-07
       141  8.842965e-06
       142 -9.540135e-05
       143  3.610084e-07
       144  4.305814e-04
       145  2.583152e-05
       146  1.708634e-04
       147 -7.149915e-04
       148  1.311597e-04
       149 -3.318955e-05
       150  1.265947e-05
       151 -5.443938e-05
       152 -1.554152e-04
       153  8.394531e-05
       154 -2.090114e-05
       155  6.830368e-05
       156  1.565278e-05
       157  1.217150e-05
       158 -4.254569e-05
       159  2.514202e-06