       pos          info
         0 -3.034728e-05
         1  1.582766e-04
         2  1.095625e-05
         3 -1.384896e-04
         4 -8.162264e-06
         5  2.645213e-05
         6  1.251312e-04
         7  1.409530e-05
         8 -3.816051e-05
         9  2.416153e-06
        10  8.600129e-06
        11  5.871055e-04
        12 -4.289519e-05
        13  1.253091e-05
        14 -1.031202e-04
        15 -2.073940e-05
        16  5.378673e-05
        17 -6.292837e-05
        18  2.391918e-06
        19 -1.602150e-04
        20  5.144486e-06
        21 -2.528615e-07
        22  1.822689e-05
        23 -3.569903e-04
        24 -3.397800e-06
        25  1.910002e-06
        26  1.751896e-04
        27  4.023812e-04
        28 -1.311893e-03
        29  5.724136e-04
        30 -1.753806e-03
        31  3.807262e-07
        32 -2.680262e-04
        33  2.277496e-05
        34  1.448496e-04
        35 -1.487269e-04
        36 -2.534351e-04
        37  8.434405e-04
        38 -6.234319e-07
        39  1.370150e-05
        40  9.024289e-06
        41 -8.916845e-05
        42 -1.088634e-04
        43  3.416839e-04
        44  2.826985e-05
        45  6.808069e-04
        46 -7.062702e-04
        47 -1.208391e-06
        48 -7.275223e-05
        49  1.485913e-04
        50  1.125609e-03
        51  1.180457e-03
        52  5.799616e-04
        53 -2.105430e-04
        54  6.669987e-05
        55  2.070933e-03
        56 -9.343513e-06
        57  2.046438e-04
        58 -4.316819e-09
        59 -7.777814e-05
        60 -1.886925e-04
        61  1.331275e-04
        62 -1.404078e-04
        63 -6.698466e-04
        64  4.619928e-04
        65  4.033531e-05
        66 -2.613360e-04
        67 -2.913958e-04
        68 -1.741941e-04
        69 -8.167006e-05
        70 -1.668542e-05
        71  1.521769e-04
        72 -1.424821e-05
        73 -3.624015e-06
        74 -9.365905e-07
        75  3.466035e-04
        76 -1.403642e-05
        77  1.225513e-05
        78  1.207373e-04
        79 -3.088768e-04
        80  6.496181e-05
        81  9.284892e-09
        82  3.662718e-04
        83  7.235104e-04
        84  1.587947e-06
        85 -3.387715e-04
        86 -2.313250e-06
        87 -2.943874e-04
        88 -1.100389e-04
        89  7.172463e-04
        90 -1.027686e-04
        91 -2.424858e-04
        92  1.483545e-04
        93  2.126227e-05
        94 -1.374182e-04
        95 -3.284648e-06
        96  7.063168e-05
        97  1.004656e-05
        98 -1.981603e-05
        99 -2.491380e-08
       100 -5.478486e-05
       101 -2.165235e-09
       102 -7.645805e-04
       103  2.274065e-04
       104 -1.313887e-04
       105  4.927994e-05
       106  1.701126e-04
       107  5.216736e-06
       108  4.140050e-05
       109  5.703552e-05
       110  1.470480e-04
       111  8.106107e-07
       112  9.407604e-05
       113 -5.701089e-04
       114 -4.333710e-05
       115  1.061650e-04
       116  5.518869e-05
       117 -4.312685e-05
       118 -1.674408e-04
       119 -1.968016e-04
       120  1.249540e-05
       121 -1.777615e-04
       122  4.049133e-05
       123  1.242765e-07
       124  3.088353e-04
       125  3.975929e-06
       126 -2.026385e-05
       127  5.178740e-05
       128 -4.049216e-09
       129 -1.013975e-11
       130 -1.962180e-05
       131  1.532586e-05
       132  2.746649e-04
       133  1.159034e-03
       134  1.208809e-04
       135  2.931083e-04
       136 -2.221618e-04
       137 -2.284041e-06
       138  3.294550e-07
       139 -6.245739e-06
       140 -1.004496e-04
       141  3.784645e-05
       142 -7.558642e-07
       143  1.278879e-05
       144  2.053525e-06
       145  2.595792e-05
       146  7.160807e-05
       147 -4.929085e-05
       148 -3.165620e-04
       149 -2.140463e-04
       150 -5.443730e-06
       151 -2.470158e-05
       152  2.002907e-05
       153 -2.799096e-05
       154  1.632851e-04
       155  1.139840e-04
       156 -9.098048e-04
       157 -7.493073e-05
       158  3.876409e-05
       159  5.117650e-05