       pos          info
         0  4.083238e-08
         1 -3.588247e-09
         2 -3.526131e-08
         3 -2.940728e-09
         4 -1.065016e-07
         5 -4.661317e-10
         6 -1.110050e-08
         7 -5.318961e-08
         8 -4.564419e-08
         9  9.547768e-08
        10  2.795806e-07
        11 -2.695168e-08
        12  3.068891e-08
        13  4.271816e-08
        14 -8.175874e-08
        15  3.265157e-09
        16 -8.856546e-08
        17  5.713202e-10
        18  7.659526e-08
        19  6.484581e-08
        20 -7.768777e-09
        21  2.295712e-09
        22  7.755096e-09
        23  8.706250e-10
        24 -8.604694e-08
        25 -2.224576e-07
        26 -4.707384e-08
        27  3.357398e-07
        28 -1.344675e-10
        29  5.359594e-11
        30  8.753370e-09
        31 -3.462064e-09
        32 -2.163168e-08
        33  1.691336e-07
        34  1.733151e-07
        35  3.487810e-08
        36  2.742339e-08
        37 -5.984143e-08
        38  3.076500e-08
        39 -3.361234e-08
        40 -3.337780e-07
        41  1.111023e-11
        42 -1.523949e-08
        43 -1.572388e-10
        44  7.480720e-08
        45  6.507407e-08
        46  7.455796e-09
        47 -2.131418e-09
        48 -9.336847e-08
        49  5.976815e-11
        50 -1.716345e-08
        51  6.889690e-08
        52 -9.247262e-09
        53 -9.260126e-09
        54 -4.921761e-08
        55 -2.823825e-08
        56 -6.333378e-12
        57  3.113759e-08
        58 -8.504282e-09
        59 -5.937296e-08
        60  9.752122e-09
        61  2.054953e-07
        62 -4.689160e-09
        63  3.517229e-07
        64  7.056215e-08
        65 -2.258885e-07
        66  1.909767e-07
        67  4.443868e-07
        68  3.109006e-08
        69 -2.962575e-08
        70  2.112062e-07
        71 -1.137513e-09
        72  5.872202e-08
        73 -2.864758e-08
        74 -7.139096e-09
        75  6.651183e-09
        76  2.880528e-07
        77  4.507301e-09
        78  7.123787e-08
        79  2.318965e-08
        80 -4.793155e-09
        81  1.205391e-07
        82  1.487446e-08
        83  2.379636e-08
        84  2.206462e-08
        85  9.933472e-09
        86  2.653667e-08
        87 -7.548300e-09
        88  8.735008e-09
        89 -1.912296e-08
        90 -1.752424e-08
        91 -1.863940e-08
        92 -1.614163e-08
        93 -1.275402e-08
        94 -8.411026e-11
        95  5.472403e-08
        96 -3.178205e-11
        97 -1.358771e-09
        98 -2.804898e-10
        99 -1.379176e-07
       100 -2.512940e-10
       101 -3.486072e-08
       102  1.765739e-09
       103 -1.135728e-07
       104 -3.733945e-08
       105 -2.951958e-09
       106 -3.024968e-09
       107 -3.671104e-07
       108  3.899331e-08
       109 -1.172072e-07
       110  6.649179e-08
       111  9.670457e-09
       112 -5.102968e-08
       113  1.314624e-07
       114  2.909031e-07
       115 -8.424051e-08
       116  1.247259e-13
       117  1.282634e-08
       118 -1.675063e-07
       119 -8.017602e-10
       120  4.656986e-09
       121 -1.152305e-07
       122  2.903292e-09
       123  5.687805e-08
       124 -9.151624e-09
       125 -5.839112e-08
       126  2.975416e-08
       127 -4.757104e-08
       128  3.993187e-09
       129 -3.089952e-08
       130 -6.750995e-08
       131  1.441892e-07
       132  4.614555e-08
       133  4.040633e-08
       134  2.871217e-08
       135 -1.112366e-08
       136 -6.399625e-08
       137 -1.013615e-10
       138  1.482863e-09
       139 -5.129167e-09
       140  6.395014e-09
       141  1.956087e-08
       142  1.537610e-07
       143 -3.018456e-08
       144 -3.558136e-11
       145 -1.169479e-07
       146 -1.594918e-09
       147 -1.252523e-08
       148  6.247490e-10
       149  1.382439e-08
       150  2.029990e-08
       151  9.206374e-08
       152  7.105594e-08
       153 -5.897097e-09
       154  7.276144e-09
       155  4.824187e-08
       156  1.400623e-07
       157  1.656231e-08
       158 -7.553516e-08
       159 -3.296011e-09