       pos          info
         0 -5.784158e-07
         1 -1.200034e-04
         2 -2.839289e-05
         3  9.614663e-05
         4  3.214406e-04
         5  3.357504e-05
         6  6.611711e-05
         7 -7.388884e-05
         8 -1.608018e-04
         9  1.942123e-08
        10  1.998126e-05
        11  1.623442e-05
        12 -4.782751e-05
        13  1.003915e-04
        14 -1.673997e-04
        15  8.330477e-05
        16  2.401148e-04
        17  4.685929e-05
        18  1.754940e-04
        19 -1.931370e-04
        20 -6.981269e-05
        21  1.993171e-04
        22  3.111747e-04
        23 -2.612449e-04
        24 -2.765890e-04
        25 -8.655299e-06
        26  7.804284e-07
        27 -5.427477e-09
        28 -3.261597e-04
        29 -9.792040e-05
        30  4.694908e-05
        31 -8.079679e-07
        32 -2.592985e-06
        33  3.156838e-05
        34  3.674423e-06
        35 -4.265215e-04
        36  9.284504e-07
        37 -1.931565e-05
        38  1.160747e-04
        39  7.802546e-05
        40  2.045417e-05
        41 -2.089938e-04
        42 -3.136412e-04
        43 -3.460384e-05
        44 -4.266404e-05
        45  2.331280e-05
        46 -2.368123e-09
        47 -2.799311e-05
        48 -9.604911e-06
        49 -2.133435e-07
        50 -6.543797e-05
        51  1.033833e-05
        52 -6.362525e-05
        53 -2.572379e-05
        54 -2.823231e-05
        55 -2.783663e-06
        56  1.381243e-05
        57 -1.767460e-05
        58  2.168075e-04
        59  1.579995e-03
        60  3.784639e-04
        61  2.384861e-04
        62  2.248164e-03
        63  2.055807e-03
        64  2.030456e-03
        65  2.795463e-03
        66  3.283156e-03
        67  5.189970e-04
        68  1.062096e-04
        69  1.011958e-05
        70 -1.373510e-05
        71 -8.935282e-06
        72  2.672695e-05
        73  6.319426e-04
        74  1.956284e-05
        75 -4.898442e-06
        76  1.701051e-04
        77 -2.757009e-04
        78 -6.338733e-06
        79  8.107790e-04
        80  1.354628e-03
        81  1.926939e-03
        82  8.040243e-05
        83  2.858538e-04
        84  4.324764e-05
        85  5.468078e-04
        86  1.638414e-04
        87 -3.523122e-05
        88  3.169061e-04
        89  1.631849e-04
        90 -4.608807e-06
        91  4.509804e-04
        92 -3.183054e-06
        93 -1.341559e-04
        94  3.777031e-05
        95  3.045385e-03
        96  1.221856e-03
        97  3.093736e-04
        98 -2.055999e-03
        99 -1.842427e-03
       100 -1.370059e-03
       101 -3.623334e-03
       102 -2.718606e-03
       103 -2.205593e-04
       104 -1.369263e-03
       105 -3.360076e-04
       106 -3.419815e-04
       107 -1.950233e-05
       108 -2.850786e-07
       109  3.255606e-04
       110  1.116619e-04
       111 -1.782613e-04
       112 -4.671609e-05
       113 -1.602487e-05
       114  3.493312e-04
       115 -1.174309e-03
       116  3.781285e-04
       117 -2.054472e-04
       118  9.970679e-04
       119  8.320839e-04
       120  6.362327e-03
       121 -8.124207e-04
       122  6.320021e-04
       123 -4.006972e-04
       124  2.713934e-04
       125 -2.870521e-06
       126 -1.241821e-05
       127  2.428802e-04
       128  1.538505e-05
       129  7.326741e-06
       130 -8.117969e-06
       131  6.410782e-06
       132  2.611608e-04
       133 -6.118911e-05
       134  9.416031e-06
       135 -1.259929e-04
       136  4.429224e-05
       137 -7.117756e-09
       138 -5.473890e-06
       139  1.913073e-04
       140 -3.669286e-05
       141 -2.514207e-05
       142  2.260347e-04
       143  9.879126e-08
       144 -4.572458e-07
       145  9.855042e-05
       146 -1.599743e-05
       147  3.426462e-05
       148  1.847487e-04
       149  4.131404e-05
       150  8.774831e-05
       151  5.630846e-05
       152 -3.200679e-05
       153  3.236167e-05
       154 -3.831449e-06
       155  3.106830e-04
       156  4.022376e-05
       157  8.340517e-05
       158 -6.251842e-05
       159 -9.749213e-05