       pos          info
         0  2.046818e-04
         1 -9.951353e-06
         2 -7.346878e-07
         3 -7.464826e-05
         4 -7.360410e-05
         5  8.293534e-06
         6 -5.072770e-06
         7 -1.309064e-04
         8  1.890316e-06
         9  1.202907e-05
        10 -1.383280e-05
        11  2.825361e-08
        12 -2.038549e-06
        13 -3.383952e-04
        14  1.625842e-05
        15 -9.851069e-05
        16 -9.075833e-05
        17  4.196004e-05
        18 -7.378215e-06
        19  1.549006e-05
        20 -1.004131e-04
        21  9.187970e-06
        22 -6.613728e-05
        23  9.623262e-05
        24 -2.577623e-04
        25  5.712562e-05
        26 -1.081437e-06
        27  7.972681e-06
        28 -4.691308e-07
        29  1.651529e-04
        30 -1.308775e-05
        31 -1.674540e-04
        32 -1.864080e-07
        33 -1.256176e-04
        34  2.245704e-04
        35  1.183838e-05
        36  2.616194e-06
        37  1.932054e-07
        38  2.026844e-06
        39 -3.090107e-07
        40  9.397944e-05
        41  5.721262e-05
        42  5.541151e-09
        43  3.411207e-05
        44  3.940034e-05
        45  2.408409e-05
        46 -3.350154e-05
        47 -1.715560e-04
        48 -1.542726e-04
        49  5.419123e-05
        50  5.129583e-06
        51 -1.704995e-05
        52  1.167612e-06
        53 -2.807341e-06
        54 -1.281226e-04
        55  9.415239e-05
        56 -4.231299e-05
        57  6.073732e-05
        58 -2.228464e-05
        59 -3.003190e-05
        60 -5.323328e-06
        61 -1.035231e-05
        62 -9.549523e-05
        63 -6.898558e-05
        64  9.359683e-05
        65  6.529054e-05
        66  1.843695e-06
        67  1.948632e-07
        68  3.803709e-05
        69 -7.775563e-07
        70 -1.127475e-04
        71  1.176285e-04
        72  2.619283e-06
        73  1.908239e-05
        74  5.434838e-05
        75  9.899371e-06
        76  1.151940e-04
        77 -6.631934e-05
        78  3.427599e-06
        79  2.053143e-06
        80  2.306697e-04
        81  4.462040e-05
        82 -3.554217e-06
        83  2.419025e-05
        84 -3.551701e-07
        85  1.073200e-05
        86  8.853168e-05
        87  1.270848e-05
        88  1.371656e-04
        89  3.809010e-04
        90  3.200524e-05
        91 -3.283036e-06
        92 -2.396473e-05
        93 -1.814254e-04
        94 -8.606679e-05
        95  1.872028e-04
        96  6.444093e-06
        97 -9.680746e-05
        98  7.962316e-06
        99 -1.318641e-06
       100  1.250461e-05
       101 -1.226327e-05
       102  4.413763e-06
       103 -6.490803e-06
       104  2.845711e-05
       105  3.497138e-05
       106 -5.343218e-05
       107 -1.797624e-05
       108 -1.539690e-06
       109  1.253781e-04
       110  2.981938e-04
       111 -1.564376e-04
       112 -1.498515e-08
       113  7.293498e-05
       114  8.267449e-06
       115  2.918965e-08
       116 -7.300112e-06
       117  2.061456e-06
       118  1.220220e-04
       119  8.150290e-06
       120  1.765032e-05
       121  6.019733e-05
       122 -1.986387e-04
       123 -4.086475e-05
       124  1.025120e-05
       125 -1.255680e-04
       126  9.847986e-08
       127  9.382722e-05
       128  1.905216e-09
       129 -1.793884e-04
       130  2.074693e-05
       131  1.987809e-04
       132  3.434816e-05
       133 -1.798241e-05
       134  4.803984e-05
       135  4.852555e-05
       136 -8.323161e-08
       137  5.369054e-05
       138  1.533886e-04
       139 -1.394288e-04
       140 -2.327505e-05
       141  3.328600e-05
       142 -1.235796e-04
       143  2.801794e-05
       144  1.138028e-04
       145 -6.071236e-06
       146  7.313251e-06
       147 -9.765324e-05
       148 -1.142389e-05
       149  7.728466e-05
       150  1.178027e-04
       151 -2.769106e-05
       152 -4.422191e-10
       153 -7.721921e-05
       154  1.459390e-05
       155  2.143495e-04
       156 -1.036264e-04
       157 -2.042935e-05
       158 -2.074962e-06
       159  2.556450e-05