       pos          info
         0 -2.401771e-07
         1  1.404584e-09
         2  3.163982e-08
         3  2.606301e-07
         4 -1.203958e-08
         5  5.157322e-08
         6 -3.160316e-09
         7  3.457059e-08
         8  1.458842e-09
         9  1.188280e-08
        10  6.036076e-10
        11 -3.458379e-08
        12  2.809535e-07
        13 -1.017732e-07
        14  6.518205e-08
        15 -1.421451e-07
        16  1.108323e-07
        17  3.385770e-10
        18 -2.158177e-09
        19  2.021377e-07
        20  1.169089e-08
        21 -4.799850e-10
        22 -3.598158e-08
        23 -2.783481e-08
        24 -1.100331e-07
        25 -2.995303e-08
        26 -3.738667e-09
        27  3.586691e-08
        28  2.308852e-08
        29  2.128369e-07
        30 -1.505615e-08
        31 -2.508756e-08
        32  1.319289e-07
        33 -2.044592e-08
        34  1.893784e-07
        35  1.197834e-08
        36 -1.258990e-07
        37  1.212450e-07
        38 -6.360285e-09
        39  2.432362e-08
        40 -8.762513e-08
        41  2.490183e-08
        42  1.787225e-07
        43 -1.488873e-08
        44 -1.067219e-07
        45  5.484668e-08
        46 -1.894765e-12
        47  1.892188e-09
        48 -1.707783e-08
        49 -2.957373e-08
        50 -2.004280e-07
        51 -6.501434e-08
        52 -1.018992e-07
        53  4.995679e-08
        54 -9.828131e-08
        55  4.051285e-07
        56 -1.321883e-07
        57 -1.915311e-07
        58 -6.934093e-08
        59  7.927293e-09
        60  1.577766e-08
        61 -7.407758e-09
        62  3.293719e-07
        63 -2.803823e-08
        64  6.212371e-10
        65  2.575671e-08
        66  3.371344e-09
        67  3.263310e-10
        68  1.249089e-07
        69 -2.622943e-08
        70  7.910028e-08
        71 -9.620704e-09
        72  1.039218e-07
        73  3.056144e-11
        74 -5.604418e-08
        75 -4.398370e-08
        76  2.474018e-08
        77  6.675465e-08
        78  4.016562e-08
        79 -1.075862e-08
        80 -1.921528e-09
        81  1.349754e-07
        82  2.381122e-09
        83 -3.237507e-10
        84  2.688589e-07
        85  1.347631e-07
        86  7.552260e-08
        87  1.260990e-08
        88 -1.659319e-08
        89 -5.697841e-08
        90  7.067472e-08
        91  8.295851e-08
        92 -1.874782e-07
        93  9.784037e-09
        94  1.185858e-07
        95 -2.163531e-07
        96  1.144476e-07
        97 -5.093043e-09
        98 -2.354574e-08
        99 -9.465527e-08
       100 -4.395935e-09
       101 -1.206497e-07
       102 -4.813656e-09
       103 -4.493557e-08
       104 -3.652994e-09
       105  3.126622e-09
       106  7.565668e-08
       107  2.039591e-07
       108  6.522364e-10
       109 -3.309224e-08
       110  2.747119e-08
       111 -1.164022e-07
       112 -1.526187e-07
       113 -3.531747e-10
       114 -3.174804e-07
       115 -5.074609e-08
       116 -1.082532e-08
       117 -4.547211e-09
       118  1.728720e-08
       119  3.399788e-10
       120 -8.715670e-08
       121  2.054027e-10
       122  2.089696e-07
       123  5.928137e-08
       124  2.845442e-09
       125 -2.217381e-08
       126 -6.586177e-08
       127 -5.222972e-08
       128 -4.136723e-08
       129 -3.128213e-09
       130  5.617713e-08
       131  3.246218e-08
       132 -9.360602e-08
       133 -2.233263e-08
       134 -5.711645e-09
       135  1.049629e-07
       136  1.600255e-08
       137 -1.020846e-07
       138 -8.684811e-08
       139  4.140502e-08
       140  1.151345e-08
       141 -1.478428e-07
       142 -3.959098e-08
       143 -2.883312e-09
       144  1.610076e-08
       145  9.328354e-08
       146  3.617044e-08
       147 -1.372188e-07
       148 -1.128245e-08
       149  4.644807e-08
       150  3.186920e-08
       151  8.210657e-08
       152  1.936342e-09
       153 -1.670669e-11
       154  1.305393e-07
       155 -8.744039e-10
       156  4.180021e-07
       157 -1.286949e-07
       158  1.015017e-07
       159 -6.891876e-07