       pos          info
         0 -2.862778e-04
         1 -1.930985e-05
         2 -3.165201e-06
         3 -6.089430e-07
         4  1.493856e-06
         5  1.342921e-06
         6 -3.318946e-04
         7  1.375706e-04
         8  2.638517e-04
         9 -2.278678e-04
        10  1.329090e-04
        11 -2.006749e-07
        12  1.532039e-05
        13 -5.527924e-06
        14 -7.590777e-06
        15  2.525604e-04
        16  1.429920e-04
        17  2.881909e-05
        18 -1.252667e-04
        19  7.475333e-07
        20  1.121168e-05
        21  3.834017e-07
        22  1.245359e-04
        23  3.912958e-04
        24 -1.825292e-04
        25  3.370252e-05
        26  2.303872e-05
        27  1.793731e-06
        28 -2.879992e-06
        29  5.373214e-05
        30  7.658353e-07
        31 -1.267151e-04
        32 -8.138699e-06
        33 -1.381421e-04
        34 -6.648302e-04
        35 -8.835468e-05
        36 -3.045828e-04
        37 -7.758701e-05
        38  4.438913e-06
        39 -1.638244e-06
        40  1.297858e-05
        41  3.434516e-04
        42 -1.665851e-04
        43 -3.830016e-04
        44 -1.795255e-04
        45  9.164055e-06
        46  8.143336e-05
        47 -9.579393e-05
        48 -7.905162e-05
        49  8.456517e-05
        50 -8.758668e-05
        51  3.371904e-04
        52 -8.447245e-05
        53  7.448258e-04
        54  3.094547e-06
        55  9.452570e-05
        56  1.687693e-05
        57  3.350785e-05
        58 -1.837745e-04
        59  1.251208e-04
        60  1.681550e-04
        61 -8.655159e-06
        62 -1.221095e-04
        63  6.588001e-05
        64 -3.047685e-12
        65 -1.521386e-04
        66  5.335967e-05
        67  8.159322e-06
        68  4.448257e-05
        69  1.064468e-04
        70  3.225351e-04
        71 -3.046952e-05
        72 -5.691408e-04
        73 -4.630335e-06
        74  1.539584e-04
        75  3.896000e-05
        76 -1.376531e-04
        77 -1.714697e-04
        78  8.700512e-04
        79  3.624777e-04
        80 -2.136007e-04
        81  1.118075e-03
        82  2.620810e-03
        83  1.214944e-04
        84  6.600229e-04
        85  3.309046e-05
        86 -7.971561e-04
        87  4.274034e-07
        88  3.504687e-05
        89  1.117634e-05
        90  1.460958e-04
        91 -1.085024e-05
        92  5.973147e-06
        93  8.269799e-06
        94 -1.277735e-04
        95 -7.913048e-06
        96  1.344876e-04
        97  2.549978e-04
        98 -9.732948e-04
        99  2.063077e-04
       100  1.680150e-04
       101 -5.375903e-06
       102 -4.006059e-05
       103  8.417860e-04
       104  1.608207e-03
       105 -1.131386e-03
       106  1.856720e-04
       107  5.427130e-04
       108  1.071263e-03
       109 -9.588101e-04
       110 -1.297964e-05
       111  1.430886e-04
       112 -2.578605e-05
       113 -3.190546e-05
       114 -5.868176e-06
       115 -5.598675e-05
       116  4.251607e-06
       117  8.956684e-05
       118  3.685996e-04
       119 -3.381577e-04
       120  1.792928e-05
       121 -8.833613e-05
       122  1.938600e-04
       123  1.927154e-04
       124 -3.484622e-04
       125 -5.302372e-05
       126  3.188094e-04
       127 -1.302179e-07
       128 -2.144918e-04
       129  4.150145e-04
       130  7.225403e-05
       131  1.462432e-05
       132 -4.235532e-07
       133  6.441137e-05
       134  2.608871e-04
       135  1.819058e-04
       136 -1.485373e-05
       137  3.214028e-04
       138 -1.983664e-04
       139  3.193453e-04
       140 -4.202616e-06
       141  3.496725e-05
       142 -7.219111e-05
       143 -1.092204e-05
       144 -1.759064e-05
       145 -4.825815e-05
       146  1.257617e-05
       147  5.178563e-05
       148 -1.507441e-04
       149  2.604694e-04
       150 -1.157884e-04
       151  7.656433e-04
       152 -4.461937e-05
       153  6.615325e-05
       154 -8.442839e-07
       155 -8.252933e-06
       156  1.699818e-04
       157  2.170684e-04
       158  1.769192e-04
       159 -1.610866e-04