       pos          info
         0  2.758682e-04
         1  1.815651e-04
         2  5.395841e-04
         3  4.773167e-06
         4 -3.852104e-04
         5  4.183931e-06
         6  8.421312e-07
         7 -6.972493e-05
         8  1.269763e-04
         9  6.922280e-05
        10  4.400152e-04
        11 -3.466111e-06
        12  7.350733e-05
        13  4.123941e-05
        14 -3.146901e-04
        15  7.522721e-05
        16  1.570971e-05
        17  2.837930e-04
        18 -1.262761e-06
        19 -3.867156e-05
        20  1.525103e-04
        21  4.414506e-04
        22  1.772874e-05
        23  3.671876e-04
        24 -2.013196e-05
        25  2.299164e-05
        26 -4.287941e-05
        27  3.485753e-04
        28  8.129759e-04
        29 -2.274014e-04
        30  6.167483e-09
        31  2.584633e-04
        32 -2.490072e-05
        33 -2.868512e-05
        34  2.759214e-04
        35 -6.667406e-05
        36 -4.256546e-05
        37  5.339887e-07
        38  4.874195e-05
        39  1.134658e-03
        40 -8.451692e-04
        41  1.825097e-05
        42  6.711862e-07
        43 -4.330854e-06
        44  7.461557e-05
        45 -1.394403e-04
        46  3.790149e-04
        47  6.498661e-05
        48  8.013163e-05
        49  4.295344e-05
        50 -1.484505e-04
        51 -7.685008e-05
        52  1.142949e-04
        53  2.813652e-04
        54  3.095398e-04
        55  1.580440e-05
        56  3.194995e-08
        57  1.292159e-05
        58  1.261053e-06
        59 -3.246134e-05
        60 -1.391603e-05
        61  4.021397e-06
        62  2.071171e-04
        63 -5.367989e-05
        64 -1.690619e-04
        65 -2.206489e-05
        66  3.357203e-04
        67  9.128856e-06
        68 -1.444106e-03
        69 -3.701045e-09
        70 -8.672227e-05
        71  1.677852e-04
        72  1.397549e-04
        73  1.831930e-06
        74 -1.552298e-04
        75 -2.532717e-03
        76  8.005367e-05
        77  1.127649e-04
        78  2.172057e-04
        79  6.762174e-06
        80  5.242609e-04
        81  9.016990e-04
        82 -8.626576e-04
        83  3.589182e-04
        84  1.343953e-04
        85  3.829434e-04
        86  1.206985e-06
        87  1.241813e-05
        88 -5.941968e-05
        89  6.218326e-05
        90  3.831811e-04
        91  1.015600e-03
        92 -7.037763e-04
        93 -8.033119e-04
        94 -1.096779e-04
        95 -1.225956e-05
        96  1.401385e-05
        97  3.218661e-04
        98 -1.041814e-04
        99 -3.686169e-03
       100 -4.198564e-03
       101 -2.546722e-05
       102  1.294883e-03
       103  5.128937e-04
       104 -3.676748e-05
       105  1.354362e-04
       106 -3.236554e-05
       107  1.473014e-05
       108 -5.079524e-05
       109 -7.382878e-06
       110  3.987310e-05
       111 -8.433136e-05
       112 -5.695612e-05
       113 -8.284488e-04
       114  2.366618e-04
       115 -7.015018e-05
       116  2.617005e-04
       117  4.875126e-06
       118  1.710082e-04
       119 -1.156889e-04
       120 -1.215393e-03
       121  2.444103e-04
       122 -1.706975e-04
       123 -4.853715e-05
       124  2.634452e-04
       125  3.409026e-05
       126  4.940994e-05
       127  1.827203e-04
       128 -3.735070e-04
       129 -3.207474e-07
       130  7.331014e-05
       131 -5.298472e-05
       132 -5.357746e-06
       133  1.470396e-04
       134  5.596640e-06
       135  4.544251e-05
       136 -5.735965e-05
       137  4.373165e-05
       138 -8.316143e-06
       139 -9.018523e-05
       140  4.128679e-05
       141  3.762165e-05
       142 -3.168933e-05
       143 -1.251425e-05
       144 -4.575466e-04
       145  1.463638e-04
       146  2.166200e-04
       147  8.879630e-11
       148 -7.711651e-06
       149 -7.107280e-05
       150 -3.655742e-04
       151  8.677656e-05
       152  1.358346e-04
       153  1.872152e-10
       154 -3.432124e-06
       155  1.047701e-05
       156  2.011779e-05
       157 -9.673041e-05
       158 -1.130108e-04
       159 -1.788246e-05