       pos          info
         0  2.433016e-04
         1  1.337592e-06
         2  3.636194e-05
         3  1.349371e-04
         4 -4.626040e-07
         5  1.566813e-04
         6  2.261701e-05
         7  1.161161e-04
         8  8.380330e-06
         9 -3.155995e-05
        10 -5.674436e-04
        11  2.458267e-04
        12 -1.103238e-04
        13  3.193231e-05
        14  2.123173e-05
        15  7.510420e-05
        16 -6.767874e-05
        17 -1.650728e-06
        18  2.604301e-05
        19  1.836144e-05
        20 -3.099264e-06
        21 -4.294026e-06
        22  3.176290e-05
        23 -4.073200e-06
        24 -3.959315e-05
        25 -1.599743e-06
        26  1.254272e-06
        27  2.779143e-05
        28 -7.860425e-05
        29 -3.127528e-05
        30 -7.886386e-06
        31 -3.155784e-06
        32  3.222051e-04
        33  1.021707e-05
        34  9.645502e-07
        35  7.599476e-06
        36  1.249456e-03
        37  3.629256e-04
        38 -2.832171e-09
        39  2.791585e-04
        40  9.721458e-05
        41  4.104275e-05
        42  4.017678e-05
        43  2.784130e-04
        44  3.870395e-05
        45 -5.586138e-06
        46  4.852756e-05
        47  1.184057e-04
        48  3.473299e-05
        49 -2.538224e-04
        50  2.796676e-05
        51 -8.394387e-05
        52  1.356215e-04
        53  2.260224e-04
        54  1.401909e-04
        55 -1.495987e-04
        56 -2.115098e-03
        57  1.009854e-04
        58  4.028519e-05
        59 -1.324633e-03
        60 -5.647223e-06
        61  4.624606e-05
        62  5.829015e-04
        63 -6.641667e-07
        64 -5.275485e-05
        65  6.705194e-05
        66  1.147584e-05
        67  9.947195e-04
        68  1.963880e-04
        69 -3.336446e-04
        70  1.130272e-05
        71 -1.212200e-06
        72 -1.390896e-04
        73 -7.518899e-06
        74 -2.652767e-04
        75 -6.751676e-04
        76  2.644658e-04
        77 -2.373026e-04
        78  1.337883e-04
        79 -7.366928e-05
        80 -9.794699e-05
        81 -8.290053e-07
        82  5.437966e-06
        83 -7.732544e-05
        84  6.333868e-05
        85 -6.112337e-04
        86  1.080139e-03
        87  6.412534e-05
        88  1.908822e-04
        89 -4.928795e-04
        90  4.541851e-04
        91  7.204813e-04
        92  5.978122e-04
        93  9.303688e-04
        94 -1.186329e-06
        95  3.257427e-04
        96  9.397312e-04
        97 -1.113573e-04
        98 -6.164373e-05
        99 -5.308618e-04
       100  4.961632e-04
       101  9.006619e-05
       102 -4.800890e-05
       103  1.019343e-04
       104 -1.180322e-04
       105  2.100799e-06
       106 -1.112189e-06
       107  2.473775e-04
       108 -8.085174e-05
       109  5.593947e-04
       110  3.414059e-04
       111 -6.378203e-05
       112  1.168350e-05
       113  4.730757e-05
       114  7.182496e-07
       115  2.649492e-05
       116 -2.682756e-05
       117  5.723001e-05
       118 -3.377517e-04
       119  3.072476e-04
       120 -6.072476e-05
       121  7.127950e-07
       122  1.653889e-05
       123 -2.032551e-04
       124  7.651128e-06
       125 -2.224971e-04
       126  1.317805e-05
       127 -6.905587e-07
       128  2.331089e-06
       129  7.408649e-05
       130 -3.477293e-05
       131  7.028731e-08
       132  7.611052e-04
       133  2.097096e-06
       134 -3.082884e-06
       135  6.454439e-07
       136 -5.256324e-07
       137  1.393894e-05
       138  7.309716e-05
       139  2.057818e-04
       140  5.135861e-05
       141 -7.138636e-05
       142 -9.305998e-08
       143  5.905370e-11
       144 -1.279329e-05
       145 -6.080846e-05
       146  2.363957e-04
       147  9.713003e-04
       148  4.589636e-05
       149 -2.844569e-04
       150 -9.086523e-06
       151  3.944909e-04
       152  3.763446e-05
       153 -3.057445e-05
       154 -2.250056e-04
       155 -8.776101e-05
       156 -7.576843e-05
       157 -2.262135e-04
       158 -7.903448e-04
       159  5.131014e-04