       pos          info
         0 -2.810490e-06
         1 -8.307093e-05
         2  3.550614e-06
         3  1.482461e-05
         4 -1.237976e-04
         5  2.275155e-05
         6  4.600013e-07
         7  1.008847e-04
         8  3.766875e-05
         9 -3.393062e-05
        10 -6.341719e-04
        11  2.645404e-04
        12 -2.642475e-07
        13  1.708417e-07
        14 -5.403686e-06
        15  6.267104e-05
        16 -4.054872e-06
        17  1.264985e-04
        18  1.684339e-04
        19  1.470196e-05
        20  1.847595e-05
        21 -1.530142e-04
        22  3.684195e-06
        23  1.783049e-06
        24 -6.687665e-05
        25 -9.466707e-06
        26  1.361596e-04
        27 -1.322404e-05
        28 -1.419847e-05
        29 -1.690217e-06
        30  1.857065e-08
        31  1.353885e-06
        32  1.088136e-04
        33  2.278202e-05
        34 -4.891433e-07
        35  9.344351e-05
        36  6.862655e-04
        37  5.497812e-04
        38  3.496283e-04
        39  2.774710e-04
        40  4.825936e-04
        41  1.174430e-04
        42  7.182033e-04
        43  1.586811e-04
        44 -4.879607e-05
        45 -3.067056e-05
        46  2.729049e-05
        47  9.668188e-06
        48  6.029118e-05
        49 -7.781012e-05
        50 -4.507211e-06
        51  4.431100e-05
        52  5.708879e-04
        53  2.569183e-04
        54  1.491399e-04
        55 -3.681743e-06
        56 -3.919631e-04
        57  1.068865e-04
        58 -2.261923e-04
        59 -1.549485e-03
        60  1.022413e-03
        61  6.002078e-04
        62  4.681458e-04
        63  5.459132e-05
        64  3.268663e-04
        65  3.782593e-04
        66 -1.285237e-04
        67  2.826582e-04
        68  2.281819e-05
        69 -5.136287e-04
        70  4.484367e-05
        71 -2.811574e-05
        72 -3.530321e-04
        73 -6.955187e-05
        74 -5.214536e-05
        75  6.079947e-07
        76  2.638240e-04
        77 -3.050494e-04
        78  3.400681e-05
        79  2.081499e-05
        80 -1.038044e-04
        81  3.314249e-05
        82  5.490564e-05
        83 -1.166153e-06
        84  4.314185e-05
        85 -1.318843e-03
        86  2.565817e-04
        87 -9.072333e-05
        88  9.511428e-07
        89 -1.720655e-03
        90  3.577712e-05
        91  2.229200e-04
        92  5.068205e-05
        93  4.192819e-05
        94  2.448462e-04
        95  2.745601e-05
        96  3.875470e-04
        97 -1.922817e-06
        98 -1.959942e-04
        99 -2.919464e-05
       100  1.012921e-04
       101  1.012702e-05
       102 -4.659152e-05
       103  1.164313e-05
       104 -3.831165e-04
       105 -5.799720e-07
       106  1.728722e-04
       107  3.591090e-05
       108 -3.014728e-04
       109  4.511446e-04
       110  6.505955e-04
       111 -7.630127e-06
       112  1.468649e-04
       113  7.562452e-05
       114  1.146854e-06
       115  1.240648e-04
       116 -5.828383e-05
       117  2.837769e-04
       118 -1.791194e-04
       119  1.088640e-04
       120 -5.451961e-05
       121 -1.482978e-06
       122 -3.191441e-06
       123 -2.769767e-04
       124 -2.367396e-05
       125 -5.789644e-05
       126  7.630275e-07
       127 -2.742878e-04
       128  3.100848e-05
       129  3.835367e-04
       130 -3.615163e-04
       131  2.892754e-05
       132  4.729620e-04
       133 -1.548486e-05
       134 -2.382847e-05
       135  8.382706e-05
       136 -2.802187e-05
       137 -4.734348e-06
       138  2.061179e-04
       139  1.278750e-04
       140  1.839348e-05
       141 -3.603434e-04
       142  3.000242e-05
       143  4.417778e-06
       144  2.397901e-05
       145 -9.167444e-05
       146  1.358111e-05
       147  6.943882e-04
       148 -5.755931e-08
       149 -2.363423e-04
       150 -5.403311e-06
       151  1.817125e-04
       152  3.036419e-05
       153 -1.310549e-04
       154 -2.352518e-04
       155 -9.257289e-05
       156 -7.041224e-05
       157 -7.616917e-07
       158 -3.288181e-04
       159  4.328721e-04