       pos          info
         0  8.570016e-06
         1 -2.440591e-05
         2  4.989695e-05
         3 -1.003956e-05
         4 -1.804932e-05
         5  6.739965e-05
         6  1.737959e-04
         7  1.480630e-04
         8  9.151520e-05
         9  2.002409e-05
        10 -5.519084e-04
        11  8.884865e-05
        12 -2.296920e-07
        13 -2.271278e-06
        14 -1.548105e-04
        15  7.028609e-06
        16 -2.866422e-05
        17  6.000871e-08
        18  5.727258e-04
        19  6.911295e-06
        20  1.575307e-04
        21 -1.146296e-07
        22  2.927910e-04
        23 -5.130629e-05
        24 -1.514504e-04
        25 -3.230974e-05
        26 -3.371750e-05
        27 -3.477164e-05
        28 -5.494889e-05
        29  5.870820e-05
        30  2.106090e-04
        31  6.046909e-05
        32  2.133603e-04
        33 -4.783573e-08
        34 -3.424752e-05
        35  1.901665e-04
        36  1.368192e-03
        37  1.456101e-03
        38  6.257612e-04
        39  1.320679e-03
        40  4.270598e-04
        41  1.884107e-04
        42  1.053219e-03
        43  3.317782e-04
        44 -6.842819e-09
        45  2.806915e-05
        46 -1.620772e-06
        47  5.810921e-05
        48 -2.643359e-04
        49 -2.119519e-04
        50 -3.164820e-06
        51  5.003862e-06
        52  1.236844e-03
        53  1.404848e-03
        54  3.264051e-05
        55 -1.664241e-04
        56 -1.299388e-03
        57  2.437685e-04
        58  1.146843e-05
        59 -4.493090e-03
        60  4.824997e-04
        61  7.823195e-04
        62  2.955757e-04
        63  5.004301e-04
        64  2.972747e-04
        65  6.343127e-04
        66 -4.365797e-04
        67  4.775386e-04
        68  2.605084e-05
        69 -4.531483e-04
        70  1.892576e-04
        71 -6.600357e-04
        72 -5.923290e-04
        73  1.650555e-04
        74 -5.472287e-04
        75 -6.285585e-06
        76  2.702927e-04
        77 -2.676674e-04
        78  8.207429e-05
        79  2.320237e-04
        80 -9.169366e-04
        81  3.998313e-06
        82  2.471494e-04
        83 -7.561495e-05
        84  1.495308e-06
        85 -8.003954e-04
        86  7.788311e-05
        87 -5.970537e-04
        88  4.022204e-06
        89 -6.986066e-04
        90  6.604327e-04
        91  6.591032e-04
        92  1.551313e-05
        93 -1.459070e-05
        94  6.567044e-05
        95  1.759490e-04
        96  2.475425e-04
        97 -1.966098e-05
        98 -2.677943e-04
        99 -6.407459e-04
       100  5.684981e-05
       101  6.804574e-04
       102 -9.378032e-04
       103 -2.848681e-05
       104 -1.036662e-04
       105 -5.077415e-04
       106  8.215290e-06
       107  7.509326e-05
       108 -5.921590e-04
       109  1.489498e-04
       110  5.470282e-04
       111 -9.921726e-05
       112 -6.354870e-09
       113  4.119201e-05
       114 -3.758120e-05
       115 -1.928973e-05
       116 -7.578180e-06
       117  8.522083e-05
       118 -1.928010e-04
       119  1.557392e-04
       120 -3.117656e-05
       121  2.935924e-07
       122 -6.735480e-05
       123 -3.137620e-04
       124  1.174278e-05
       125 -6.713068e-05
       126 -3.808183e-06
       127  7.521127e-08
       128  1.709841e-05
       129  2.175077e-04
       130  2.844590e-05
       131 -6.128406e-05
       132  6.036241e-04
       133 -1.990992e-05
       134 -1.319463e-06
       135  1.625522e-04
       136  4.966766e-05
       137 -4.843605e-05
       138 -1.382237e-06
       139  2.650474e-04
       140 -1.375721e-05
       141 -3.445301e-05
       142  9.057177e-05
       143 -4.437640e-06
       144  5.455259e-05
       145  8.682268e-06
       146 -4.473230e-05
       147  1.195966e-03
       148  1.625099e-04
       149 -2.071718e-04
       150 -1.385351e-04
       151  1.320766e-05
       152  2.312446e-04
       153 -7.262297e-05
       154 -1.267396e-05
       155 -2.833310e-05
       156 -1.048829e-04
       157  8.614268e-06
       158  6.590012e-06
       159  5.197534e-04