       pos          info
         0 -1.460933e-04
         1  9.699782e-05
         2 -4.271790e-05
         3  6.756447e-05
         4  6.435167e-05
         5  2.020152e-05
         6 -3.714076e-05
         7 -3.759327e-06
         8 -9.429678e-06
         9 -2.936550e-05
        10 -5.114356e-05
        11  2.213599e-04
        12 -3.742817e-05
        13  4.515565e-05
        14  2.523269e-06
        15 -6.842947e-06
        16 -1.004476e-05
        17  2.697742e-05
        18 -8.778516e-06
        19 -1.132419e-05
        20  1.573599e-04
        21 -5.076171e-05
        22 -2.213614e-04
        23 -1.308698e-05
        24  5.091858e-06
        25  2.079552e-05
        26 -2.344693e-05
        27 -2.853260e-05
        28 -1.129023e-05
        29 -6.688218e-05
        30  2.338303e-04
        31 -2.439141e-05
        32 -4.636210e-07
        33 -6.733450e-06
        34  2.182765e-04
        35  6.056372e-05
        36  5.327991e-05
        37  2.391528e-04
        38  7.530414e-06
        39  9.560751e-05
        40  3.888913e-06
        41 -1.954965e-05
        42  2.731279e-04
        43 -3.580502e-06
        44 -1.114526e-05
        45 -2.194013e-05
        46 -1.638494e-05
        47  2.616123e-05
        48 -2.013948e-06
        49  7.780535e-05
        50 -2.636288e-07
        51  3.415088e-05
        52  2.725881e-04
        53 -1.533162e-04
        54 -2.819869e-07
        55  2.517639e-06
        56  3.489899e-05
        57  9.212304e-05
        58 -1.373689e-04
        59 -2.011957e-04
        60  2.217380e-05
        61 -6.430326e-05
        62  8.438230e-06
        63  2.879241e-04
        64  6.623545e-05
        65 -5.378313e-06
        66 -1.001322e-04
        67  3.007814e-04
        68 -1.708866e-04
        69 -4.024926e-07
        70  1.006544e-05
        71  3.766346e-05
        72 -7.766416e-06
        73  1.428214e-04
        74  6.379142e-05
        75 -5.970606e-05
        76  6.082267e-05
        77 -9.904454e-08
        78  1.132352e-06
        79 -9.219989e-06
        80  9.800515e-05
        81  5.630166e-07
        82 -9.735033e-06
        83  3.609818e-05
        84 -4.456726e-04
        85 -1.733606e-04
        86  6.194329e-06
        87  9.222679e-06
        88 -1.761178e-06
        89  2.930928e-06
        90 -1.040062e-04
        91  3.783884e-06
        92 -2.290120e-05
        93 -4.653152e-04
        94 -7.189055e-06
        95 -1.450536e-05
        96  1.185469e-04
        97  2.269017e-07
        98  4.525076e-06
        99 -6.281292e-05
       100  1.029325e-04
       101 -1.399318e-04
       102  2.318054e-04
       103 -1.297782e-04
       104  2.191785e-04
       105 -1.110951e-04
       106  1.373051e-04
       107 -5.327798e-05
       108 -1.126709e-05
       109 -1.838639e-04
       110  7.820369e-05
       111  7.579633e-05
       112  2.924339e-07
       113  6.450410e-04
       114  8.400932e-05
       115  2.365866e-03
       116  1.026835e-04
       117 -1.132614e-04
       118 -7.324484e-05
       119 -1.128367e-04
       120  1.532628e-05
       121 -7.437623e-05
       122 -1.372895e-04
       123  1.395667e-04
       124 -5.497988e-07
       125  8.355777e-05
       126 -8.852870e-07
       127  1.648004e-05
       128  3.002021e-07
       129 -1.409619e-04
       130 -3.577734e-04
       131 -3.915036e-05
       132 -1.561250e-04
       133 -1.834109e-05
       134  2.626151e-06
       135 -1.866380e-04
       136 -4.782237e-08
       137  2.065154e-04
       138 -1.678513e-04
       139  4.361278e-05
       140 -5.215332e-04
       141 -2.301593e-04
       142  7.811152e-05
       143 -8.180946e-06
       144 -1.325153e-04
       145 -1.725667e-04
       146  5.301607e-03
       147  6.608381e-05
       148 -2.923923e-06
       149  2.083187e-04
       150  4.661777e-04
       151  2.675946e-04
       152 -2.907227e-07
       153 -3.148907e-05
       154  1.197674e-05
       155 -1.305102e-05
       156  1.349251e-05
       157  1.301471e-04
       158  3.209425e-04
       159  3.606399e-04