       pos          info
         0  2.746822e-07
         1  1.440368e-04
         2  1.754560e-05
         3  9.220609e-06
         4  1.793646e-04
         5 -3.765389e-07
         6 -9.872042e-06
         7  1.459297e-04
         8  2.076771e-05
         9 -3.477589e-05
        10 -4.092178e-05
        11  2.407603e-04
        12 -2.401838e-05
        13 -1.885607e-05
        14  7.808967e-05
        15  3.504228e-06
        16 -3.748212e-05
        17  3.215307e-05
        18 -2.829290e-05
        19  1.394309e-05
        20 -5.636756e-07
        21 -4.856371e-06
        22 -3.464850e-05
        23 -2.697320e-04
        24 -3.328211e-05
        25 -7.458595e-05
        26  8.243667e-06
        27 -1.339116e-05
        28 -9.099669e-06
        29 -8.603754e-05
        30  2.262287e-04
        31 -8.459154e-07
        32 -1.578114e-06
        33  2.805765e-04
        34  7.215993e-05
        35  1.336444e-05
        36 -5.576669e-05
        37  9.784820e-05
        38 -7.243227e-05
        39  1.218271e-04
        40  2.040035e-06
        41 -7.275509e-06
        42  6.753202e-05
        43  5.615183e-05
        44 -3.552552e-04
        45 -2.058408e-05
        46 -1.652479e-05
        47  3.044916e-05
        48  2.797648e-05
        49 -8.026255e-09
        50  2.298583e-06
        51 -7.065508e-06
        52  2.746287e-04
        53 -5.567316e-04
        54 -7.024028e-05
        55  1.501296e-05
        56  7.456266e-07
        57  5.320280e-04
        58 -6.536124e-06
        59 -5.668901e-05
        60  1.121352e-04
        61 -7.972708e-05
        62 -2.659475e-05
        63  2.647088e-04
        64  6.237900e-05
        65 -5.476570e-06
        66 -3.043565e-05
        67  6.945776e-05
        68 -1.000808e-06
        69 -8.221479e-05
        70  6.700779e-05
        71 -1.770082e-04
        72  5.180287e-05
        73  9.040614e-05
        74  7.830168e-07
        75 -1.077860e-04
        76  4.224747e-05
        77 -7.410684e-05
        78 -4.178314e-05
        79 -6.487584e-06
        80 -6.511877e-06
        81  4.577618e-07
        82 -5.592041e-05
        83  3.353262e-06
        84 -2.383006e-04
        85 -4.517557e-05
        86  1.530938e-06
        87  7.403556e-05
        88 -2.821049e-06
        89  1.005999e-05
        90 -4.089393e-05
        91  6.001621e-05
        92 -4.073555e-06
        93 -4.298952e-04
        94 -1.147095e-04
        95 -8.593580e-05
        96  1.862194e-04
        97 -1.520329e-04
        98  2.759266e-06
        99 -2.707666e-04
       100  2.947972e-05
       101 -1.880554e-04
       102  1.586020e-04
       103 -1.371840e-04
       104  5.713641e-05
       105 -5.397179e-05
       106  4.069801e-05
       107 -2.553554e-04
       108 -1.852604e-05
       109 -1.374118e-06
       110 -5.801577e-06
       111  2.709185e-04
       112 -1.312766e-04
       113  4.104771e-04
       114  1.762611e-04
       115  3.391089e-03
       116  2.644053e-04
       117 -2.654510e-04
       118  1.553309e-08
       119 -1.140492e-04
       120 -3.760402e-06
       121  6.179910e-05
       122 -1.532665e-04
       123  6.611844e-06
       124  4.304332e-05
       125  5.886049e-04
       126 -9.700559e-05
       127  9.022098e-05
       128  1.435761e-05
       129  1.966625e-06
       130 -6.156475e-04
       131 -4.163564e-04
       132 -3.126003e-04
       133  7.536660e-05
       134  1.108239e-05
       135 -1.326323e-04
       136  7.000286e-05
       137  2.621139e-04
       138 -2.422116e-04
       139 -3.870579e-08
       140 -8.083666e-04
       141 -1.699283e-04
       142  3.176074e-05
       143 -2.183267e-04
       144 -2.441597e-04
       145 -4.578254e-04
       146  3.771830e-03
       147  2.674118e-04
       148 -1.599903e-04
       149  1.351812e-04
       150  3.812811e-05
       151  4.274885e-05
       152  1.779619e-05
       153 -3.683751e-04
       154  1.532900e-05
       155  4.135459e-05
       156 -9.397752e-06
       157  3.992105e-04
       158  2.009220e-04
       159  1.039629e-03