       pos          info
         0  1.201282e-05
         1 -7.227111e-06
         2 -5.538365e-05
         3 -6.963152e-07
         4  1.737577e-05
         5  7.090303e-06
         6 -2.736657e-05
         7  8.245973e-06
         8  5.252478e-06
         9 -9.200245e-05
        10  1.958379e-04
        11 -8.643616e-07
        12  8.960061e-06
        13  2.581815e-08
        14  4.995103e-05
        15 -1.207136e-05
        16  1.544460e-05
        17 -7.056219e-05
        18  4.859273e-05
        19 -2.829860e-05
        20  6.246236e-05
        21  4.960003e-05
        22 -1.364907e-07
        23  7.846656e-05
        24 -2.202925e-05
        25  8.393629e-05
        26 -6.534442e-05
        27  3.529508e-05
        28 -4.857798e-05
        29  1.563407e-05
        30  6.846826e-05
        31  3.254033e-04
        32  6.988267e-05
        33 -3.956538e-05
        34 -3.081063e-05
        35  1.917594e-04
        36 -1.392238e-05
        37  1.911679e-07
        38  9.958525e-06
        39 -5.560161e-05
        40  2.758186e-05
        41 -5.862949e-06
        42 -1.004877e-05
        43 -7.569308e-06
        44  1.260264e-05
        45 -1.665181e-04
        46 -3.033862e-05
        47 -2.837808e-04
        48 -2.808184e-06
        49 -1.479114e-06
        50 -8.392782e-06
        51  1.461041e-07
        52  1.259188e-05
        53  4.657950e-06
        54  8.207500e-06
        55  3.269052e-05
        56  1.934528e-06
        57 -6.404295e-07
        58  1.802616e-07
        59  2.264908e-04
        60  2.375221e-04
        61 -1.219099e-04
        62 -7.559769e-06
        63  4.930093e-05
        64 -1.515484e-04
        65  4.299169e-09
        66  9.787115e-06
        67 -1.174043e-06
        68 -9.291263e-05
        69 -1.566375e-04
        70  2.203240e-04
        71  1.186554e-03
        72 -3.358113e-04
        73  1.872075e-04
        74  6.907578e-04
        75 -1.050109e-04
        76  5.396980e-05
        77  1.912621e-04
        78 -3.724608e-05
        79  3.887923e-03
        80  1.979905e-04
        81 -1.990829e-04
        82  2.411449e-05
        83 -4.154720e-07
        84  1.790196e-04
        85 -8.738730e-06
        86 -2.827662e-05
        87 -1.286586e-05
        88  5.758409e-07
        89  1.279999e-04
        90  6.644606e-05
        91 -6.530514e-07
        92  4.240195e-05
        93 -8.382923e-05
        94  1.273681e-05
        95  1.876511e-06
        96  3.186932e-04
        97  5.773686e-04
        98  1.076375e-03
        99  3.152360e-03
       100  3.211487e-03
       101  7.665418e-05
       102  6.355768e-03
       103  9.316477e-03
       104  2.526329e-03
       105  4.814415e-03
       106  3.860481e-03
       107 -1.391595e-04
       108 -8.120074e-06
       109 -7.012451e-04
       110 -5.781771e-05
       111 -3.965900e-04
       112  4.593134e-06
       113 -2.665758e-04
       114 -4.553842e-04
       115  3.741723e-04
       116  3.975511e-05
       117 -1.355139e-05
       118  8.314647e-06
       119 -1.187536e-05
       120  4.578447e-05
       121 -1.820011e-04
       122 -4.217487e-04
       123  2.991714e-05
       124  1.135245e-04
       125  2.810215e-05
       126 -3.926442e-05
       127 -1.275903e-04
       128  1.639591e-04
       129 -2.481090e-05
       130  4.449173e-06
       131  3.182910e-05
       132 -8.717596e-05
       133 -2.765538e-05
       134  9.200267e-05
       135  9.165381e-05
       136 -9.761304e-06
       137  3.368504e-05
       138  8.778895e-05
       139 -1.947454e-05
       140 -9.443076e-06
       141 -4.602721e-05
       142  6.050471e-06
       143  2.032883e-04
       144 -5.930202e-05
       145  1.543671e-05
       146 -2.924656e-07
       147  1.403824e-04
       148  6.131314e-06
       149 -2.336657e-05
       150  7.196637e-05
       151  2.503107e-05
       152  1.096435e-04
       153 -8.965721e-05
       154 -2.382842e-05
       155 -2.443654e-04
       156 -3.244612e-04
       157  7.769643e-05
       158 -3.691889e-05
       159  1.516687e-05