       pos          info
         0  1.483799e-04
         1 -1.601190e-06
         2  1.392688e-05
         3  6.086470e-06
         4  4.489216e-05
         5 -2.341801e-05
         6 -7.279077e-07
         7  8.046147e-07
         8 -1.137655e-06
         9 -3.681081e-05
        10 -9.840721e-05
        11 -9.322247e-06
        12 -1.744097e-06
        13  7.663630e-05
        14 -7.234456e-05
        15 -2.897515e-05
        16  3.166062e-05
        17 -1.003506e-04
        18  5.864649e-05
        19  3.622068e-05
        20 -2.469225e-04
        21  5.245019e-05
        22 -3.858511e-05
        23 -7.114328e-07
        24  2.523019e-04
        25 -1.658138e-05
        26 -5.094900e-06
        27  2.426231e-05
        28 -1.419050e-05
        29 -2.493459e-04
        30  8.826183e-06
        31 -6.180565e-05
        32  1.494703e-06
        33  3.462446e-05
        34 -8.912862e-05
        35  2.892350e-05
        36 -2.827952e-05
        37 -2.278433e-04
        38  2.341896e-04
        39 -2.207398e-04
        40 -2.014650e-04
        41 -8.218292e-07
        42 -2.486818e-08
        43  1.137206e-04
        44  2.143608e-04
        45 -5.556724e-06
        46 -7.628042e-06
        47 -4.162813e-05
        48  1.960100e-05
        49  1.366967e-04
        50  1.355229e-06
        51  1.814744e-06
        52 -1.371958e-05
        53 -3.782277e-05
        54  1.298431e-04
        55  4.205984e-06
        56  1.521809e-04
        57 -1.449492e-04
        58  1.204312e-04
        59  4.352486e-04
        60 -4.098850e-06
        61  1.731730e-04
        62  1.559520e-05
        63 -1.111557e-05
        64 -1.249634e-04
        65  7.916701e-05
        66  1.316284e-05
        67 -1.617956e-04
        68  2.744336e-07
        69  2.047869e-04
        70 -5.305688e-04
        71 -2.636771e-04
        72  1.268218e-04
        73  9.690125e-04
        74  2.911254e-04
        75 -1.729315e-04
        76 -7.401359e-05
        77 -5.947358e-05
        78 -4.505189e-04
        79 -2.572140e-04
        80  4.654277e-03
        81  3.294316e-03
        82 -2.974504e-04
        83  3.886543e-03
        84  5.161778e-03
        85  2.461238e-03
        86  8.609311e-04
        87 -7.187633e-07
        88 -4.838663e-05
        89 -3.036962e-05
        90 -1.034412e-05
        91 -1.772358e-05
        92  2.864555e-05
        93  1.930832e-04
        94  2.420728e-05
        95  6.603189e-05
        96  9.324681e-05
        97 -2.785150e-04
        98 -2.120023e-05
        99 -8.333176e-05
       100  2.907071e-08
       101 -7.987829e-05
       102  1.511230e-04
       103  4.230089e-03
       104  2.853947e-03
       105  1.106296e-06
       106 -1.029572e-03
       107  1.176201e-03
       108  3.326746e-03
       109 -6.358524e-04
       110 -1.470590e-04
       111  1.259096e-03
       112 -2.343564e-04
       113 -1.174992e-04
       114  7.014280e-07
       115 -3.757028e-05
       116  4.597481e-04
       117  2.988003e-04
       118 -9.065728e-05
       119 -3.228487e-04
       120  1.443559e-04
       121 -9.417785e-06
       122  1.107782e-06
       123  5.835789e-05
       124 -5.612726e-07
       125  2.677203e-04
       126 -8.561183e-05
       127  2.015657e-04
       128  9.028937e-05
       129 -1.734487e-05
       130  4.930424e-05
       131  4.194554e-05
       132  1.470068e-04
       133 -4.309930e-05
       134  4.404756e-05
       135 -2.827410e-04
       136  1.087550e-04
       137  4.727774e-06
       138  2.611454e-04
       139 -2.606610e-07
       140  3.952242e-06
       141  2.387343e-04
       142 -4.478836e-05
       143  2.531236e-05
       144 -5.197032e-06
       145  1.766373e-05
       146  3.249405e-05
       147 -2.981047e-05
       148  1.316056e-04
       149 -2.279466e-04
       150 -2.876421e-08
       151 -5.878070e-04
       152 -2.581097e-05
       153  4.447020e-06
       154  2.180841e-05
       155 -1.808235e-07
       156 -1.088156e-05
       157  8.173124e-05
       158  6.291963e-06
       159 -6.171667e-06