       pos          info
         0  4.454360e-05
         1 -1.623875e-06
         2  6.148183e-05
         3  1.297539e-05
         4  1.163002e-04
         5  7.403408e-07
         6 -9.511696e-05
         7 -4.207811e-05
         8 -1.081584e-05
         9 -6.804414e-06
        10 -3.673688e-06
        11 -6.831841e-08
        12  1.030710e-06
        13  2.410794e-05
        14 -5.158130e-06
        15 -1.176797e-04
        16  4.908139e-05
        17 -4.536438e-05
        18  1.062297e-04
        19  5.789580e-05
        20 -2.399727e-04
        21  3.357021e-05
        22 -5.248850e-05
        23  2.238967e-05
        24 -4.320669e-09
        25 -3.356858e-05
        26 -3.563059e-07
        27  2.359606e-06
        28 -6.547194e-07
        29 -2.707215e-04
        30 -8.805285e-06
        31 -3.735560e-05
        32 -1.963087e-06
        33  5.011916e-05
        34 -4.349260e-05
        35 -2.191995e-06
        36 -1.102629e-04
        37 -2.641732e-04
        38  5.409118e-05
        39 -1.174614e-04
        40 -2.643321e-04
        41  7.457842e-06
        42 -1.265797e-07
        43  7.973931e-07
        44  1.183797e-04
        45 -1.633010e-05
        46  4.649355e-05
        47 -4.969741e-07
        48  3.968929e-06
        49  8.440032e-05
        50  2.141574e-06
        51 -1.104310e-04
        52  2.320824e-05
        53 -9.650791e-05
        54  1.027777e-04
        55  3.755127e-05
        56  1.596553e-04
        57 -4.790377e-05
        58  9.212467e-05
        59  1.392351e-04
        60  7.624563e-06
        61  1.338244e-04
        62  7.620937e-05
        63 -1.607057e-05
        64 -4.050176e-06
        65  5.175498e-05
        66 -3.989094e-07
        67 -2.198707e-04
        68  3.937065e-05
        69  8.229670e-05
        70 -3.835917e-04
        71 -1.217104e-04
        72  6.351310e-05
        73  4.166150e-04
        74  6.345494e-05
        75 -3.028638e-05
        76 -2.736000e-04
        77 -1.499064e-04
        78 -4.005802e-04
        79 -1.011542e-04
        80  1.467305e-03
        81  1.325192e-03
        82 -3.820363e-04
        83  2.295316e-03
        84  1.610931e-03
        85  1.101440e-03
        86  5.696058e-04
        87 -1.261127e-04
        88 -7.123988e-06
        89 -1.720878e-04
        90 -1.127859e-06
        91 -1.162222e-05
        92  2.208163e-05
        93  5.926169e-06
        94  1.588876e-04
        95  1.268432e-08
        96  1.472361e-06
        97 -1.953950e-04
        98 -5.740907e-06
        99 -2.652719e-04
       100 -2.217470e-04
       101 -8.631297e-05
       102  3.430543e-05
       103  1.640221e-03
       104  1.386839e-03
       105 -2.780786e-05
       106 -5.912987e-04
       107  8.218996e-04
       108  1.951725e-03
       109 -4.653484e-04
       110 -3.456610e-04
       111  9.427898e-04
       112 -6.932732e-05
       113 -1.829615e-04
       114  7.412018e-05
       115 -9.096028e-04
       116  3.169589e-04
       117  3.447627e-04
       118 -7.775615e-05
       119 -7.795932e-04
       120  4.250634e-05
       121 -4.466671e-06
       122 -2.667436e-04
       123  3.016690e-07
       124 -3.597207e-06
       125  1.109074e-04
       126 -1.959895e-04
       127  1.903201e-04
       128  5.312277e-04
       129 -1.204278e-06
       130  4.374952e-05
       131  4.370601e-05
       132  3.293429e-04
       133 -5.455968e-05
       134 -2.831934e-06
       135 -2.017319e-04
       136  8.666105e-05
       137  1.825951e-07
       138  3.022219e-04
       139  1.559506e-05
       140 -4.473341e-05
       141  3.769078e-04
       142 -2.461696e-04
       143  3.786758e-05
       144  1.327695e-04
       145 -2.072606e-05
       146 -8.421814e-05
       147 -1.568416e-04
       148  1.246505e-04
       149 -8.748572e-05
       150 -5.130949e-08
       151 -3.003503e-04
       152  1.056656e-05
       153 -6.565141e-07
       154 -2.193427e-05
       155 -1.528484e-06
       156 -1.189128e-04
       157  9.370183e-05
       158  3.416029e-05
       159 -8.154643e-05