       pos          info
         0  7.192938e-05
         1 -3.827284e-05
         2 -5.240411e-06
         3 -1.442783e-05
         4 -8.946700e-07
         5  1.090659e-06
         6 -3.492624e-06
         7  5.363101e-06
         8 -4.827707e-06
         9 -5.851875e-05
        10 -1.432995e-04
        11  1.419003e-05
        12  8.845642e-06
        13  3.912326e-05
        14 -2.723380e-06
        15 -6.661530e-06
        16  6.577416e-05
        17 -3.304722e-05
        18  9.259385e-05
        19  1.011728e-04
        20 -5.155062e-04
        21  4.082027e-05
        22  1.369850e-06
        23 -2.969038e-08
        24  3.414750e-04
        25 -2.580555e-05
        26 -7.736178e-06
        27  2.462523e-05
        28 -5.872572e-05
        29 -1.847450e-04
        30  3.960604e-07
        31 -3.951416e-05
        32 -7.234093e-05
        33 -1.562427e-05
        34 -1.213801e-04
        35  6.692398e-05
        36 -4.350682e-06
        37 -3.441354e-04
        38  5.257368e-05
        39 -1.168395e-04
        40 -5.542586e-04
        41  3.657685e-06
        42  4.617975e-07
        43  3.091265e-04
        44  2.119488e-04
        45  1.014854e-05
        46 -6.385803e-05
        47  1.235701e-05
        48  5.370654e-05
        49  2.692311e-04
        50  1.065857e-06
        51  7.213791e-05
        52 -1.782384e-05
        53 -1.231968e-05
        54  3.920904e-04
        55  1.427870e-04
        56  1.983218e-06
        57 -1.303320e-04
        58  1.934030e-04
        59  8.904310e-05
        60 -1.684044e-05
        61  4.498769e-06
        62  3.330767e-05
        63 -1.895651e-06
        64  5.683866e-06
        65  4.508880e-06
        66  1.505988e-05
        67 -2.375813e-04
        68  3.990754e-06
        69  1.692904e-04
        70 -3.465723e-04
        71 -9.731320e-05
        72  4.107076e-06
        73  9.451601e-04
        74  3.360235e-04
        75 -8.847053e-05
        76 -1.869704e-04
        77 -2.053927e-04
        78 -7.597189e-04
        79 -2.408978e-05
        80  5.652009e-03
        81  2.842182e-03
        82 -1.613641e-05
        83  5.146799e-03
        84  6.629765e-03
        85  1.841432e-03
        86  1.455489e-03
        87 -1.268842e-06
        88 -5.184535e-05
        89  8.094695e-06
        90  5.110624e-05
        91 -2.916359e-05
        92  6.539862e-05
        93  2.497337e-08
        94  2.900638e-06
        95  2.839728e-04
        96  8.385890e-05
        97 -3.866216e-04
        98 -4.294060e-05
        99 -2.519215e-05
       100 -8.524074e-05
       101 -4.282979e-06
       102  2.845055e-04
       103  4.567193e-03
       104  3.828429e-03
       105  3.867777e-05
       106 -5.703812e-04
       107  1.332153e-03
       108  3.005912e-03
       109 -3.749022e-04
       110 -2.174227e-04
       111  7.817940e-04
       112 -1.040369e-04
       113  4.773528e-06
       114  1.105443e-05
       115 -1.882131e-04
       116  1.865028e-04
       117  4.098650e-04
       118  2.944276e-07
       119 -5.547946e-04
       120  4.009871e-05
       121 -1.990985e-04
       122 -3.160607e-05
       123  1.896818e-04
       124 -1.769891e-06
       125  2.222583e-04
       126 -7.139525e-05
       127  4.660650e-06
       128  1.736556e-04
       129 -2.072916e-05
       130  3.237904e-04
       131 -1.777917e-07
       132  1.699865e-06
       133 -1.474329e-05
       134  2.377963e-05
       135 -1.772705e-04
       136  8.326008e-05
       137 -8.951987e-09
       138  6.333483e-04
       139  5.671358e-06
       140  1.059060e-05
       141  4.750578e-06
       142  2.974689e-09
       143 -1.821592e-05
       144 -1.908540e-05
       145  5.647062e-05
       146  1.328731e-04
       147  4.585778e-05
       148  4.280574e-04
       149 -9.824620e-04
       150  2.089428e-07
       151 -8.611353e-04
       152 -8.378478e-05
       153 -2.235795e-07
       154  3.437714e-06
       155  1.016783e-08
       156 -3.746441e-05
       157 -4.863303e-06
       158  8.292329e-05
       159 -1.170990e-04