       pos          info
         0  2.651148e-05
         1 -2.620901e-04
         2 -1.351011e-07
         3  6.627673e-06
         4 -8.603709e-06
         5  4.328276e-04
         6  1.806396e-05
         7 -1.166252e-05
         8 -7.337646e-05
         9 -2.980618e-04
        10  1.506254e-04
        11  4.065167e-05
        12  4.743310e-07
        13 -2.991639e-04
        14  1.346926e-06
        15  1.152546e-04
        16  5.085818e-06
        17 -2.587739e-06
        18  5.186575e-06
        19 -2.615596e-05
        20 -3.773136e-05
        21  6.189245e-05
        22  1.724698e-04
        23  1.246163e-04
        24 -2.502596e-04
        25 -3.482159e-05
        26 -1.445550e-04
        27 -7.464798e-05
        28 -5.415317e-07
        29  4.391627e-06
        30  2.148416e-04
        31 -2.121424e-04
        32  5.082018e-06
        33 -5.831444e-06
        34 -3.806226e-05
        35 -2.317191e-04
        36  8.378863e-07
        37 -2.087377e-04
        38  3.027585e-04
        39 -8.615040e-06
        40 -1.258494e-07
        41 -2.055262e-05
        42 -3.661062e-04
        43 -3.085026e-06
        44 -1.549177e-04
        45  3.218672e-05
        46  1.520756e-05
        47 -3.051171e-04
        48  2.396476e-05
        49 -1.701606e-05
        50 -1.549039e-05
        51  1.667935e-04
        52 -3.351437e-07
        53  1.142451e-05
        54 -2.313359e-05
        55 -2.990523e-05
        56 -8.401362e-06
        57  1.932141e-06
        58  6.658472e-04
        59  1.243769e-07
        60  5.358429e-04
        61 -3.184816e-05
        62  5.696266e-06
        63  9.817920e-05
        64  4.960525e-06
        65  9.245774e-05
        66 -3.441207e-06
        67  8.640265e-05
        68  1.022928e-04
        69  5.851917e-04
        70  6.382126e-04
        71  5.388018e-04
        72 -4.441851e-05
        73  9.470509e-05
        74  6.216759e-05
        75  3.958772e-05
        76 -8.422216e-05
        77  5.955749e-03
        78  3.669496e-03
        79  4.431326e-03
        80  3.111144e-03
        81  3.247673e-03
        82  3.867415e-04
        83  2.375928e-05
        84  2.619723e-05
        85 -4.938884e-05
        86 -2.008561e-04
        87  7.909942e-05
        88 -6.280442e-05
        89 -6.466321e-08
        90  1.539084e-05
        91 -5.366517e-05
        92  3.025023e-04
        93  4.906212e-04
        94  1.655719e-04
        95  8.867294e-04
        96  2.447458e-04
        97 -1.596693e-04
        98  3.750135e-06
        99 -3.497489e-04
       100  2.607014e-03
       101  2.726440e-03
       102  1.182376e-04
       103 -1.428529e-03
       104 -6.229036e-04
       105 -1.125861e-03
       106 -2.544451e-04
       107  9.367724e-04
       108  2.523386e-05
       109  6.655152e-05
       110  4.388693e-04
       111  1.907303e-05
       112 -1.066770e-04
       113  8.836541e-06
       114  1.852269e-06
       115  1.847810e-04
       116 -5.314392e-05
       117 -2.243756e-05
       118 -3.547517e-05
       119 -7.612823e-07
       120  1.555409e-06
       121 -1.226271e-05
       122 -8.754940e-07
       123  1.793338e-05
       124 -2.206975e-05
       125 -7.461227e-05
       126  7.022441e-05
       127 -2.867859e-05
       128  1.104167e-07
       129 -3.314632e-05
       130 -1.483046e-04
       131 -2.657251e-06
       132  2.974946e-05
       133 -9.704591e-07
       134 -1.018650e-05
       135  3.835921e-07
       136  2.663072e-06
       137 -6.009006e-06
       138  2.703942e-04
       139 -4.302096e-05
       140  9.483090e-07
       141  9.211329e-06
       142  1.008191e-04
       143  1.491207e-04
       144 -3.604510e-05
       145  4.130605e-07
       146  1.461455e-05
       147  2.697830e-05
       148 -1.780959e-05
       149 -6.217131e-05
       150  1.750198e-04
       151 -7.652664e-06
       152 -1.220498e-06
       153 -5.695403e-06
       154 -7.562093e-05
       155 -6.155639e-06
       156 -4.370939e-07
       157  4.983221e-07
       158 -6.432845e-05
       159 -9.351565e-05