       pos          info
         0  4.617132e-05
         1 -1.200044e-05
         2  5.048770e-07
         3 -1.404216e-06
         4  1.310292e-05
         5 -1.043318e-04
         6  1.356745e-05
         7  8.182610e-08
         8 -1.146410e-05
         9  1.776484e-05
        10  5.690027e-06
        11  1.314610e-04
        12 -3.086238e-05
        13 -2.877871e-06
        14  8.091051e-09
        15  6.836748e-05
        16  3.923419e-07
        17  2.559348e-05
        18 -2.397553e-05
        19 -4.467355e-05
        20  3.506372e-05
        21 -5.556302e-06
        22  8.541333e-06
        23  5.106115e-06
        24 -4.676653e-05
        25 -7.210728e-06
        26 -3.266190e-04
        27 -1.086777e-04
        28 -3.494001e-05
        29  2.298542e-06
        30  3.296595e-05
        31  1.210043e-06
        32  4.691861e-05
        33 -3.575416e-05
        34 -2.096118e-06
        35  2.339204e-05
        36  2.290721e-05
        37  6.537356e-08
        38 -2.168099e-06
        39 -3.724595e-05
        40  1.070839e-04
        41  1.027774e-04
        42 -1.675180e-06
        43  1.747770e-08
        44 -1.101711e-04
        45 -2.042333e-04
        46  1.745629e-05
        47  6.920606e-05
        48 -9.571183e-05
        49  8.991363e-09
        50  2.834699e-05
        51  2.532771e-05
        52  2.203071e-05
        53 -1.779243e-04
        54 -2.226727e-05
        55 -1.184198e-05
        56  5.275289e-05
        57  4.055383e-07
        58 -5.787317e-07
        59 -5.682288e-06
        60 -5.574855e-05
        61  1.250743e-04
        62 -1.465633e-05
        63 -2.319243e-06
        64 -1.454195e-04
        65  1.703926e-05
        66  1.235105e-05
        67  3.509057e-05
        68  4.135338e-05
        69 -4.081476e-06
        70  1.537061e-07
        71 -1.408275e-05
        72  1.427395e-04
        73  8.259662e-05
        74 -1.861571e-04
        75 -5.410849e-04
        76  5.948817e-05
        77  1.462568e-06
        78  1.995345e-05
        79  1.483772e-03
        80  5.823454e-03
        81 -6.274709e-03
        82  3.095309e-03
        83  5.028923e-03
        84  3.208019e-03
        85  2.174622e-04
        86 -4.454795e-04
        87 -5.625516e-05
        88  1.922667e-04
        89 -5.190779e-06
        90 -2.576587e-05
        91  1.115837e-05
        92  7.043417e-06
        93  7.081390e-07
        94 -9.108440e-08
        95 -5.409979e-05
        96  8.980618e-06
        97  4.619440e-04
        98 -2.116101e-04
        99 -7.305319e-05
       100 -5.110240e-04
       101  4.878995e-04
       102 -7.265650e-05
       103  3.625546e-03
       104  5.676274e-03
       105  1.280406e-03
       106  2.883850e-03
       107  1.974145e-03
       108  5.723427e-03
       109  1.498485e-04
       110 -3.267554e-04
       111 -2.298234e-04
       112 -1.604643e-05
       113 -1.508476e-05
       114 -2.419292e-04
       115 -1.001610e-04
       116 -2.237747e-04
       117 -7.144847e-05
       118 -3.292923e-05
       119 -8.278857e-05
       120 -4.076114e-04
       121 -4.579915e-06
       122 -2.874488e-05
       123  7.511857e-05
       124  7.598241e-05
       125 -7.874065e-05
       126 -1.372748e-05
       127 -7.523535e-05
       128  5.148794e-06
       129  7.183891e-05
       130 -7.146921e-05
       131  5.043735e-05
       132 -8.694028e-06
       133 -8.342081e-05
       134 -1.846133e-05
       135  6.923430e-05
       136 -1.595472e-04
       137 -4.818523e-05
       138 -1.670792e-04
       139 -2.672856e-04
       140  3.339221e-12
       141 -3.388112e-04
       142  8.722901e-05
       143  2.334943e-04
       144  1.312776e-05
       145  1.440775e-06
       146  1.011546e-04
       147 -4.386385e-06
       148  1.804642e-05
       149 -3.910929e-05
       150 -5.307025e-05
       151 -9.650632e-05
       152  2.133797e-05
       153  1.611385e-05
       154 -3.031089e-05
       155  8.757033e-06
       156  5.224246e-05
       157 -2.943446e-05
       158  3.648566e-04
       159  8.603174e-05