       pos          info
         0  1.397570e-07
         1 -3.267248e-06
         2  7.132921e-06
         3  6.184459e-05
         4 -1.579563e-07
         5 -8.479287e-06
         6  9.364231e-06
         7  2.534662e-06
         8 -1.496297e-04
         9  1.662538e-04
        10 -4.428743e-05
        11  3.426630e-06
        12 -5.697486e-05
        13  6.117739e-07
        14 -2.008906e-05
        15  1.109605e-05
        16  6.888205e-07
        17  9.422351e-06
        18 -2.939570e-05
        19 -4.093369e-05
        20  8.445555e-05
        21 -1.896453e-06
        22  5.161255e-08
        23  3.737194e-05
        24 -6.282392e-06
        25 -2.129221e-05
        26 -3.944384e-07
        27 -1.870803e-05
        28  6.747370e-06
        29  1.659006e-05
        30  3.633708e-05
        31  3.193549e-06
        32  6.499122e-05
        33  1.490806e-05
        34 -1.283658e-05
        35  2.086675e-05
        36 -3.654110e-05
        37  2.655057e-05
        38  4.132082e-05
        39  8.427615e-06
        40  4.237291e-05
        41  6.883241e-05
        42  5.145287e-07
        43 -5.576475e-06
        44 -1.428153e-06
        45 -5.349520e-05
        46  3.154408e-07
        47  1.012672e-05
        48 -4.111172e-06
        49 -9.784688e-07
        50 -2.317733e-06
        51  9.850884e-06
        52  7.631946e-06
        53 -1.490665e-04
        54  5.904240e-06
        55 -9.824793e-05
        56  1.114536e-04
        57 -2.372228e-06
        58 -4.223207e-06
        59  1.430188e-05
        60 -5.962652e-05
        61  2.127110e-04
        62 -1.287636e-05
        63 -4.799832e-05
        64 -1.861791e-05
        65  5.180407e-05
        66 -1.229560e-06
        67  6.375337e-05
        68  2.010787e-06
        69 -1.129744e-05
        70 -5.183833e-06
        71  3.449868e-07
        72  1.462545e-04
        73  1.653543e-04
        74 -3.286099e-04
        75 -4.468285e-04
        76  2.525008e-05
        77  8.182411e-06
        78  1.122304e-05
        79  2.046205e-03
        80  6.810530e-03
        81 -5.406976e-03
        82  4.310544e-03
        83  7.107676e-03
        84  6.166635e-03
        85  9.363309e-05
        86 -7.243037e-04
        87 -8.637751e-05
        88 -4.410383e-10
        89 -6.762990e-05
        90 -5.380352e-05
        91  6.919657e-06
        92  2.104943e-05
        93  5.912330e-06
        94 -2.117841e-05
        95 -2.974977e-04
        96  3.159102e-05
        97  3.336586e-04
        98 -3.353517e-04
        99 -1.071429e-04
       100 -5.376237e-04
       101  1.597665e-04
       102 -2.629010e-06
       103  6.841185e-03
       104  6.995053e-03
       105  1.509246e-03
       106  3.052516e-03
       107  2.113822e-03
       108  7.828629e-03
       109  8.180738e-05
       110 -1.126469e-04
       111 -8.494093e-05
       112  2.902134e-05
       113  1.109999e-04
       114 -4.965189e-05
       115 -8.671636e-05
       116 -4.699842e-06
       117 -8.600281e-05
       118 -4.722658e-05
       119 -1.036979e-04
       120 -3.718239e-04
       121 -4.656530e-06
       122  5.076412e-07
       123  7.866187e-06
       124  4.823774e-05
       125 -1.484168e-05
       126  7.373713e-05
       127  7.027600e-07
       128  2.938396e-05
       129  6.605428e-05
       130 -1.240360e-05
       131  7.330102e-05
       132 -1.138864e-05
       133 -1.428988e-05
       134 -9.332864e-06
       135  4.922220e-05
       136 -7.870834e-05
       137 -4.464018e-05
       138 -3.065934e-04
       139 -9.671020e-06
       140  2.344503e-05
       141 -1.124231e-04
       142 -2.956226e-06
       143  1.929706e-04
       144 -1.462029e-09
       145  9.064014e-07
       146  1.067401e-04
       147 -2.913522e-05
       148  1.478152e-05
       149 -5.016202e-04
       150 -1.130471e-04
       151 -1.410327e-04
       152  6.711406e-06
       153  9.037009e-07
       154 -3.487504e-05
       155 -2.350966e-05
       156  3.318350e-05
       157  2.991336e-06
       158  2.570132e-04
       159  9.892694e-05