       pos          info
         0 -1.402394e-05
         1  2.684008e-07
         2 -7.412554e-05
         3  6.506379e-06
         4 -1.381332e-04
         5  2.640467e-06
         6 -8.273089e-04
         7  1.101769e-04
         8 -4.200347e-05
         9  8.381249e-05
        10  4.103766e-06
        11 -4.881666e-06
        12 -3.583983e-05
        13 -2.509024e-04
        14 -2.077530e-04
        15  8.702551e-08
        16 -1.099624e-04
        17  1.794276e-05
        18 -1.565161e-04
        19  1.053471e-04
        20 -1.475836e-04
        21  1.837203e-06
        22  6.996148e-05
        23  4.476047e-05
        24  4.011062e-05
        25  9.239346e-05
        26  9.670523e-07
        27 -1.913154e-04
        28 -4.162172e-04
        29 -1.125581e-05
        30  5.448005e-09
        31 -2.568616e-05
        32 -6.785418e-05
        33  1.882904e-04
        34  1.499377e-04
        35  2.763827e-04
        36 -3.166460e-07
        37 -8.058166e-07
        38  3.060488e-05
        39 -3.422226e-07
        40 -6.924198e-05
        41  8.002020e-06
        42  7.417568e-05
        43 -2.463861e-05
        44  9.073477e-09
        45  2.033386e-05
        46 -8.145525e-06
        47  1.105891e-06
        48  9.751022e-05
        49  1.481986e-04
        50  8.370072e-05
        51  1.265169e-05
        52  1.552182e-04
        53 -5.851000e-05
        54  7.778606e-05
        55  3.344142e-06
        56 -1.821593e-04
        57 -6.408420e-05
        58 -1.093869e-07
        59  8.348091e-05
        60 -9.130058e-05
        61 -3.810545e-05
        62  1.104556e-07
        63  1.541926e-05
        64  2.768231e-05
        65 -3.016393e-05
        66 -3.745167e-05
        67 -4.230535e-05
        68  4.737466e-06
        69  1.199635e-04
        70  2.350584e-04
        71 -1.781662e-05
        72  7.354879e-05
        73 -2.196445e-05
        74  2.316503e-04
        75  8.110981e-06
        76 -6.285523e-04
        77  1.836861e-04
        78 -7.263395e-05
        79  1.145818e-05
        80  1.377011e-04
        81 -7.806179e-07
        82 -3.364949e-05
        83 -2.769210e-04
        84  3.874817e-09
        85 -2.251962e-08
        86  1.349046e-04
        87 -1.719548e-05
        88  2.289427e-04
        89 -3.468091e-07
        90  1.059708e-05
        91 -3.796501e-05
        92 -1.860149e-04
        93 -1.867579e-04
        94 -9.922796e-05
        95 -3.171729e-04
        96  1.677858e-05
        97  5.708178e-05
        98 -3.958999e-04
        99  1.853405e-04
       100  1.813869e-06
       101  5.130794e-06
       102  2.629155e-06
       103  2.853112e-04
       104 -3.275007e-06
       105 -6.689251e-05
       106  2.245817e-04
       107  6.746803e-06
       108 -1.061985e-07
       109  8.665307e-05
       110  3.969847e-05
       111 -6.323384e-05
       112  5.363771e-05
       113  1.684290e-04
       114 -9.663570e-08
       115  6.351300e-05
       116  4.219749e-06
       117  3.216824e-05
       118  4.404393e-05
       119 -6.043918e-04
       120 -3.417321e-05
       121 -2.303873e-04
       122 -6.036489e-05
       123 -2.517727e-05
       124 -7.084266e-05
       125 -3.338341e-06
       126 -6.533150e-06
       127 -6.382930e-05
       128 -2.042405e-06
       129  7.862461e-06
       130 -2.632820e-05
       131 -3.867135e-05
       132 -1.309736e-04
       133  4.184916e-04
       134  3.250543e-04
       135  1.417224e-04
       136  2.772526e-08
       137  1.376265e-05
       138  1.993954e-05
       139 -8.532547e-06
       140  1.543367e-06
       141 -3.267856e-05
       142 -2.458252e-05
       143  2.221008e-04
       144 -5.584673e-06
       145  1.108151e-03
       146 -1.681375e-05
       147 -1.772712e-03
       148  9.464117e-07
       149  3.094662e-03
       150  1.494156e-03
       151  2.707986e-03
       152  1.090575e-03
       153 -7.564018e-06
       154  5.937445e-06
       155  1.153138e-03
       156 -5.490558e-08
       157 -3.676763e-06
       158  4.997055e-05
       159  9.545939e-11