       pos          info
         0 -1.575948e-05
         1  2.236182e-04
         2 -1.510233e-04
         3  2.335390e-05
         4 -2.537599e-05
         5  9.334470e-05
         6 -1.041799e-04
         7  1.137937e-05
         8  1.168520e-04
         9  2.913586e-05
        10  4.586083e-07
        11  4.204632e-06
        12 -1.471594e-06
        13 -1.106492e-04
        14  8.909954e-09
        15 -1.824347e-04
        16  3.740952e-05
        17 -1.235326e-04
        18 -2.156856e-05
        19  1.156270e-05
        20 -7.064966e-05
        21  1.638024e-04
        22  2.820525e-05
        23  3.968391e-05
        24 -2.295173e-05
        25  2.279030e-04
        26 -1.835111e-06
        27 -1.704929e-04
        28 -8.590638e-05
        29  1.807667e-05
        30 -1.944844e-05
        31 -2.263809e-05
        32 -4.521143e-05
        33  3.037578e-05
        34  4.074616e-05
        35 -1.003674e-05
        36  1.672616e-06
        37 -4.105848e-05
        38 -1.586278e-05
        39  9.248788e-05
        40 -2.467657e-05
        41 -4.816252e-06
        42  3.358081e-05
        43 -3.287132e-06
        44 -1.441031e-05
        45  2.362232e-05
        46 -8.124687e-05
        47  1.985953e-04
        48  2.872485e-05
        49  1.890426e-04
        50  2.391073e-05
        51 -1.195943e-06
        52  1.046156e-05
        53 -9.429701e-05
        54  3.712375e-05
        55 -4.558372e-06
        56  1.146034e-07
        57 -8.414206e-07
        58  2.231810e-07
        59 -8.380707e-05
        60 -1.760844e-06
        61 -3.960494e-06
        62 -1.777613e-05
        63  7.760535e-07
        64  7.463106e-06
        65  1.040099e-04
        66  1.311539e-05
        67 -3.507639e-06
        68 -1.102259e-04
        69  5.815322e-05
        70  1.253042e-04
        71  1.501316e-04
        72  9.716795e-06
        73  1.336844e-04
        74  4.893748e-04
        75 -1.706837e-04
        76 -1.307301e-04
        77  1.552542e-06
        78  1.506068e-06
        79 -3.862300e-05
        80  8.226573e-04
        81  4.837874e-04
        82  3.528696e-04
        83 -8.561749e-03
        84  9.071612e-05
        85  2.122890e-04
        86  4.469098e-04
        87 -3.456945e-05
        88  1.578000e-04
        89  6.955507e-06
        90  1.854280e-06
        91  4.058370e-06
        92 -4.417341e-06
        93  5.782100e-06
        94 -1.723107e-04
        95 -9.174604e-05
        96 -5.048164e-05
        97 -2.289258e-04
        98 -3.626019e-05
        99  1.926015e-04
       100  9.186206e-04
       101 -3.402329e-05
       102  7.299851e-04
       103  1.636687e-03
       104  9.323274e-04
       105  2.337275e-04
       106  7.069268e-05
       107  1.557311e-03
       108 -1.009286e-06
       109  1.613828e-04
       110  6.594256e-06
       111 -7.488636e-05
       112 -3.359791e-05
       113 -2.013694e-05
       114 -6.133465e-05
       115  8.962575e-05
       116 -1.810862e-04
       117 -1.738696e-05
       118 -8.094286e-05
       119 -4.249431e-04
       120 -2.277962e-04
       121 -2.573623e-04
       122 -2.154030e-04
       123 -1.131798e-04
       124 -2.485815e-04
       125  2.679667e-06
       126 -1.102522e-04
       127 -1.659922e-06
       128 -2.282299e-06
       129 -1.479454e-04
       130  1.143123e-04
       131  1.912089e-06
       132 -2.125779e-04
       133  7.130077e-05
       134  1.523218e-04
       135  5.191600e-05
       136  4.398887e-05
       137  7.674211e-05
       138  9.771953e-06
       139  1.001758e-06
       140  4.597547e-05
       141 -2.939575e-04
       142 -2.186609e-05
       143  1.713612e-04
       144 -8.090682e-05
       145  4.270880e-05
       146  1.932039e-05
       147 -2.725636e-03
       148  1.640348e-05
       149  1.406071e-03
       150  7.242361e-04
       151  1.348219e-03
       152  3.661262e-04
       153 -8.588911e-07
       154 -6.835046e-05
       155  8.667854e-04
       156  2.637366e-04
       157 -1.125129e-04
       158  6.147836e-06
       159 -1.178703e-05