       pos          info
         0 -2.682719e-05
         1  4.113748e-05
         2 -9.836768e-06
         3  8.928603e-05
         4 -5.459625e-05
         5  4.115169e-05
         6 -4.156173e-05
         7  1.499678e-06
         8  8.823940e-05
         9  5.924396e-05
        10  1.589834e-05
        11  2.130501e-05
        12  2.378357e-05
        13 -1.711045e-05
        14  5.035430e-06
        15 -2.088506e-04
        16  3.313368e-06
        17 -5.141279e-06
        18 -3.589989e-06
        19  1.183043e-06
        20 -1.669688e-04
        21  9.159220e-05
        22  1.048683e-05
        23  3.004897e-05
        24  2.900413e-05
        25  1.710454e-04
        26  4.419874e-07
        27 -3.309314e-05
        28 -1.439632e-05
        29 -2.287928e-05
        30  4.742044e-05
        31 -5.290685e-06
        32 -4.383435e-05
        33  1.084048e-05
        34  2.773576e-06
        35  4.661254e-05
        36 -2.616411e-06
        37  7.316904e-06
        38 -4.171401e-06
        39  5.095678e-05
        40  1.588937e-07
        41  6.933839e-05
        42  4.394469e-05
        43 -2.341648e-05
        44 -7.550272e-05
        45  1.886744e-06
        46 -1.288360e-04
        47  1.239757e-04
        48  4.906316e-06
        49  2.256792e-04
        50  4.182292e-08
        51 -3.589794e-06
        52  7.873076e-06
        53 -7.274664e-05
        54  7.719707e-05
        55  1.276004e-05
        56  1.665166e-06
        57 -3.697538e-05
        58  3.268259e-07
        59 -4.663817e-05
        60 -7.727498e-06
        61 -1.209610e-05
        62 -2.088486e-05
        63  4.209542e-05
        64  6.963453e-06
        65  3.839947e-05
        66  8.260610e-05
        67 -3.449049e-05
        68 -3.573968e-05
        69  9.463615e-05
        70  1.117990e-04
        71  2.456234e-04
        72 -2.387655e-09
        73  1.877124e-05
        74  2.226458e-04
        75 -2.485658e-05
        76 -1.676671e-04
        77  3.500414e-05
        78  2.626999e-06
        79 -7.802045e-06
        80  4.389867e-04
        81  9.786456e-05
        82  4.554689e-05
        83 -4.233060e-03
        84  1.295779e-05
        85  1.390264e-04
        86  2.987195e-04
        87 -6.480936e-06
        88  1.330427e-04
        89 -1.766737e-06
        90  1.109864e-05
        91 -1.655073e-05
        92 -6.050875e-06
        93  2.244017e-06
        94 -2.425759e-05
        95 -5.341699e-05
        96 -5.725410e-05
        97 -4.378270e-05
        98 -1.867195e-05
        99  3.779908e-05
       100  3.718844e-04
       101 -9.128914e-05
       102  2.615755e-04
       103  8.589043e-04
       104  2.629534e-04
       105  2.114048e-04
       106  2.115804e-05
       107  1.007125e-03
       108 -1.449670e-07
       109  4.401729e-05
       110  1.548366e-05
       111 -8.845299e-05
       112 -1.382709e-06
       113  8.799106e-06
       114  3.113688e-07
       115 -1.255973e-07
       116 -2.838283e-09
       117 -6.961704e-05
       118 -1.244835e-04
       119 -2.567107e-04
       120 -2.786492e-04
       121 -1.681354e-04
       122 -7.236143e-05
       123 -2.006681e-04
       124 -2.735288e-04
       125 -5.865255e-05
       126 -1.408048e-04
       127 -1.284976e-05
       128 -3.974646e-05
       129 -3.917934e-04
       130  1.059123e-04
       131 -1.138217e-05
       132 -2.270169e-04
       133  5.663306e-05
       134  1.653410e-04
       135 -9.807715e-06
       136  1.458423e-05
       137  1.136939e-05
       138  1.834242e-05
       139 -8.823590e-07
       140  1.911645e-04
       141 -1.374590e-04
       142 -6.995159e-06
       143  3.654016e-04
       144 -1.727125e-06
       145  3.522775e-04
       146 -1.668275e-07
       147 -3.344423e-03
       148  1.148790e-05
       149  2.207647e-03
       150  2.001592e-03
       151  2.407126e-03
       152  8.500446e-04
       153  2.215746e-05
       154 -3.024688e-05
       155  6.882712e-04
       156  2.689507e-04
       157 -2.687595e-05
       158  3.458277e-06
       159  1.757743e-07