       pos          info
         0  1.813587e-05
         1 -8.095905e-06
         2  5.286344e-05
         3  6.721407e-06
         4  9.666601e-05
         5  4.676820e-07
         6 -4.102812e-05
         7 -7.048360e-07
         8  4.047027e-06
         9 -3.977942e-07
        10  2.658204e-06
        11  7.280346e-05
        12  3.475560e-05
        13  1.644133e-05
        14  5.106667e-05
        15 -2.184386e-06
        16  4.219734e-11
        17  1.290216e-06
        18  8.878022e-06
        19 -6.380267e-06
        20  5.094436e-05
        21  1.837541e-04
        22 -2.304568e-05
        23  5.503962e-06
        24  3.134727e-05
        25 -4.502841e-06
        26 -2.740481e-05
        27 -4.249272e-06
        28  1.610566e-05
        29 -7.346116e-05
        30 -4.047965e-04
        31 -1.085672e-05
        32 -8.932744e-07
        33 -1.145315e-04
        34  6.599568e-05
        35  1.244341e-04
        36 -3.809671e-05
        37  1.411452e-04
        38 -4.195632e-05
        39 -1.208480e-07
        40  7.384954e-05
        41 -4.287536e-06
        42 -7.363320e-05
        43 -7.456879e-06
        44 -1.428886e-06
        45 -1.016342e-03
        46 -5.510750e-07
        47 -2.721690e-05
        48  1.301175e-05
        49  1.851510e-04
        50  3.103709e-05
        51  6.030190e-09
        52 -2.148944e-06
        53  6.652568e-05
        54 -7.412283e-05
        55 -7.741142e-06
        56 -2.761408e-06
        57  8.429756e-05
        58  7.523214e-07
        59  4.912462e-06
        60  3.577464e-05
        61  2.869860e-06
        62  1.785952e-05
        63  2.417132e-05
        64 -2.243926e-05
        65 -1.818832e-05
        66 -1.385749e-05
        67 -2.797594e-04
        68  4.054359e-06
        69  1.611160e-05
        70  9.342900e-05
        71  1.855833e-04
        72  2.361019e-04
        73  1.560852e-04
        74  2.980584e-06
        75 -9.148189e-05
        76 -8.833501e-05
        77 -1.299846e-03
        78 -3.485528e-05
        79  5.499718e-04
        80 -2.622584e-07
        81 -1.774336e-04
        82  1.485428e-04
        83 -1.497956e-05
        84 -4.230870e-05
        85 -4.015000e-05
        86  5.833114e-07
        87  8.669328e-06
        88  5.671214e-05
        89 -3.631429e-06
        90 -9.276415e-05
        91 -7.851441e-05
        92  3.459009e-06
        93 -8.677093e-05
        94  1.618974e-04
        95  2.382140e-08
        96 -1.773923e-05
        97  7.708070e-07
        98  5.674533e-05
        99 -3.253434e-04
       100 -2.375216e-07
       101 -2.369734e-05
       102 -6.822429e-05
       103  2.677166e-04
       104  3.550434e-04
       105 -3.917266e-05
       106 -5.840051e-06
       107 -1.043267e-04
       108  4.662223e-06
       109  1.566380e-05
       110  1.174018e-04
       111  3.650289e-04
       112 -3.211634e-05
       113 -1.939655e-07
       114 -2.559664e-05
       115  9.338220e-06
       116 -1.304512e-06
       117  2.191641e-05
       118  5.319812e-05
       119 -4.427194e-05
       120  2.615523e-06
       121  7.382627e-06
       122  9.641028e-05
       123  1.446214e-05
       124 -7.423886e-05
       125 -3.227050e-08
       126  1.357931e-06
       127  2.252833e-05
       128 -2.465769e-05
       129 -2.024495e-04
       130  2.435232e-06
       131 -4.343075e-05
       132  5.474572e-06
       133  1.599732e-07
       134  9.224669e-06
       135  2.815376e-04
       136  7.613067e-05
       137 -5.789728e-05
       138 -1.980115e-06
       139 -2.038267e-05
       140  2.509283e-05
       141  3.846189e-09
       142 -1.145330e-05
       143  2.543452e-06
       144  1.609138e-05
       145  5.280356e-05
       146 -5.780307e-06
       147  7.928645e-06
       148 -1.673353e-05
       149  5.437977e-05
       150  3.944925e-05
       151  1.547649e-05
       152 -1.110380e-06
       153 -1.726522e-05
       154 -8.125869e-06
       155  4.457452e-06
       156  2.378521e-05
       157 -1.364336e-05
       158 -1.027901e-05
       159 -5.665492e-05