       pos          info
         0  5.683749e-06
         1 -2.628436e-05
         2 -2.280917e-04
         3  4.731964e-05
         4  2.294368e-05
         5  4.097303e-05
         6 -6.025998e-05
         7 -6.107781e-05
         8  5.193827e-04
         9  4.731582e-06
        10  2.032156e-04
        11 -4.331754e-05
        12  1.301700e-04
        13  1.436221e-04
        14  7.068758e-04
        15 -7.911321e-05
        16  1.608793e-04
        17 -6.792147e-05
        18  3.592820e-04
        19  5.000354e-05
        20 -6.124745e-06
        21  2.675821e-08
        22 -2.625778e-04
        23 -3.494441e-04
        24  5.031272e-04
        25 -1.260340e-04
        26  5.448794e-05
        27  1.773761e-05
        28  1.545256e-04
        29  2.169924e-04
        30 -9.960544e-05
        31 -1.732216e-04
        32  1.952603e-06
        33 -2.584517e-04
        34 -3.190456e-04
        35 -5.543227e-04
        36 -1.511610e-08
        37 -2.241232e-11
        38  1.479263e-05
        39  3.151655e-06
        40 -1.063250e-05
        41 -3.322545e-04
        42  5.973633e-05
        43  2.220999e-04
        44  4.839087e-05
        45 -3.682564e-04
        46 -4.348866e-05
        47 -1.122126e-04
        48 -6.566824e-07
        49  2.714441e-04
        50 -9.996270e-05
        51 -1.740997e-05
        52 -5.723040e-06
        53  2.628650e-04
        54  3.114158e-04
        55 -4.279272e-05
        56 -6.343278e-04
        57  3.196323e-04
        58  2.012585e-07
        59  5.157130e-05
        60  7.405160e-11
        61  7.844433e-05
        62 -5.105718e-05
        63 -1.149829e-05
        64 -3.321002e-04
        65  8.028721e-04
        66  1.350656e-04
        67  1.147120e-04
        68 -4.537024e-04
        69 -4.640175e-05
        70 -2.466013e-05
        71  2.254580e-04
        72  3.715484e-04
        73  2.217238e-04
        74  4.620641e-04
        75  4.179142e-06
        76  7.179572e-04
        77 -2.909544e-04
        78  1.623892e-05
        79  4.651109e-05
        80  7.038213e-05
        81 -4.102572e-04
        82 -8.480830e-07
        83 -6.939699e-05
        84 -2.917577e-04
        85 -5.482291e-07
        86 -6.991202e-05
        87  4.092315e-05
        88  6.715931e-05
        89  6.463692e-05
        90  9.088753e-07
        91 -2.088527e-04
        92 -1.882800e-05
        93  1.067609e-03
        94 -3.707067e-04
        95 -2.740382e-04
        96 -3.902109e-05
        97 -2.725592e-04
        98  1.784549e-05
        99  1.109603e-04
       100 -3.519087e-05
       101  1.692406e-04
       102  5.359835e-05
       103 -6.569809e-05
       104  2.647071e-05
       105 -2.634943e-07
       106  2.583786e-05
       107  5.990563e-05
       108  2.941279e-04
       109  1.347273e-04
       110 -3.459092e-05
       111 -1.484668e-04
       112  1.948315e-04
       113 -1.441053e-04
       114  3.726314e-08
       115  5.769026e-04
       116  3.461752e-05
       117  4.961653e-06
       118  1.667444e-04
       119 -1.347497e-05
       120 -4.789841e-05
       121  6.574456e-05
       122 -3.263401e-04
       123  8.201363e-05
       124  1.456461e-04
       125 -3.197398e-04
       126  2.323926e-05
       127  6.451401e-04
       128 -2.033737e-04
       129  6.812848e-06
       130 -1.440976e-09
       131 -1.783911e-04
       132 -2.847203e-06
       133 -1.040258e-05
       134  1.159272e-04
       135  1.457074e-04
       136 -1.011371e-05
       137 -3.256743e-04
       138  8.447903e-06
       139 -6.824732e-04
       140  1.280645e-05
       141  5.134547e-04
       142 -1.366671e-04
       143 -8.127085e-05
       144  2.113820e-04
       145 -1.066311e-07
       146 -3.537696e-04
       147  3.646713e-07
       148  5.337954e-05
       149  1.893498e-04
       150 -1.127050e-04
       151  5.193766e-04
       152 -9.122627e-05
       153  2.929771e-07
       154  9.771951e-07
       155  2.646510e-04
       156  2.672289e-04
       157  3.170354e-05
       158 -5.926707e-07
       159  1.015392e-03