       pos          info
         0 -1.870549e-04
         1  9.445194e-06
         2  2.709631e-05
         3 -4.221480e-05
         4 -8.865492e-05
         5  3.242376e-07
         6  5.580337e-05
         7 -9.129598e-07
         8 -6.165810e-07
         9  3.294780e-04
        10  2.037746e-05
        11  2.846270e-05
        12  1.214894e-05
        13 -2.235667e-05
        14  2.225105e-05
        15  2.905726e-05
        16 -2.761008e-05
        17  2.072137e-07
        18 -5.056262e-05
        19  1.329893e-04
        20  1.500044e-05
        21 -3.650470e-05
        22  2.187397e-05
        23  1.541820e-06
        24  3.410736e-04
        25 -2.414119e-04
        26  1.706621e-04
        27 -3.862999e-05
        28 -4.532636e-04
        29  2.573370e-05
        30  1.584713e-04
        31  9.761037e-06
        32  4.157420e-05
        33 -2.797649e-06
        34  2.039525e-05
        35  2.335322e-05
        36 -6.630781e-05
        37 -4.623113e-04
        38 -1.412417e-05
        39 -1.490159e-05
        40 -1.997863e-04
        41  2.586966e-05
        42 -1.906408e-05
        43 -4.427572e-05
        44  3.738391e-06
        45  2.065357e-05
        46  2.142513e-04
        47 -1.241555e-04
        48  6.501811e-05
        49  1.172014e-06
        50 -1.561301e-04
        51 -1.505873e-04
        52 -2.323256e-05
        53  3.092097e-05
        54 -2.441370e-07
        55  8.565474e-05
        56 -1.744704e-05
        57  1.130499e-06
        58 -5.699301e-06
        59 -1.473347e-04
        60 -5.026135e-06
        61  2.292369e-05
        62  1.074487e-05
        63 -8.106671e-05
        64 -4.205908e-07
        65  9.966943e-07
        66  1.685689e-05
        67  4.782007e-05
        68 -3.024524e-05
        69 -2.229262e-04
        70  7.916419e-06
        71 -3.345110e-05
        72  3.712922e-04
        73 -1.304044e-05
        74 -4.266249e-05
        75 -3.794401e-05
        76  5.365583e-04
        77  2.222974e-04
        78 -4.514827e-04
        79 -9.751198e-05
        80  5.743086e-05
        81 -1.639062e-05
        82 -5.864491e-05
        83  4.990208e-04
        84  3.937467e-05
        85  2.801213e-06
        86  2.079571e-04
        87 -4.148847e-06
        88 -2.381749e-05
        89  7.928034e-05
        90 -2.714415e-04
        91 -1.186328e-06
        92 -1.833558e-04
        93 -1.017631e-07
        94  1.434776e-04
        95  8.316688e-05
        96 -1.602821e-04
        97 -3.067122e-04
        98 -1.698909e-06
        99  3.346699e-04
       100  1.040516e-05
       101 -7.407641e-05
       102  3.276806e-06
       103  7.882005e-06
       104  1.334344e-05
       105  1.521926e-04
       106  1.713521e-04
       107  1.603947e-04
       108 -5.718685e-05
       109 -1.611092e-05
       110  1.127074e-04
       111  7.648325e-05
       112  2.480111e-07
       113 -1.802111e-06
       114  3.554867e-06
       115 -2.035073e-05
       116  3.548371e-04
       117 -8.048229e-05
       118  3.009316e-07
       119 -2.461061e-05
       120 -1.702585e-04
       121  1.572708e-05
       122  3.411765e-05
       123  1.566713e-04
       124 -1.310445e-05
       125 -4.254926e-09
       126  4.236493e-05
       127 -9.565021e-07
       128  1.244215e-05
       129  1.463117e-07
       130  6.977976e-06
       131 -2.519940e-04
       132  5.809699e-05
       133 -2.825570e-04
       134 -1.058689e-06
       135  2.051705e-05
       136  1.556783e-04
       137 -5.106503e-05
       138  1.179367e-04
       139  7.519576e-06
       140  1.124929e-04
       141 -1.020627e-05
       142 -2.065719e-05
       143 -2.934594e-05
       144  7.967017e-06
       145 -1.256097e-05
       146 -3.960714e-05
       147  8.124517e-07
       148  1.398687e-06
       149 -2.234948e-05
       150  7.711876e-05
       151  1.275543e-04
       152 -2.337377e-06
       153 -1.662847e-05
       154  1.044648e-04
       155  2.525358e-05
       156  1.145864e-04
       157  7.438515e-05
       158 -1.595971e-07
       159 -1.169841e-08