       pos          info
         0  1.565824e-04
         1 -7.131619e-04
         2 -6.844383e-06
         3  2.925586e-04
         4  1.001350e-05
         5 -7.149305e-06
         6  7.012108e-05
         7  8.903310e-06
         8 -5.617559e-05
         9  2.227369e-06
        10  2.410390e-04
        11  1.474238e-04
        12  1.489220e-07
        13 -7.522036e-07
        14 -3.080845e-04
        15 -8.191099e-06
        16  1.817817e-05
        17  9.685029e-05
        18  4.161545e-07
        19  6.711755e-06
        20  9.192517e-05
        21  1.729087e-04
        22  4.803312e-07
        23 -5.934944e-07
        24 -1.851075e-04
        25  6.571815e-05
        26  1.142712e-04
        27  8.037629e-05
        28 -8.822121e-06
        29  5.598033e-05
        30  5.226376e-05
        31  2.701376e-04
        32  4.655670e-07
        33 -9.887319e-05
        34  2.278754e-10
        35  1.918233e-04
        36  1.548366e-04
        37  2.054046e-07
        38 -1.161210e-06
        39 -3.080278e-05
        40  1.583975e-04
        41 -1.166673e-05
        42  2.779272e-05
        43  3.642751e-04
        44  4.092124e-05
        45  2.813090e-05
        46  4.214625e-05
        47 -1.909410e-05
        48 -2.365885e-03
        49 -4.096180e-07
        50 -9.842636e-05
        51 -5.822137e-07
        52 -1.251197e-07
        53  1.078297e-04
        54 -7.188450e-05
        55  2.642075e-04
        56  1.207237e-07
        57 -3.932899e-07
        58  2.488933e-04
        59 -1.306377e-04
        60  5.352142e-07
        61 -4.414427e-05
        62  2.524843e-04
        63 -4.215822e-06
        64  1.818695e-05
        65  1.439315e-07
        66 -1.651521e-04
        67  2.683636e-04
        68 -1.242426e-03
        69 -1.122643e-05
        70 -2.747103e-05
        71 -7.697225e-06
        72  6.008691e-05
        73  2.410372e-04
        74  2.807384e-04
        75 -7.882332e-06
        76 -9.551201e-05
        77  2.674134e-05
        78  1.088620e-05
        79  4.256222e-05
        80  2.477840e-06
        81 -2.163313e-04
        82 -7.909342e-07
        83  5.917512e-04
        84  2.239558e-04
        85 -8.233634e-05
        86 -6.775861e-05
        87 -8.574344e-06
        88 -1.116883e-05
        89  5.034216e-07
        90 -6.647289e-06
        91 -2.802688e-05
        92  1.117724e-05
        93  9.413945e-05
        94 -1.023858e-04
        95  9.011883e-07
        96  1.162595e-04
        97  9.469316e-06
        98  2.720605e-04
        99 -7.467638e-07
       100  5.950456e-05
       101 -4.918004e-04
       102 -6.247315e-05
       103  8.095173e-06
       104 -6.596566e-04
       105  2.550851e-06
       106 -1.714006e-06
       107 -3.955236e-04
       108 -4.384787e-05
       109 -1.082991e-04
       110  2.376010e-05
       111 -3.447149e-11
       112 -8.078485e-05
       113  7.366890e-05
       114 -1.316116e-04
       115 -1.189785e-04
       116  5.421336e-05
       117  1.182022e-04
       118 -5.336645e-04
       119  1.198639e-04
       120 -1.526954e-05
       121 -7.023180e-06
       122  5.712663e-05
       123 -3.525425e-04
       124  1.539841e-05
       125  1.313547e-05
       126  5.441231e-05
       127  8.499007e-07
       128  1.748774e-05
       129  1.236827e-05
       130 -2.912322e-04
       131 -2.770672e-04
       132 -4.953286e-05
       133 -5.222290e-04
       134  6.018337e-05
       135 -3.094837e-06
       136  4.588484e-07
       137  1.324585e-04
       138  1.694030e-04
       139 -1.257511e-07
       140 -1.274562e-04
       141  6.262267e-05
       142  7.041829e-06
       143  5.210819e-06
       144 -2.081918e-06
       145 -4.369193e-05
       146  6.864732e-05
       147  4.192864e-06
       148  8.793921e-06
       149 -3.726400e-04
       150  1.981707e-04
       151 -1.170056e-04
       152  1.639282e-04
       153  6.398469e-06
       154 -3.794689e-04
       155  4.490965e-06
       156  2.094577e-05
       157 -2.320738e-04
       158 -6.759709e-06
       159 -1.620313e-06