       pos          info
         0  4.101612e-04
         1 -1.117013e-04
         2 -6.845940e-05
         3  1.088019e-04
         4 -1.053799e-06
         5 -3.773287e-06
         6  5.107115e-05
         7 -1.331367e-05
         8  2.424355e-05
         9  1.928675e-05
        10  4.442526e-05
        11  1.007891e-04
        12  1.231331e-07
        13  5.741884e-05
        14 -6.178233e-05
        15 -4.247660e-04
        16  3.428809e-04
        17 -2.018260e-05
        18  7.239497e-05
        19  1.036632e-04
        20  2.181240e-05
        21 -1.044337e-05
        22  9.610183e-05
        23  5.914611e-05
        24 -6.082675e-05
        25  1.210731e-04
        26  1.830936e-04
        27  3.619893e-04
        28  1.054545e-05
        29  4.584182e-04
        30  5.260380e-04
        31  1.172643e-04
        32  2.719899e-05
        33 -8.218378e-05
        34 -1.055781e-04
        35 -5.809243e-05
        36  1.057409e-03
        37  4.782887e-04
        38  1.347087e-06
        39  2.527368e-04
        40  3.490939e-04
        41  1.568972e-04
        42 -1.139588e-04
        43  7.849689e-04
        44  3.997767e-04
        45  1.675481e-04
        46  3.480726e-04
        47  5.138046e-04
        48 -2.760464e-04
        49  2.505674e-04
        50  2.913292e-05
        51  6.086883e-05
        52  4.550325e-05
        53  9.133861e-04
        54  8.947124e-04
        55  9.671447e-07
        56  2.318123e-04
        57  3.092937e-04
        58  2.865638e-04
        59  9.547013e-06
        60  1.455139e-04
        61  3.135438e-04
        62  5.041489e-04
        63  8.213396e-05
        64  1.509781e-05
        65  1.709615e-04
        66  5.243244e-04
        67  2.048441e-04
        68 -9.240388e-04
        69  1.412088e-04
        70 -5.005952e-06
        71  1.016480e-03
        72 -2.334161e-05
        73  4.596463e-05
        74  4.945419e-04
        75 -7.633954e-06
        76  4.265885e-05
        77  4.853352e-04
        78  5.848810e-04
        79  3.619266e-04
        80  1.039040e-03
        81  5.677860e-04
        82  1.465640e-03
        83  3.656381e-04
        84 -1.018304e-04
        85 -3.925912e-04
        86 -3.769812e-06
        87  7.370095e-05
        88  3.701778e-04
        89 -2.680895e-05
        90  1.627034e-04
        91  3.574226e-05
        92  2.237308e-05
        93  1.992465e-05
        94  2.937979e-04
        95 -1.579872e-07
        96 -1.748417e-05
        97  3.606744e-04
        98 -3.531281e-06
        99 -8.451271e-05
       100  3.166659e-04
       101  5.007431e-06
       102  2.261352e-05
       103  9.232483e-05
       104  1.436860e-05
       105  7.043983e-06
       106 -3.555332e-04
       107  6.070757e-04
       108  3.481780e-04
       109 -7.502065e-07
       110  3.164856e-04
       111  2.889206e-04
       112 -3.413731e-04
       113  4.528408e-05
       114  9.666580e-05
       115  8.169528e-07
       116  4.798887e-05
       117  6.479813e-08
       118  4.855530e-05
       119 -1.105259e-03
       120 -9.497660e-05
       121  3.695943e-04
       122  9.231751e-04
       123 -4.312081e-04
       124  5.230658e-04
       125  2.113016e-04
       126  3.367581e-05
       127 -3.941108e-05
       128  7.263437e-04
       129  6.304425e-06
       130 -5.594129e-05
       131  4.043136e-05
       132 -1.840457e-06
       133 -5.861236e-06
       134  8.839605e-06
       135  1.302719e-05
       136 -3.152148e-04
       137  2.337563e-08
       138  2.685237e-04
       139 -2.738391e-06
       140  6.142327e-05
       141  1.928717e-05
       142  1.902341e-07
       143 -1.276532e-04
       144  1.770997e-05
       145  3.184186e-05
       146  2.610556e-04
       147  1.135442e-04
       148  8.148056e-05
       149 -3.726439e-06
       150  4.182672e-05
       151  2.304760e-05
       152  8.088845e-05
       153  1.129332e-04
       154 -9.015099e-05
       155  6.161134e-04
       156  1.462190e-04
       157 -5.965029e-05
       158  2.490432e-04
       159 -3.606846e-09