       pos          info
         0  1.300562e-04
         1  1.231503e-04
         2 -1.853882e-04
         3  1.324405e-05
         4 -1.568187e-04
         5  3.470238e-05
         6  1.100880e-04
         7 -1.014274e-04
         8 -1.395873e-04
         9  1.004314e-04
        10  1.064691e-04
        11 -1.275849e-04
        12 -2.624141e-04
        13 -7.089011e-05
        14  1.095114e-04
        15 -6.586754e-05
        16  5.469902e-05
        17  1.193622e-05
        18 -2.162361e-04
        19 -1.889856e-06
        20 -1.539298e-04
        21 -5.835872e-04
        22  2.531588e-04
        23  7.462228e-04
        24  1.774189e-04
        25 -2.572370e-04
        26  2.760542e-05
        27  1.220728e-06
        28  4.784642e-04
        29 -3.693075e-06
        30 -5.351796e-06
        31  3.332324e-05
        32  3.839440e-04
        33 -1.481980e-05
        34 -3.181720e-04
        35 -5.092484e-05
        36 -1.465079e-05
        37  2.873507e-04
        38 -1.157031e-04
        39 -9.191072e-07
        40 -1.319030e-04
        41  1.115082e-05
        42  3.419821e-04
        43  2.412964e-05
        44 -2.295849e-06
        45  9.477863e-05
        46  5.863807e-06
        47 -6.760890e-04
        48  3.081000e-05
        49 -1.379211e-04
        50 -1.657093e-04
        51  1.289291e-04
        52  4.309774e-04
        53  6.371308e-06
        54  1.483341e-04
        55 -6.115390e-06
        56 -1.664800e-04
        57 -3.197957e-04
        58  2.029827e-05
        59  4.433537e-05
        60 -2.921284e-05
        61  6.148141e-06
        62  3.541680e-06
        63  1.011931e-03
        64  3.761153e-05
        65 -1.335565e-04
        66  3.743565e-04
        67 -1.171912e-04
        68  2.383190e-04
        69  3.825038e-04
        70  2.538353e-05
        71  2.090914e-04
        72  5.468934e-04
        73  1.738551e-08
        74  3.661341e-05
        75  4.872416e-05
        76  2.028582e-04
        77 -7.348920e-05
        78 -6.921224e-04
        79 -2.205938e-04
        80  1.759832e-05
        81 -7.560003e-05
        82  5.048534e-05
        83  3.335555e-06
        84  1.439120e-04
        85  1.737153e-05
        86 -1.600525e-04
        87 -7.940939e-05
        88 -6.062682e-06
        89 -1.804895e-06
        90  1.113500e-05
        91  2.185761e-04
        92 -7.799380e-07
        93 -2.449974e-05
        94 -1.586180e-05
        95  4.545906e-05
        96 -6.695087e-05
        97  2.599159e-04
        98 -8.096366e-04
        99 -4.454762e-04
       100  1.619939e-05
       101  1.829256e-05
       102  1.040231e-04
       103  3.555855e-05
       104 -1.615915e-05
       105 -6.697706e-07
       106 -2.833526e-07
       107  3.756438e-04
       108  1.023218e-04
       109  1.324583e-03
       110 -1.075896e-05
       111  1.608446e-05
       112 -1.165411e-04
       113  1.701071e-06
       114  8.688547e-05
       115  2.429365e-04
       116  7.499245e-04
       117  2.451372e-05
       118 -7.721786e-05
       119 -2.260077e-05
       120 -3.980103e-06
       121  4.124744e-05
       122  1.708343e-04
       123 -2.270595e-05
       124  6.389807e-06
       125 -2.238607e-04
       126  3.047215e-05
       127  1.401104e-05
       128 -1.560818e-06
       129  8.155051e-05
       130 -3.777102e-09
       131 -6.526292e-05
       132 -2.217525e-04
       133 -3.764236e-04
       134 -1.203656e-05
       135 -1.077045e-04
       136 -3.496469e-05
       137  2.713192e-05
       138 -3.453833e-07
       139  6.255298e-06
       140 -5.010252e-05
       141 -5.349601e-04
       142  8.757247e-05
       143  8.523685e-05
       144  1.413660e-05
       145 -5.766165e-05
       146  6.272006e-05
       147 -1.663226e-04
       148 -2.647169e-05
       149 -3.590076e-04
       150  1.313984e-05
       151 -4.767405e-05
       152  2.789193e-05
       153  7.939176e-07
       154 -8.588170e-06
       155 -1.849269e-05
       156 -1.623080e-05
       157  3.744288e-04
       158 -4.335909e-04
       159  3.136041e-05