       pos          info
         0  3.408974e-05
         1  3.465228e-05
         2  8.986616e-06
         3  2.302663e-06
         4  1.437766e-04
         5 -1.552338e-04
         6 -4.788499e-05
         7  2.573553e-05
         8 -1.331064e-05
         9 -2.055861e-05
        10 -1.372771e-05
        11  1.149478e-04
        12  4.789912e-06
        13 -1.977930e-06
        14  1.360931e-04
        15  3.265509e-07
        16 -2.552129e-06
        17  4.095185e-05
        18  1.105195e-05
        19 -8.911279e-05
        20 -2.567826e-04
        21  1.331198e-09
        22 -2.435846e-05
        23 -3.304630e-05
        24  2.240186e-05
        25  8.100077e-06
        26  1.885096e-04
        27  8.849339e-05
        28 -1.366763e-04
        29  3.244721e-04
        30  1.410605e-06
        31 -3.776270e-05
        32  8.414374e-05
        33 -1.685321e-04
        34 -1.102964e-05
        35  1.102315e-05
        36 -4.576979e-06
        37  7.361071e-05
        38  4.513838e-06
        39 -3.687598e-07
        40 -1.190985e-05
        41  1.911767e-04
        42  5.400357e-05
        43  2.468799e-05
        44  1.583297e-04
        45 -1.059336e-05
        46 -5.585571e-05
        47 -2.438943e-05
        48  2.272928e-04
        49  9.771684e-05
        50  3.039072e-05
        51  1.605406e-04
        52  2.749168e-05
        53 -1.870206e-05
        54  1.705390e-04
        55  8.655463e-08
        56  1.033392e-05
        57 -3.188641e-05
        58  4.546926e-05
        59  3.309811e-06
        60  1.237074e-08
        61  9.389444e-06
        62  4.175142e-05
        63 -2.536770e-08
        64  1.181744e-06
        65  1.134443e-04
        66  4.242503e-05
        67 -7.054160e-06
        68  6.646663e-06
        69  3.780401e-05
        70  2.681743e-06
        71  2.702692e-04
        72 -1.774110e-04
        73 -2.071016e-06
        74  5.058735e-05
        75 -7.964926e-06
        76 -5.067901e-06
        77  6.690265e-05
        78  5.364734e-05
        79  2.208774e-05
        80  2.403429e-04
        81  3.760140e-05
        82  1.047280e-06
        83  2.330808e-04
        84 -4.204424e-05
        85 -4.024336e-06
        86 -1.202709e-07
        87  7.293638e-05
        88 -5.233196e-04
        89  4.093457e-05
        90  7.120507e-05
        91 -1.580989e-05
        92  6.281540e-05
        93  1.547683e-04
        94 -2.946138e-05
        95  3.043297e-04
        96 -7.386915e-06
        97  5.261428e-06
        98  3.375247e-06
        99 -9.967492e-05
       100  1.951414e-04
       101 -3.905149e-04
       102  9.808406e-04
       103 -1.656651e-05
       104 -1.240008e-04
       105  6.195223e-05
       106  6.621563e-05
       107  3.628802e-05
       108  2.554553e-07
       109 -1.167503e-04
       110  5.553234e-06
       111  7.949026e-05
       112  7.159780e-06
       113  9.074951e-05
       114 -1.815274e-05
       115 -1.199731e-04
       116 -2.793947e-05
       117 -8.169317e-06
       118  8.424438e-05
       119  1.229271e-04
       120  2.486780e-06
       121  8.423920e-05
       122  2.141188e-04
       123 -1.656885e-04
       124 -9.475770e-06
       125 -2.718479e-05
       126  1.529692e-06
       127  1.740820e-05
       128  4.038841e-06
       129 -6.609521e-06
       130  1.726409e-05
       131  5.373517e-06
       132  6.724933e-06
       133 -1.330633e-06
       134  2.644294e-05
       135  4.903477e-05
       136 -2.271728e-04
       137 -4.547262e-06
       138  8.219378e-06
       139  2.417919e-04
       140  1.419886e-04
       141  2.375057e-08
       142  1.144029e-04
       143  4.622612e-07
       144  3.026463e-06
       145  1.239922e-05
       146 -4.566269e-05
       147  7.066124e-06
       148 -2.118566e-04
       149 -2.077847e-04
       150  1.116505e-04
       151  1.712064e-04
       152 -3.590740e-09
       153  1.923153e-05
       154 -9.379546e-05
       155 -1.800113e-04
       156  1.547859e-05
       157  3.856539e-04
       158  5.917825e-04
       159 -1.357926e-04