       pos          info
         0 -5.739841e-05
         1  2.040022e-05
         2  3.390294e-05
         3  5.476827e-05
         4  3.089396e-04
         5  6.078896e-05
         6 -3.063867e-08
         7 -1.441803e-05
         8 -3.092246e-06
         9  5.296953e-05
        10  1.210042e-04
        11  1.286100e-04
        12 -2.293407e-06
        13 -2.578049e-06
        14  8.190008e-05
        15  6.489918e-05
        16  2.715575e-04
        17  3.977079e-04
        18  8.478275e-06
        19 -2.624861e-04
        20  8.081808e-05
        21 -2.006129e-04
        22 -1.274939e-04
        23 -4.241788e-04
        24  7.350941e-05
        25 -1.601079e-06
        26  3.865087e-05
        27  7.428977e-06
        28  2.637322e-04
        29 -5.626624e-06
        30  3.477442e-04
        31  1.517432e-06
        32 -1.874143e-05
        33  6.937446e-06
        34 -1.752578e-09
        35  1.928604e-06
        36  2.122236e-04
        37  2.039009e-06
        38  1.438567e-04
        39 -1.291658e-04
        40  5.911901e-05
        41  1.488335e-05
        42  3.258513e-04
        43 -2.185206e-04
        44 -1.039923e-06
        45 -6.414404e-05
        46 -6.097644e-05
        47 -1.612334e-05
        48 -1.502629e-04
        49  9.611707e-05
        50 -2.891971e-04
        51 -9.634280e-04
        52 -3.162353e-04
        53 -1.566523e-04
        54 -2.985729e-05
        55  2.494420e-04
        56  4.289828e-04
        57  1.261420e-06
        58 -6.672391e-05
        59  7.812690e-05
        60  4.052507e-05
        61 -4.251034e-04
        62  7.302970e-05
        63 -2.599327e-04
        64  1.846324e-06
        65  1.195542e-04
        66  2.825619e-04
        67  1.301807e-05
        68  2.009400e-04
        69 -5.589584e-05
        70  1.289504e-04
        71 -2.605935e-05
        72 -8.374578e-06
        73  4.321437e-05
        74  1.213846e-04
        75 -5.046232e-06
        76  9.543152e-06
        77  8.343841e-05
        78 -1.127431e-05
        79 -5.901776e-08
        80  2.889285e-05
        81  2.152823e-04
        82  5.528100e-04
        83  2.818029e-04
        84  2.920583e-04
        85  1.539105e-05
        86 -2.388137e-04
        87  2.348832e-04
        88 -1.919670e-05
        89 -2.777375e-04
        90 -2.959809e-05
        91  2.016413e-04
        92 -4.128575e-08
        93 -2.737140e-04
        94 -3.161292e-04
        95 -1.003608e-05
        96  7.131696e-05
        97  1.037997e-04
        98  3.367560e-06
        99 -1.971460e-06
       100 -1.823588e-04
       101 -2.401666e-06
       102 -1.756848e-05
       103  4.443559e-04
       104 -1.466623e-04
       105  9.561243e-05
       106 -3.887133e-06
       107 -1.266607e-03
       108  2.893204e-04
       109  7.465400e-05
       110  5.556574e-04
       111  2.586437e-07
       112  5.039072e-05
       113  3.959755e-06
       114  4.805930e-05
       115  5.519407e-05
       116 -9.018301e-05
       117  2.490341e-06
       118 -6.684167e-06
       119 -1.674757e-05
       120  2.811587e-05
       121  4.619580e-05
       122 -4.699573e-06
       123  4.596419e-05
       124  3.550705e-04
       125  5.837344e-05
       126 -1.198152e-05
       127 -2.416726e-04
       128 -3.926834e-05
       129  6.572984e-05
       130 -4.156107e-06
       131 -3.129180e-04
       132  1.319426e-04
       133  4.073770e-04
       134  2.586063e-08
       135 -9.951365e-05
       136 -6.120802e-04
       137  2.871545e-06
       138  1.490837e-05
       139 -6.771488e-04
       140 -1.991967e-05
       141  8.210414e-05
       142 -9.509107e-06
       143  1.528442e-05
       144 -2.398728e-05
       145 -1.426166e-09
       146 -2.185774e-04
       147  1.285598e-04
       148  8.999442e-06
       149  1.783491e-04
       150  2.511783e-05
       151 -1.693719e-04
       152 -1.311540e-04
       153  1.852310e-07
       154 -3.123911e-05
       155 -4.586203e-04
       156  2.344418e-05
       157  1.524928e-04
       158 -4.861236e-05
       159 -3.958440e-08