       pos          info
         0 -1.042524e-04
         1 -1.135836e-05
         2  6.520206e-07
         3  4.784564e-05
         4  4.938178e-04
         5  7.619339e-05
         6 -2.309330e-06
         7 -8.312184e-06
         8 -7.335321e-07
         9  1.741958e-04
        10  1.517058e-04
        11  1.109032e-04
        12  1.686367e-05
        13 -1.304591e-06
        14  8.962225e-05
        15  1.280487e-04
        16  5.290766e-05
        17  6.042637e-04
        18  3.734641e-05
        19 -4.587661e-04
        20  9.751861e-06
        21 -1.861749e-04
        22 -1.787609e-06
        23 -4.936438e-04
        24  2.780872e-05
        25  5.886199e-06
        26  1.764954e-05
        27  1.539873e-04
        28  2.326396e-04
        29  6.935571e-06
        30  4.996879e-05
        31  2.260759e-05
        32  8.985510e-07
        33 -3.320494e-08
        34  4.363652e-05
        35 -2.091606e-06
        36  2.704407e-04
        37 -8.985394e-07
        38  1.144474e-04
        39 -1.092436e-05
        40 -2.195134e-07
        41  1.126574e-04
        42  3.387197e-04
        43 -4.351143e-04
        44  8.097684e-06
        45 -1.769025e-06
        46 -3.427652e-05
        47 -8.896443e-06
        48 -9.982987e-05
        49  6.324500e-05
        50 -3.167539e-04
        51 -9.085470e-04
        52 -4.771420e-05
        53 -1.462661e-04
        54 -2.431476e-04
        55  8.873758e-05
        56  3.058151e-04
        57  1.849159e-05
        58 -1.611294e-05
        59  1.643689e-05
        60  8.452393e-05
        61 -1.641054e-04
        62  7.273063e-05
        63 -3.042173e-04
        64  1.806129e-05
        65  5.079769e-05
        66  1.682766e-04
        67  3.214482e-05
        68  2.541744e-04
        69 -3.226521e-05
        70  3.171684e-04
        71 -3.315312e-07
        72  2.286130e-05
        73  6.127544e-05
        74  3.640261e-04
        75 -2.896625e-05
        76  1.006144e-05
        77  1.234908e-04
        78 -5.556369e-06
        79  1.004780e-05
        80  9.190867e-06
        81  1.375363e-04
        82  4.287146e-04
        83  2.558339e-04
        84  2.806955e-04
        85 -1.078806e-05
        86 -3.860993e-04
        87  2.337505e-04
        88 -5.137411e-05
        89 -1.150467e-04
        90 -3.683134e-05
        91  1.016583e-04
        92  2.343341e-06
        93 -2.768498e-04
        94 -1.778849e-04
        95 -5.840463e-06
        96  1.752916e-05
        97  2.046838e-04
        98 -4.468910e-06
        99 -1.993209e-06
       100 -7.677824e-05
       101 -1.635078e-06
       102 -6.045159e-05
       103  5.149250e-04
       104 -8.807609e-05
       105  4.810500e-05
       106 -1.607212e-06
       107 -9.820885e-04
       108  3.357185e-06
       109  6.691996e-05
       110  5.761480e-04
       111 -8.047865e-07
       112  4.389192e-05
       113  2.011211e-05
       114  2.024402e-05
       115  3.807592e-05
       116 -1.865409e-04
       117  2.276803e-08
       118 -9.629888e-05
       119 -1.255712e-04
       120 -7.778342e-06
       121  1.289311e-04
       122 -6.258947e-05
       123  5.809548e-06
       124  3.857056e-04
       125  1.250224e-04
       126 -8.419527e-06
       127 -3.062596e-04
       128 -7.265520e-05
       129  2.088253e-05
       130  2.385723e-05
       131 -4.143824e-04
       132  1.964313e-04
       133  2.353590e-04
       134  1.080492e-05
       135 -7.103054e-06
       136 -9.737654e-04
       137  2.530888e-05
       138  1.044930e-05
       139 -8.127331e-04
       140  2.273418e-05
       141  1.047825e-04
       142 -1.059162e-05
       143 -1.715383e-06
       144 -4.025925e-05
       145 -3.944095e-05
       146 -2.408857e-04
       147  2.746314e-04
       148  1.258814e-07
       149  3.305694e-05
       150  6.713219e-05
       151 -2.162998e-04
       152 -1.300803e-04
       153 -1.163965e-05
       154 -8.028586e-05
       155 -2.898975e-04
       156 -2.186496e-05
       157 -3.065688e-07
       158 -1.105283e-04
       159  1.547304e-06