       pos          info
         0 -1.191111e-04
         1 -3.150515e-04
         2 -1.816092e-05
         3 -5.950032e-06
         4 -4.965888e-05
         5 -4.608796e-05
         6 -6.644094e-05
         7  3.863979e-05
         8  4.749204e-05
         9 -2.947869e-08
        10 -3.790719e-05
        11 -6.918046e-04
        12  4.631483e-04
        13 -3.848175e-04
        14 -1.228660e-05
        15  1.956980e-04
        16  4.066190e-05
        17 -2.283082e-04
        18  2.796025e-04
        19 -4.948213e-05
        20  5.040452e-05
        21 -2.304039e-05
        22  9.351209e-06
        23 -2.314026e-04
        24  1.159578e-04
        25  3.593866e-05
        26  1.971747e-05
        27  5.342995e-05
        28 -7.423908e-05
        29 -5.328412e-05
        30  2.635041e-05
        31  3.092984e-04
        32  8.095969e-05
        33 -2.613771e-05
        34  1.528613e-04
        35  9.852943e-06
        36  6.705583e-05
        37  6.466473e-05
        38  8.048207e-05
        39 -4.116768e-05
        40  1.325090e-04
        41 -3.931142e-05
        42 -1.916542e-05
        43 -8.811051e-06
        44  3.973514e-06
        45 -1.299110e-05
        46 -1.151374e-04
        47  3.605429e-04
        48  4.603791e-05
        49 -2.074477e-05
        50  1.969640e-04
        51 -9.268920e-05
        52  2.309163e-04
        53 -1.860381e-06
        54  5.897901e-05
        55  1.794062e-05
        56  1.589559e-05
        57 -6.693535e-05
        58 -4.207665e-04
        59  1.080860e-05
        60  2.991320e-05
        61 -1.529478e-04
        62  1.129975e-04
        63  6.611963e-04
        64 -4.529752e-05
        65 -1.038868e-05
        66 -1.320657e-05
        67  4.895488e-05
        68  2.580202e-04
        69 -2.833859e-05
        70 -2.084985e-04
        71  8.121522e-06
        72 -9.091352e-07
        73  1.258530e-04
        74 -2.150551e-04
        75  7.031309e-05
        76  1.203683e-06
        77  1.136263e-04
        78 -5.845459e-05
        79 -5.476797e-05
        80  7.205386e-04
        81  1.143026e-03
        82  4.185794e-05
        83  2.470510e-04
        84  8.487866e-05
        85 -1.529456e-04
        86 -9.770411e-05
        87  4.934153e-05
        88 -3.816152e-06
        89  1.020751e-08
        90  5.329093e-06
        91 -4.806278e-06
        92  4.547794e-04
        93  1.027930e-05
        94  1.319135e-04
        95 -2.165741e-04
        96 -4.642281e-05
        97  1.841674e-04
        98  4.980087e-05
        99 -2.511680e-04
       100 -6.339817e-04
       101  2.534070e-04
       102  3.598942e-05
       103 -1.537362e-04
       104  9.043016e-04
       105  9.921362e-04
       106 -1.344557e-04
       107  1.405976e-04
       108  2.819629e-04
       109  6.150039e-06
       110 -2.511299e-05
       111  8.415916e-05
       112  5.843565e-05
       113  3.727342e-05
       114  1.710562e-05
       115  1.501513e-04
       116  7.734758e-10
       117 -1.038992e-03
       118  1.294236e-04
       119  3.177559e-04
       120 -5.544739e-05
       121 -3.254562e-06
       122 -4.773321e-06
       123  5.682431e-06
       124 -3.440983e-05
       125 -1.581087e-07
       126  4.958361e-05
       127 -1.991903e-07
       128  9.109465e-05
       129  2.041248e-04
       130  8.495442e-05
       131  9.179942e-05
       132  9.106289e-05
       133  2.167228e-05
       134 -8.288425e-06
       135 -1.051975e-05
       136 -2.233366e-06
       137  1.723685e-04
       138  5.205376e-04
       139 -6.152131e-07
       140  6.401939e-05
       141 -2.809471e-04
       142  6.154563e-05
       143 -6.513735e-05
       144 -5.205695e-05
       145 -5.307484e-04
       146 -7.774341e-06
       147 -1.795120e-05
       148  6.984932e-06
       149 -9.449735e-06
       150  3.648948e-06
       151 -1.131966e-05
       152  4.674872e-10
       153  4.631643e-05
       154 -5.896044e-06
       155 -3.072865e-05
       156 -1.816088e-07
       157  1.111937e-04
       158  3.702043e-04
       159  2.056345e-04