       pos          info
         0  1.144750e-04
         1 -1.332032e-08
         2  4.569889e-05
         3 -2.716155e-05
         4  2.737716e-04
         5  9.383743e-06
         6 -9.377048e-06
         7  2.120990e-07
         8 -5.702560e-06
         9  8.077694e-05
        10 -1.804526e-04
        11  1.376174e-04
        12 -4.508224e-05
        13  3.748902e-05
        14  3.233470e-05
        15  6.036765e-04
        16 -9.927633e-08
        17  2.307230e-05
        18  2.423343e-05
        19 -1.716799e-05
        20  2.127410e-04
        21 -5.062471e-06
        22  2.650536e-05
        23  4.276395e-05
        24  5.218289e-06
        25 -1.540478e-04
        26 -8.741347e-05
        27  2.496918e-04
        28 -2.356329e-04
        29 -1.442963e-05
        30  1.310384e-05
        31 -1.526228e-04
        32  1.708920e-05
        33  2.837927e-04
        34 -3.598175e-04
        35  1.247241e-04
        36 -4.441069e-06
        37  9.363142e-06
        38  8.752677e-05
        39 -1.413725e-04
        40  2.569591e-04
        41  2.645811e-04
        42  9.492852e-05
        43  1.683350e-04
        44  2.022948e-04
        45  1.581160e-04
        46 -1.698266e-05
        47  3.076597e-07
        48 -1.142945e-08
        49 -6.370854e-06
        50 -9.614828e-07
        51 -1.681209e-04
        52  1.492055e-05
        53 -2.794971e-05
        54  6.759702e-08
        55 -1.110742e-05
        56  1.769415e-06
        57 -1.905698e-05
        58  4.657043e-05
        59 -5.596854e-05
        60  1.134435e-04
        61  1.706371e-04
        62  4.741293e-05
        63  1.758473e-05
        64  1.615719e-04
        65  5.370583e-05
        66  1.778544e-05
        67  9.825713e-05
        68  5.113326e-07
        69  7.792361e-05
        70 -1.551466e-04
        71  7.567135e-06
        72 -5.228994e-06
        73  2.739205e-08
        74 -2.836904e-05
        75 -2.344632e-05
        76  1.152899e-05
        77  9.063010e-04
        78  2.300809e-05
        79  2.127030e-04
        80  5.971211e-04
        81  1.528382e-05
        82  3.235655e-04
        83  2.814788e-04
        84 -9.776569e-06
        85  6.073345e-05
        86  8.199810e-05
        87  2.009456e-04
        88  1.290130e-04
        89 -1.236154e-07
        90  3.952721e-07
        91 -6.847821e-06
        92  3.082933e-05
        93 -3.794071e-05
        94 -5.792732e-04
        95  8.361833e-05
        96 -4.179428e-05
        97  3.698928e-05
        98  2.654631e-04
        99  8.366418e-06
       100  3.189840e-05
       101 -6.136124e-05
       102 -8.427025e-05
       103  8.004696e-06
       104  3.111968e-05
       105 -3.442930e-05
       106  1.158984e-05
       107 -1.232705e-04
       108  1.226229e-05
       109  4.251427e-05
       110  1.118805e-04
       111 -2.965959e-05
       112 -1.327256e-04
       113  1.589659e-04
       114 -4.923358e-04
       115 -5.312554e-06
       116  3.593554e-05
       117 -7.644938e-05
       118  3.136844e-04
       119  5.985813e-04
       120  1.170615e-03
       121  4.502283e-04
       122  1.495872e-03
       123  2.286020e-04
       124  7.189283e-06
       125 -1.695273e-04
       126 -3.788685e-04
       127 -5.682624e-05
       128  1.492924e-05
       129  4.947513e-05
       130 -1.178232e-05
       131 -1.356206e-04
       132  1.193783e-04
       133  1.058858e-05
       134 -4.822486e-05
       135 -6.919824e-05
       136  1.139804e-04
       137 -2.980098e-04
       138 -2.258093e-05
       139  1.023632e-04
       140  6.063585e-04
       141  3.867214e-04
       142 -2.212596e-04
       143 -1.115408e-02
       144  2.727057e-04
       145  9.468832e-04
       146  4.955284e-04
       147  7.219756e-04
       148  1.460766e-03
       149 -2.485431e-04
       150 -4.426240e-04
       151 -3.620104e-05
       152 -8.415873e-05
       153 -2.231941e-04
       154 -3.632939e-07
       155  3.732198e-05
       156 -3.577225e-05
       157  9.622578e-06
       158 -1.417447e-05
       159  3.417050e-05