       pos          info
         0  2.140584e-04
         1  2.496560e-05
         2  8.008649e-05
         3 -1.774213e-06
         4  5.957603e-04
         5  1.328084e-05
         6  7.656893e-06
         7 -1.466120e-04
         8 -6.846474e-05
         9  3.254131e-04
        10 -1.763505e-06
        11 -1.988200e-05
        12 -3.518530e-05
        13  3.055104e-04
        14  2.399074e-05
        15  4.099767e-04
        16 -8.165884e-07
        17  1.660579e-04
        18  8.142423e-06
        19  4.523930e-05
        20  1.795321e-04
        21 -2.393132e-06
        22  1.947905e-05
        23  1.312095e-06
        24 -9.080319e-06
        25 -4.873658e-05
        26  4.058559e-06
        27  2.874556e-04
        28 -8.404039e-05
        29  1.161923e-04
        30  2.647834e-07
        31 -1.214254e-04
        32  1.558483e-04
        33 -2.038065e-07
        34 -2.734228e-04
        35  1.141131e-04
        36 -1.226834e-04
        37  1.300886e-05
        38  3.017945e-06
        39 -1.654655e-04
        40  2.553679e-04
        41  2.942409e-08
        42  6.099070e-04
        43  3.956993e-04
        44  1.123132e-04
        45 -3.987284e-05
        46 -7.888353e-07
        47 -4.196779e-06
        48  9.796283e-06
        49 -4.488615e-05
        50 -4.813222e-06
        51 -2.746188e-05
        52  1.786470e-04
        53 -8.379096e-05
        54 -1.873848e-04
        55 -1.699730e-06
        56  1.560067e-04
        57  2.824791e-05
        58  1.759318e-05
        59  6.641674e-08
        60  1.420198e-05
        61  1.653047e-04
        62  5.241506e-05
        63 -2.220726e-07
        64  1.703809e-04
        65  2.417916e-06
        66  1.023788e-04
        67  9.264316e-05
        68 -1.645892e-04
        69 -2.613454e-04
        70  9.104719e-05
        71 -7.160839e-05
        72 -1.345916e-04
        73 -5.221520e-05
        74 -8.099816e-07
        75 -2.391620e-05
        76  1.554990e-05
        77  2.746099e-04
        78  2.026292e-04
        79 -6.816272e-07
        80  8.483621e-04
        81 -2.263891e-05
        82 -1.379762e-06
        83  1.444837e-06
        84  2.948721e-05
        85  3.751311e-05
        86 -3.873125e-05
        87  2.911770e-04
        88  9.384655e-04
        89  1.901669e-04
        90  8.876684e-06
        91  1.197772e-05
        92  3.093434e-05
        93 -1.851910e-05
        94 -1.709269e-05
        95 -4.613160e-05
        96  6.913546e-06
        97 -2.349661e-04
        98  2.344132e-05
        99  8.315989e-05
       100 -3.879986e-05
       101  4.910672e-05
       102  2.027985e-05
       103 -4.100854e-06
       104  1.680045e-05
       105 -1.492908e-04
       106  5.248618e-06
       107 -1.373053e-04
       108 -9.761353e-06
       109 -3.326197e-06
       110  9.540521e-05
       111 -5.821202e-05
       112 -5.497885e-04
       113  7.328840e-05
       114 -3.102452e-05
       115  1.100117e-04
       116 -1.139585e-04
       117 -1.479100e-04
       118  6.474157e-05
       119  3.861396e-04
       120  1.220176e-03
       121  7.192806e-04
       122  8.342654e-04
       123  1.217199e-05
       124  7.638726e-05
       125 -2.902720e-04
       126 -1.754811e-04
       127  5.307330e-05
       128  6.690764e-06
       129  2.891729e-05
       130 -7.982750e-05
       131 -1.101546e-04
       132  1.060122e-04
       133  1.862258e-07
       134 -8.872039e-05
       135 -4.485740e-05
       136  2.591915e-05
       137 -4.072721e-04
       138 -2.646653e-04
       139 -5.394902e-07
       140  8.332391e-04
       141  3.034587e-04
       142 -1.831478e-04
       143 -1.050577e-02
       144  4.990563e-04
       145  6.373109e-04
       146  5.446092e-04
       147  4.808256e-04
       148  6.947639e-04
       149 -1.759573e-05
       150 -2.830745e-04
       151 -4.904466e-05
       152 -3.207747e-05
       153 -4.023116e-04
       154  3.322120e-05
       155  4.566152e-05
       156 -1.236030e-04
       157  3.857254e-05
       158 -1.981185e-04
       159  1.103565e-06