       pos          info
         0 -2.494210e-06
         1 -1.655349e-09
         2 -1.733086e-05
         3 -1.922816e-04
         4  5.950025e-04
         5  6.732549e-05
         6  1.041294e-04
         7 -1.001692e-05
         8  7.506928e-05
         9  2.692791e-04
        10 -1.128039e-07
        11  5.516808e-07
        12 -4.432181e-04
        13  4.184205e-04
        14  5.085174e-05
        15  2.014452e-04
        16  8.487663e-05
        17  2.599313e-05
        18  8.725376e-06
        19  1.215514e-04
        20  2.226992e-04
        21  1.444546e-05
        22  1.196274e-04
        23  2.342769e-07
        24  4.324398e-05
        25 -1.936603e-04
        26  9.080143e-05
        27  9.542583e-05
        28 -5.908354e-06
        29  4.576224e-05
        30  8.643036e-05
        31 -1.424265e-05
        32  1.781975e-04
        33  2.504876e-05
        34 -5.492983e-04
        35  5.200780e-04
        36 -3.086315e-04
        37  1.173420e-05
        38  2.681477e-07
        39  5.051939e-06
        40  7.960469e-04
        41  4.178793e-04
        42  1.662816e-05
        43  4.090121e-05
        44  3.824903e-04
        45  7.644185e-05
        46 -1.002589e-05
        47 -2.555960e-05
        48 -1.107847e-05
        49  1.954676e-05
        50 -9.081459e-07
        51 -8.729725e-06
        52 -9.645208e-06
        53  2.361846e-05
        54 -7.511049e-05
        55  1.034267e-07
        56  1.028966e-04
        57  4.664862e-05
        58  1.524564e-05
        59 -1.469516e-05
        60  3.376516e-04
        61  3.211970e-04
        62  4.669725e-06
        63  1.389301e-04
        64  8.920614e-05
        65  1.001812e-04
        66  5.497651e-05
        67  7.634464e-04
        68  4.097730e-06
        69  2.667183e-06
        70  1.703289e-06
        71  4.602085e-05
        72 -1.163062e-04
        73 -3.257196e-06
        74  3.677159e-04
        75  1.441191e-05
        76 -1.397190e-05
        77  5.469936e-06
        78 -2.866733e-05
        79  6.509586e-04
        80  3.230150e-04
        81  2.456655e-05
        82 -2.274903e-04
        83  4.124816e-04
        84  7.199528e-05
        85  5.950534e-05
        86 -1.895129e-04
        87  1.168623e-04
        88  7.570812e-05
        89  5.821517e-05
        90 -3.222142e-07
        91  1.923012e-06
        92  1.329760e-05
        93 -1.076931e-05
        94  2.746312e-05
        95  2.702576e-06
        96 -4.682584e-07
        97 -7.920450e-05
        98  5.486136e-04
        99 -5.044156e-06
       100 -7.043333e-05
       101 -7.413748e-07
       102  2.467328e-05
       103 -6.260594e-05
       104  4.186432e-05
       105 -9.564484e-05
       106  1.256143e-04
       107 -2.936476e-04
       108 -1.643433e-04
       109  4.971892e-07
       110  1.329590e-04
       111 -1.654677e-04
       112 -2.747208e-04
       113  2.411269e-04
       114 -4.629659e-04
       115  3.325256e-06
       116 -2.732829e-04
       117 -2.213126e-04
       118  2.906233e-04
       119  1.731397e-05
       120  1.740443e-03
       121  4.712274e-04
       122  1.376920e-03
       123  1.531489e-04
       124  1.464236e-06
       125 -1.020909e-04
       126 -1.650690e-04
       127 -1.843804e-05
       128 -7.822374e-07
       129  1.336910e-04
       130 -4.029259e-04
       131  2.020357e-05
       132  9.179234e-05
       133  3.117549e-04
       134 -2.482595e-04
       135 -1.972720e-05
       136  5.988472e-06
       137 -2.109619e-05
       138 -5.641531e-04
       139  1.115108e-07
       140  8.456793e-04
       141  7.283648e-05
       142 -8.050047e-05
       143 -8.961277e-03
       144  5.875694e-04
       145  9.968098e-04
       146  3.612687e-04
       147  1.039576e-03
       148  7.596401e-04
       149 -7.917315e-05
       150 -3.540924e-04
       151 -1.026061e-04
       152  5.077916e-08
       153 -3.282637e-04
       154 -3.041378e-05
       155 -2.558661e-05
       156  1.484916e-06
       157  2.852880e-04
       158  4.441194e-05
       159 -9.018682e-06