       pos          info
         0  6.329465e-05
         1  4.124254e-04
         2  1.326263e-04
         3  2.566649e-08
         4 -1.690683e-05
         5 -2.536414e-06
         6  6.030231e-05
         7 -6.957013e-04
         8 -8.275276e-05
         9  1.162215e-05
        10  5.148201e-06
        11 -3.331843e-05
        12  2.664288e-04
        13 -5.036576e-05
        14  3.372826e-05
        15  3.553422e-06
        16  2.190789e-06
        17 -2.893029e-08
        18 -1.149457e-04
        19  2.324974e-04
        20 -9.478106e-06
        21 -1.043054e-04
        22 -1.580794e-04
        23  8.978341e-05
        24  6.409329e-05
        25 -2.741881e-06
        26 -3.336596e-05
        27  1.751451e-07
        28 -2.841144e-05
        29 -2.922480e-05
        30 -1.168265e-05
        31  7.319623e-05
        32 -3.389352e-06
        33 -8.728220e-05
        34  7.469961e-05
        35 -3.905896e-05
        36  9.312223e-05
        37 -9.339895e-05
        38  1.620999e-05
        39  4.560990e-05
        40 -2.225344e-06
        41  1.207241e-04
        42  3.053222e-05
        43 -4.403392e-05
        44 -1.720615e-04
        45  2.351455e-05
        46 -8.443477e-07
        47  1.715276e-05
        48  5.117091e-04
        49  9.657151e-05
        50  1.259411e-04
        51  1.980748e-04
        52  2.305026e-05
        53 -2.320270e-04
        54  8.273378e-05
        55  9.286101e-06
        56  3.397937e-06
        57  1.665183e-04
        58  1.719385e-05
        59 -6.156954e-06
        60 -2.242656e-05
        61  2.280568e-04
        62  2.228065e-04
        63 -4.928316e-08
        64  6.935763e-07
        65  2.672844e-06
        66 -1.466574e-04
        67  1.295786e-04
        68  3.783520e-05
        69  1.021412e-04
        70 -1.319929e-05
        71  2.743267e-05
        72 -1.425587e-04
        73  1.691064e-04
        74  3.189135e-04
        75  1.634932e-04
        76  4.055920e-06
        77  1.087617e-04
        78 -6.029371e-04
        79 -1.296069e-05
        80 -4.298010e-04
        81  1.518671e-05
        82 -3.415428e-04
        83  8.526440e-06
        84  6.783040e-05
        85 -2.949256e-07
        86  6.347284e-06
        87 -8.605996e-05
        88  3.661618e-04
        89 -7.584346e-06
        90 -3.227053e-09
        91 -3.444196e-04
        92 -1.364936e-03
        93  1.434388e-03
        94  5.892260e-04
        95  1.084136e-04
        96  2.262430e-05
        97  8.285972e-05
        98 -9.743394e-05
        99 -1.221848e-06
       100 -1.263028e-05
       101  3.326791e-05
       102 -2.505250e-06
       103  3.366756e-04
       104 -5.702856e-04
       105 -8.538737e-06
       106 -4.869503e-04
       107 -1.518756e-05
       108  5.083500e-04
       109 -1.079310e-05
       110 -2.100676e-04
       111  2.526592e-04
       112 -6.506245e-05
       113 -2.976721e-04
       114 -1.117775e-04
       115 -2.140715e-05
       116 -3.592111e-03
       117  1.089625e-03
       118  1.194193e-05
       119  4.729158e-04
       120 -1.413712e-03
       121  7.842753e-04
       122 -2.097324e-07
       123 -3.035931e-04
       124 -7.142569e-04
       125  3.788535e-04
       126  8.517190e-07
       127 -1.527919e-04
       128  6.056798e-04
       129  5.665647e-04
       130 -1.271236e-03
       131  1.476227e-04
       132  1.802316e-04
       133  7.734886e-04
       134  6.796019e-04
       135 -6.832489e-06
       136 -2.243198e-04
       137  4.708681e-05
       138  8.683633e-04
       139  4.123764e-05
       140 -6.235188e-06
       141  1.421769e-04
       142 -2.307964e-05
       143  2.804779e-04
       144  1.396669e-04
       145  2.848913e-04
       146 -1.127734e-06
       147  5.559876e-07
       148 -2.626478e-04
       149  2.469136e-04
       150 -1.704976e-06
       151 -4.434014e-04
       152 -1.192892e-04
       153  8.885075e-05
       154  2.540187e-04
       155 -5.801191e-05
       156  1.492902e-06
       157  9.701064e-05
       158  1.434407e-04
       159 -3.211657e-04