       pos          info
         0  5.051747e-06
         1  6.503332e-05
         2  5.021311e-04
         3 -4.481221e-06
         4  1.544491e-05
         5 -2.477548e-07
         6  4.284006e-08
         7 -4.482862e-04
         8 -9.724387e-05
         9  5.187286e-05
        10  2.880740e-05
        11  4.823574e-05
        12  1.681096e-04
        13 -2.090480e-04
        14  4.203725e-05
        15  6.254580e-05
        16 -1.282329e-05
        17 -9.881368e-06
        18 -1.729471e-04
        19  4.154568e-04
        20 -6.882075e-06
        21 -2.022806e-04
        22 -4.412965e-05
        23  2.637510e-07
        24 -6.188373e-07
        25  1.624825e-04
        26 -4.861678e-05
        27  8.211616e-05
        28  6.687353e-05
        29  6.983873e-05
        30 -1.202174e-04
        31  7.958485e-05
        32  9.531107e-05
        33 -1.033692e-04
        34  9.965850e-06
        35  2.468356e-07
        36  1.380965e-04
        37  6.584474e-07
        38  7.995640e-08
        39  2.612068e-05
        40 -4.674502e-05
        41  1.533383e-04
        42 -1.202795e-07
        43 -2.786006e-05
        44 -2.784118e-04
        45 -2.238995e-06
        46  1.468074e-04
        47  1.399097e-04
        48  8.313223e-04
        49  2.888810e-05
        50 -2.548419e-06
        51  1.839108e-04
        52  2.825801e-05
        53 -9.101717e-05
        54  3.811540e-04
        55  1.455889e-04
        56 -1.382360e-05
        57  3.885057e-05
        58  1.814718e-05
        59 -1.293857e-04
        60 -1.716676e-04
        61  1.906659e-04
        62  3.382756e-05
        63  3.992596e-05
        64 -4.384875e-05
        65 -7.672029e-05
        66 -1.068409e-04
        67  1.876437e-06
        68  9.076500e-05
        69  2.996741e-04
        70  6.715380e-06
        71 -5.037282e-06
        72 -9.064932e-06
        73  2.655643e-04
        74  1.941803e-04
        75  7.024379e-04
        76 -3.236752e-06
        77  2.861419e-04
        78 -2.024586e-04
        79 -4.646781e-06
        80 -4.592581e-04
        81  2.897696e-05
        82 -4.043497e-04
        83  2.599663e-04
        84 -9.731102e-06
        85  8.183847e-06
        86 -2.527327e-06
        87 -5.140550e-05
        88  1.131222e-03
        89 -3.422344e-05
        90  3.259859e-05
        91 -1.116782e-04
        92 -8.126832e-04
        93  1.598396e-03
        94  3.034245e-04
        95  3.720647e-04
        96  3.631669e-05
        97  2.473824e-04
        98 -7.176042e-05
        99  3.559386e-05
       100 -4.615505e-05
       101  4.236972e-06
       102 -3.838816e-06
       103  5.368397e-04
       104 -2.841554e-04
       105  8.952879e-06
       106 -3.131236e-04
       107 -3.262424e-04
       108  4.202893e-04
       109 -1.962503e-06
       110 -1.346024e-04
       111  3.338374e-06
       112 -1.104714e-07
       113 -6.311730e-04
       114  5.773952e-07
       115 -1.146063e-04
       116 -3.717072e-03
       117  1.499631e-03
       118  3.706780e-05
       119  6.976791e-04
       120 -1.250028e-03
       121  5.798177e-04
       122 -1.261527e-05
       123 -8.710787e-05
       124 -5.506152e-04
       125  2.770340e-04
       126  6.716216e-05
       127 -3.869325e-04
       128  1.261034e-04
       129  1.150567e-04
       130 -3.386239e-04
       131 -5.086683e-06
       132 -5.374478e-06
       133  1.558564e-04
       134  8.318482e-05
       135 -4.292471e-08
       136  1.043782e-04
       137 -5.876879e-05
       138  2.531614e-04
       139  3.021177e-06
       140  3.959984e-06
       141  3.973041e-05
       142 -6.166665e-06
       143  2.425752e-04
       144  6.015203e-05
       145  2.301861e-04
       146  1.006465e-06
       147  6.470318e-07
       148 -2.021134e-04
       149  3.972240e-05
       150  1.965452e-07
       151 -2.970195e-06
       152 -3.124755e-04
       153  9.240869e-05
       154  1.690402e-04
       155  4.619110e-06
       156  8.093159e-05
       157  1.936063e-05
       158  1.110209e-04
       159 -3.608756e-04