       pos          info
         0 -2.703487e-04
         1 -8.744792e-05
         2 -7.260016e-06
         3  2.662446e-05
         4  3.945473e-05
         5 -1.038263e-05
         6 -6.708445e-05
         7 -1.032050e-04
         8  1.692538e-05
         9  2.617514e-05
        10  2.437591e-04
        11 -1.927336e-05
        12 -2.613968e-04
        13 -1.010718e-06
        14  6.403313e-06
        15  2.569495e-06
        16  1.260389e-05
        17  1.412577e-06
        18  3.280791e-08
        19  4.796841e-06
        20 -1.085823e-04
        21  4.750435e-05
        22 -6.305709e-05
        23  5.845144e-08
        24 -2.191192e-04
        25 -1.798914e-04
        26  7.457046e-05
        27  8.661973e-05
        28  3.171793e-05
        29 -5.684206e-05
        30  2.954661e-04
        31 -7.298193e-05
        32 -1.484435e-05
        33 -4.429420e-06
        34 -2.703904e-05
        35  9.305840e-06
        36 -3.003422e-05
        37  2.206730e-05
        38  3.095818e-06
        39  4.141420e-05
        40  3.091750e-05
        41 -2.371762e-05
        42 -2.000598e-05
        43 -5.255218e-05
        44 -1.435728e-06
        45 -2.747064e-05
        46 -2.693272e-05
        47  6.485875e-05
        48  1.049191e-05
        49  2.248774e-10
        50 -2.747616e-06
        51  4.797069e-04
        52 -7.536829e-05
        53  3.258789e-05
        54  3.793504e-05
        55 -2.673059e-04
        56  2.732476e-04
        57  2.815362e-05
        58 -1.285817e-04
        59 -2.149800e-04
        60 -9.210986e-05
        61  1.954959e-04
        62 -6.578515e-05
        63 -4.984067e-05
        64 -9.649541e-05
        65 -1.272552e-05
        66  1.776397e-04
        67 -3.789338e-06
        68  3.043480e-05
        69  3.751520e-04
        70  2.451563e-07
        71 -9.513970e-06
        72  1.519352e-05
        73  3.160826e-08
        74  2.923232e-04
        75 -4.734819e-06
        76  7.216746e-05
        77 -3.678297e-06
        78  1.322802e-05
        79  6.713580e-06
        80 -1.393068e-04
        81  5.458314e-08
        82 -6.424770e-05
        83 -5.827597e-05
        84 -2.586033e-04
        85  8.557261e-05
        86 -4.362902e-05
        87  3.965157e-06
        88 -7.884258e-05
        89  4.228812e-04
        90  1.798386e-06
        91 -3.408039e-05
        92  1.323216e-05
        93  4.128090e-08
        94 -1.636115e-06
        95  6.117911e-07
        96 -1.540405e-04
        97  1.402587e-04
        98  1.236306e-06
        99  3.189948e-05
       100 -1.940399e-04
       101 -5.260197e-05
       102  2.075778e-05
       103 -3.244372e-06
       104  7.932765e-05
       105  5.177858e-05
       106 -7.091594e-05
       107  2.284828e-03
       108 -1.570058e-04
       109  4.925089e-08
       110  1.010885e-03
       111 -3.808082e-06
       112 -1.232811e-04
       113 -1.675650e-05
       114  1.131105e-04
       115  6.939626e-07
       116  6.216748e-04
       117 -1.657808e-04
       118 -2.350944e-05
       119 -1.070121e-04
       120 -9.800313e-05
       121  1.677963e-04
       122 -1.128918e-04
       123  9.481439e-05
       124  6.294513e-04
       125 -2.487120e-04
       126  1.007462e-04
       127 -1.927315e-04
       128  1.545189e-09
       129 -3.077232e-04
       130 -1.588762e-04
       131 -5.064289e-06
       132  6.054513e-04
       133  4.254600e-04
       134 -1.374126e-05
       135 -4.120510e-05
       136 -3.481217e-05
       137  4.157412e-05
       138 -2.481575e-05
       139 -1.610300e-05
       140 -8.888899e-09
       141  8.299565e-05
       142  1.808765e-04
       143 -4.800006e-04
       144 -9.521430e-05
       145 -3.701649e-05
       146  6.565238e-05
       147 -4.634469e-05
       148  8.049687e-04
       149 -2.302219e-04
       150  1.956033e-04
       151 -2.388960e-04
       152 -2.991983e-06
       153 -6.149862e-08
       154  2.201383e-04
       155  7.959099e-04
       156  1.006017e-03
       157 -5.903033e-07
       158 -3.117285e-04
       159 -1.216568e-04