       pos          info
         0  4.717448e-05
         1  3.515017e-06
         2 -4.295518e-06
         3 -1.417197e-07
         4 -1.054212e-04
         5  2.747091e-07
         6  4.672248e-05
         7 -1.059192e-05
         8 -3.461363e-04
         9 -6.867466e-05
        10 -1.502451e-04
        11  2.138595e-06
        12 -2.940418e-04
        13  4.547055e-05
        14  4.384717e-05
        15 -1.280107e-04
        16  1.476397e-06
        17 -3.633156e-04
        18 -1.932277e-05
        19  3.002833e-05
        20  4.974592e-05
        21  2.547274e-05
        22  4.081575e-05
        23  4.743924e-04
        24  1.332073e-05
        25 -9.720154e-05
        26 -1.471515e-06
        27 -7.956766e-05
        28 -1.008841e-04
        29  1.278346e-04
        30  1.035298e-05
        31  2.521523e-04
        32 -3.016015e-05
        33  5.195274e-04
        34 -1.314249e-04
        35 -2.132829e-03
        36 -1.028805e-03
        37 -3.002385e-04
        38  1.339415e-05
        39 -6.621810e-08
        40  5.213796e-05
        41  6.140906e-07
        42  3.788490e-05
        43 -2.247596e-06
        44 -2.824918e-05
        45  3.083920e-05
        46  4.764730e-06
        47 -5.242266e-05
        48  5.520133e-06
        49  7.828278e-09
        50  4.259817e-04
        51 -4.288983e-06
        52  1.722993e-04
        53  4.235258e-04
        54  2.908991e-04
        55  1.254516e-04
        56  1.635841e-03
        57  1.599268e-03
        58 -7.953881e-07
        59 -3.496929e-05
        60  8.624652e-05
        61  1.421541e-04
        62  6.087812e-04
        63  4.946838e-05
        64  4.204199e-05
        65 -1.137436e-04
        66 -1.370837e-04
        67  4.703470e-05
        68  1.858823e-04
        69 -2.099491e-05
        70 -2.469060e-06
        71 -2.882249e-05
        72 -6.440843e-05
        73  4.918780e-04
        74 -1.614720e-06
        75  2.030363e-04
        76  5.967910e-05
        77 -1.545253e-05
        78  5.586864e-06
        79 -7.839249e-06
        80  3.736559e-04
        81 -7.728217e-04
        82  9.837497e-05
        83 -2.847929e-04
        84 -3.535459e-05
        85 -3.258243e-05
        86  2.663548e-06
        87 -5.140495e-06
        88  9.933516e-05
        89 -4.545818e-04
        90 -6.203298e-05
        91 -2.358817e-07
        92 -1.329659e-05
        93 -3.713201e-04
        94 -1.560575e-04
        95  1.792775e-04
        96  1.316911e-04
        97 -1.579347e-04
        98  6.819752e-05
        99  4.268401e-05
       100  3.049196e-04
       101 -2.454908e-03
       102  1.602658e-04
       103  2.779406e-04
       104  1.095334e-03
       105 -2.510818e-04
       106  1.358375e-03
       107  5.209252e-04
       108  6.287299e-04
       109 -1.787602e-06
       110  7.200093e-05
       111  2.544079e-05
       112 -3.668966e-05
       113 -1.177007e-03
       114  2.639163e-06
       115 -4.760125e-05
       116 -1.331721e-04
       117  6.852969e-06
       118 -3.074040e-04
       119 -1.917810e-04
       120 -1.003231e-03
       121  5.517080e-04
       122  1.764729e-03
       123  8.764553e-07
       124  2.918064e-05
       125  1.166740e-04
       126  1.804685e-06
       127 -3.709271e-04
       128 -1.224757e-03
       129 -3.256486e-05
       130 -8.811473e-05
       131  7.290517e-06
       132  7.031899e-05
       133 -1.155946e-05
       134  7.725402e-05
       135 -2.051762e-04
       136  1.711013e-05
       137  2.901598e-04
       138 -2.064115e-05
       139 -1.592620e-04
       140  2.926726e-04
       141  1.516806e-05
       142  4.750577e-04
       143 -9.056693e-05
       144 -1.013284e-04
       145 -2.503873e-04
       146  9.602423e-07
       147 -6.867820e-05
       148  3.282205e-05
       149  3.222409e-04
       150 -5.176292e-05
       151 -9.304125e-06
       152 -1.320411e-04
       153  7.777722e-04
       154 -1.052813e-04
       155 -6.194572e-05
       156  3.037914e-05
       157  9.895659e-05
       158 -2.459523e-04
       159  3.791946e-07