       pos          info
         0  8.193397e-05
         1 -3.911769e-04
         2 -8.499313e-05
         3  1.625906e-04
         4  4.441521e-05
         5  5.257765e-05
         6  2.930385e-05
         7  1.843386e-07
         8  3.649162e-06
         9 -9.745944e-05
        10 -1.665032e-04
        11  8.667989e-07
        12 -7.148581e-05
        13  9.034293e-05
        14  1.477882e-04
        15  4.654198e-04
        16 -1.720873e-04
        17  2.166768e-04
        18 -5.881592e-05
        19  2.260846e-05
        20  1.032695e-04
        21  3.230836e-05
        22 -9.986766e-05
        23  1.800272e-04
        24 -2.830365e-04
        25 -2.378224e-05
        26 -7.439872e-05
        27 -4.575496e-06
        28  1.735902e-05
        29 -1.973430e-04
        30  1.221169e-05
        31 -2.721436e-04
        32 -4.273693e-05
        33  3.167158e-04
        34 -1.434132e-06
        35 -3.082835e-04
        36 -6.431135e-05
        37  2.521776e-04
        38  1.604193e-04
        39  4.232120e-05
        40  1.724721e-05
        41  5.467033e-05
        42 -2.690128e-05
        43  1.986235e-05
        44 -3.400233e-04
        45 -3.511219e-04
        46 -1.106255e-05
        47  3.191832e-05
        48  1.422464e-05
        49  1.606390e-04
        50  1.749299e-05
        51 -6.611178e-05
        52 -2.060526e-04
        53 -2.314129e-04
        54  1.945561e-04
        55 -4.717005e-05
        56  4.293214e-05
        57  4.056499e-06
        58 -5.784485e-05
        59  1.559918e-05
        60  1.002131e-04
        61  1.649948e-07
        62  8.649606e-05
        63  1.918436e-06
        64  1.620632e-04
        65 -1.791485e-05
        66 -6.952277e-05
        67 -3.843732e-05
        68  3.651968e-05
        69 -1.107294e-05
        70 -1.523244e-12
        71  7.559016e-05
        72  1.077403e-04
        73 -4.564095e-08
        74 -2.925760e-04
        75 -1.026378e-04
        76  9.265060e-07
        77  4.019561e-06
        78  8.885995e-05
        79  2.428208e-03
        80 -2.018306e-03
        81  1.291164e-04
        82  6.190438e-04
        83 -2.683667e-04
        84  2.297862e-06
        85  6.007182e-04
        86  8.530497e-05
        87  1.819722e-04
        88  1.743516e-04
        89  2.189623e-04
        90  1.709938e-04
        91  7.645561e-06
        92  1.529025e-04
        93 -6.511102e-06
        94  1.560909e-05
        95 -8.159580e-05
        96 -5.134909e-05
        97  4.936972e-04
        98  2.154066e-04
        99 -1.455123e-03
       100  7.281648e-04
       101  1.571282e-04
       102  1.047421e-03
       103  1.257946e-04
       104 -7.268707e-04
       105  1.014007e-03
       106  7.018622e-04
       107 -2.140937e-03
       108  8.163398e-06
       109  8.797359e-05
       110 -6.145692e-07
       111  2.259856e-04
       112 -1.000321e-04
       113  2.438258e-06
       114 -1.583534e-04
       115  1.493395e-04
       116  2.861715e-05
       117  1.145284e-05
       118 -1.334066e-05
       119 -2.063166e-06
       120 -2.566612e-05
       121  4.192182e-06
       122  6.929150e-06
       123  6.787800e-05
       124 -2.265493e-05
       125  7.488026e-05
       126 -6.558407e-05
       127  1.396614e-04
       128  4.988541e-06
       129  1.192859e-04
       130  5.010789e-05
       131  3.512481e-06
       132  5.061613e-05
       133 -9.252328e-05
       134  2.779911e-04
       135 -2.801378e-05
       136 -5.092943e-06
       137  1.401513e-04
       138  1.097503e-03
       139 -6.169450e-07
       140 -1.387914e-03
       141  1.330310e-04
       142  3.124323e-06
       143  4.942846e-05
       144  1.359960e-04
       145  7.709475e-07
       146 -1.008380e-04
       147 -8.369175e-06
       148 -1.489863e-04
       149 -2.057851e-04
       150  3.425198e-06
       151  5.983211e-07
       152  6.258034e-05
       153  6.616595e-06
       154 -2.644971e-05
       155  6.361904e-06
       156 -2.407966e-04
       157  5.045863e-05
       158  7.690735e-06
       159  9.687967e-05