       pos          info
         0 -8.898394e-06
         1  1.997522e-05
         2  1.138193e-04
         3 -1.198638e-04
         4  5.400427e-05
         5 -1.087563e-05
         6 -1.253454e-04
         7  3.063255e-05
         8 -1.731267e-07
         9  9.517737e-06
        10  3.601590e-05
        11 -1.934678e-04
        12 -1.664556e-05
        13  3.199385e-06
        14  5.099107e-05
        15  7.747798e-05
        16 -3.491404e-05
        17  1.765137e-04
        18 -3.047132e-04
        19 -1.526650e-04
        20  1.049972e-05
        21 -3.715379e-04
        22 -3.646506e-05
        23 -3.924355e-04
        24  2.057091e-04
        25  3.566318e-06
        26 -1.103917e-03
        27  1.688707e-04
        28  2.451076e-05
        29  4.912379e-06
        30 -3.291331e-07
        31 -2.259114e-06
        32  4.196201e-05
        33 -1.136691e-04
        34 -1.687138e-05
        35  2.357333e-04
        36  8.201017e-07
        37 -3.018250e-04
        38 -1.385363e-04
        39  1.751287e-04
        40 -6.629817e-05
        41  1.820347e-05
        42  9.713524e-05
        43  1.889462e-05
        44  7.265200e-09
        45  3.219773e-05
        46  2.930077e-07
        47  2.221809e-05
        48 -4.529889e-05
        49  8.003769e-05
        50 -2.135328e-05
        51 -1.207912e-04
        52  1.666469e-05
        53  1.254319e-04
        54 -2.734322e-04
        55  1.103027e-04
        56  8.134952e-05
        57 -5.538973e-07
        58 -1.371859e-05
        59 -2.043035e-05
        60 -3.207868e-05
        61 -9.320707e-07
        62 -1.372704e-05
        63 -7.107716e-05
        64 -8.102533e-06
        65  8.116543e-05
        66  3.094940e-04
        67  3.839384e-04
        68 -1.470105e-05
        69 -1.314461e-04
        70 -1.596976e-04
        71  9.407556e-06
        72 -9.506532e-05
        73 -1.559324e-06
        74  1.909190e-04
        75 -1.148984e-06
        76 -1.005996e-04
        77 -9.236795e-05
        78 -3.622036e-04
        79 -9.905344e-06
        80 -9.758204e-04
        81  1.322607e-04
        82  1.262857e-04
        83 -1.629517e-05
        84  5.902193e-06
        85 -2.112816e-06
        86 -2.602011e-05
        87  1.119413e-05
        88  5.122885e-05
        89  3.118785e-05
        90 -8.571661e-05
        91 -7.782600e-06
        92  7.695069e-08
        93 -1.963896e-05
        94 -6.941547e-05
        95  8.876270e-06
        96 -1.489588e-07
        97 -4.842513e-04
        98  2.353828e-04
        99  1.287205e-04
       100  5.309375e-05
       101 -3.151375e-04
       102  6.797430e-04
       103  8.420322e-04
       104  1.432660e-03
       105  8.631419e-04
       106 -6.232813e-05
       107 -5.373404e-07
       108  5.949923e-04
       109  7.736837e-05
       110 -2.542447e-05
       111 -4.288302e-05
       112 -2.329134e-06
       113  1.022110e-04
       114  5.351206e-05
       115  7.742162e-05
       116  6.625850e-05
       117 -1.464487e-05
       118 -5.604693e-04
       119 -1.383731e-06
       120 -3.184110e-06
       121  2.964567e-05
       122  1.900263e-10
       123  8.259291e-05
       124 -8.910157e-05
       125 -8.802497e-05
       126  1.331229e-04
       127  8.678460e-05
       128 -4.997678e-05
       129  5.408260e-06
       130 -8.428503e-05
       131 -1.049361e-06
       132  5.858394e-05
       133  1.633472e-04
       134  1.749931e-05
       135  9.023902e-05
       136  1.285682e-04
       137 -2.810429e-04
       138  2.561723e-04
       139  1.711651e-04
       140 -3.951543e-09
       141  2.179361e-04
       142  4.330370e-06
       143  7.359111e-05
       144  3.197586e-06
       145 -9.877558e-05
       146  5.458050e-06
       147 -7.045692e-05
       148  4.468690e-04
       149 -5.488473e-06
       150  5.994571e-05
       151  6.211981e-05
       152  8.372584e-05
       153  8.159702e-06
       154 -6.789444e-05
       155 -7.391435e-05
       156  3.239542e-05
       157 -7.003879e-05
       158 -1.484274e-04
       159 -1.541218e-08