       pos          info
         0 -1.527731e-05
         1 -8.228996e-06
         2  1.341205e-06
         3 -1.577892e-04
         4 -1.972124e-04
         5  8.839388e-05
         6 -2.277664e-05
         7  2.932018e-06
         8  2.330997e-05
         9  6.663537e-07
        10  1.353695e-04
        11 -4.020717e-06
        12 -2.359870e-05
        13  7.603129e-05
        14 -1.897212e-05
        15 -4.069468e-05
        16 -5.704599e-05
        17  8.186990e-05
        18 -2.812355e-04
        19  1.040667e-06
        20  1.042707e-05
        21 -8.183600e-04
        22  1.414257e-05
        23 -1.842651e-04
        24 -7.851947e-06
        25  5.610853e-05
        26 -1.064968e-04
        27  3.210456e-05
        28  3.163952e-04
        29  3.502424e-05
        30  6.692353e-07
        31 -2.604443e-05
        32  1.371471e-05
        33 -1.423819e-05
        34  4.488600e-05
        35 -2.073513e-05
        36 -1.006864e-04
        37 -2.508529e-05
        38 -1.943759e-04
        39  6.006945e-04
        40 -1.029729e-05
        41  2.273302e-04
        42  6.299715e-05
        43  9.843107e-06
        44 -2.060832e-06
        45  1.007265e-04
        46 -8.004428e-05
        47  2.908712e-04
        48 -3.264380e-05
        49  8.652613e-05
        50  1.283449e-04
        51  2.042642e-04
        52  1.988518e-04
        53  2.068375e-05
        54 -3.094738e-06
        55 -8.789692e-05
        56  8.161105e-06
        57 -3.404410e-05
        58  7.128936e-06
        59  1.537864e-06
        60  1.640568e-05
        61  6.115649e-05
        62  7.042137e-05
        63  2.104308e-05
        64 -9.468306e-05
        65  5.943788e-04
        66  1.196222e-04
        67  2.014154e-04
        68 -3.954155e-07
        69 -1.679350e-04
        70  4.144619e-05
        71 -7.651027e-05
        72 -1.853937e-04
        73 -2.252207e-04
        74  1.324382e-05
        75 -3.844430e-04
        76 -1.678627e-05
        77  3.882089e-05
        78 -4.252054e-04
        79 -4.583166e-09
        80 -8.074079e-04
        81 -6.434923e-07
        82  7.862485e-06
        83 -1.726333e-07
        84  2.127595e-04
        85  3.371893e-05
        86 -2.056042e-04
        87  3.036967e-05
        88  4.331381e-04
        89  7.896740e-04
        90 -8.641783e-05
        91  1.326909e-06
        92 -3.783676e-06
        93  8.080666e-05
        94 -4.096662e-05
        95  5.771047e-04
        96  7.711546e-05
        97 -7.178086e-05
        98  7.099258e-04
        99  9.694391e-04
       100 -2.799846e-10
       101 -8.021554e-04
       102  2.841423e-03
       103  3.101044e-03
       104  4.486173e-03
       105  1.641550e-03
       106 -5.593143e-04
       107  7.804721e-04
       108  3.568823e-03
       109  2.332915e-04
       110 -2.716651e-04
       111 -1.085470e-04
       112 -2.268041e-04
       113 -4.054098e-08
       114 -4.981869e-05
       115  3.127867e-05
       116  9.815435e-05
       117  6.467542e-05
       118 -7.209013e-05
       119  8.802199e-05
       120 -2.126899e-04
       121  3.899609e-05
       122 -1.294659e-04
       123 -2.293402e-04
       124 -2.348409e-04
       125 -9.156777e-06
       126  4.067832e-05
       127 -4.752763e-05
       128 -5.695188e-04
       129  2.285022e-06
       130 -4.277172e-04
       131 -3.008410e-05
       132  2.968311e-06
       133  1.586267e-06
       134 -1.042643e-04
       135  6.951129e-05
       136  1.203732e-05
       137 -4.870204e-05
       138  2.183454e-05
       139 -2.239070e-07
       140  9.449142e-06
       141  5.268695e-05
       142  3.047503e-04
       143 -9.317791e-06
       144 -4.531170e-07
       145 -1.362844e-05
       146  1.988189e-04
       147  3.787673e-06
       148  2.522736e-04
       149  3.479385e-06
       150  5.501214e-07
       151  2.334305e-05
       152 -1.878638e-08
       153 -5.332963e-05
       154 -9.779742e-05
       155 -1.184337e-04
       156  6.895850e-06
       157 -4.779886e-04
       158 -1.463018e-04
       159  1.788114e-05