       pos          info
         0  2.260886e-05
         1 -2.646402e-07
         2  3.012708e-06
         3 -1.092276e-05
         4  6.315563e-06
         5 -3.440817e-07
         6  2.399828e-05
         7  8.590674e-08
         8 -4.341950e-05
         9 -2.711809e-05
        10 -2.673335e-05
        11  3.433374e-06
        12  3.343033e-07
        13  3.417118e-05
        14 -7.478368e-06
        15  5.856152e-05
        16  1.687145e-06
        17  2.939892e-06
        18 -2.147637e-05
        19 -6.416744e-06
        20 -1.121134e-09
        21 -9.646738e-06
        22 -3.268584e-07
        23  5.426603e-06
        24  1.939181e-05
        25  1.328392e-05
        26 -7.179029e-05
        27  2.053414e-05
        28  2.190012e-06
        29  6.397381e-06
        30 -2.565377e-05
        31  1.090978e-06
        32 -3.877176e-05
        33  2.724047e-05
        34  2.587587e-08
        35  1.017563e-04
        36 -2.816794e-06
        37 -2.909929e-05
        38  3.443463e-05
        39  1.669698e-07
        40  1.337435e-05
        41  7.168990e-06
        42  2.348046e-05
        43 -3.982783e-05
        44  2.968143e-06
        45 -4.602866e-06
        46  3.195678e-08
        47  3.058734e-07
        48 -4.685210e-08
        49 -1.381242e-05
        50  5.855730e-06
        51  8.022978e-06
        52 -1.322357e-05
        53  6.490275e-07
        54  1.048272e-04
        55 -1.630260e-05
        56  7.879708e-05
        57 -4.191734e-05
        58  8.622692e-06
        59 -1.015768e-05
        60 -2.047123e-07
        61 -1.152918e-05
        62 -4.428397e-06
        63 -3.143474e-05
        64  8.157874e-07
        65 -3.042192e-07
        66  1.084704e-05
        67 -2.037383e-05
        68 -7.821396e-06
        69 -2.650525e-07
        70  2.599269e-05
        71  1.154789e-04
        72 -5.908746e-07
        73 -4.600635e-06
        74  7.955263e-07
        75 -3.774120e-05
        76  2.592916e-05
        77  1.921279e-08
        78 -4.345180e-05
        79  3.737511e-05
        80 -1.679017e-06
        81  9.593729e-07
        82 -2.563888e-05
        83 -5.283124e-05
        84  3.269779e-05
        85 -9.057315e-06
        86  3.490672e-05
        87  3.369243e-06
        88  5.804517e-06
        89 -3.854150e-09
        90 -1.011856e-06
        91  1.540347e-05
        92  7.703388e-05
        93  1.547201e-06
        94 -1.330623e-05
        95 -2.896101e-05
        96  6.669224e-06
        97  3.687305e-05
        98  1.232680e-05
        99  3.078524e-05
       100  5.725951e-06
       101 -2.247129e-05
       102 -2.567595e-06
       103  1.201332e-04
       104 -4.935317e-05
       105 -5.061434e-05
       106 -1.686493e-06
       107 -5.215553e-06
       108  4.166040e-07
       109  2.038503e-06
       110 -2.430048e-05
       111 -3.326436e-05
       112 -1.097387e-05
       113 -1.434652e-05
       114  1.040352e-06
       115 -4.684138e-06
       116  6.792439e-06
       117  2.104991e-07
       118  3.019449e-06
       119 -7.978314e-06
       120 -9.975115e-06
       121  3.513308e-06
       122  3.967114e-05
       123 -1.895261e-05
       124 -2.508182e-05
       125 -7.572646e-06
       126  1.853160e-05
       127  2.092704e-04
       128 -2.668436e-05
       129 -4.671763e-06
       130  4.311851e-05
       131  1.854172e-04
       132 -2.662473e-05
       133 -1.084822e-06
       134 -9.106536e-05
       135  4.923482e-05
       136 -8.937261e-05
       137  2.422539e-05
       138  6.383489e-05
       139 -6.103546e-06
       140 -5.954480e-05
       141 -2.068280e-05
       142 -2.363955e-06
       143  2.884273e-06
       144 -1.940245e-05
       145  8.376084e-07
       146 -2.125520e-07
       147  1.820844e-05
       148  2.852696e-06
       149 -1.256509e-05
       150  1.578772e-05
       151  1.916120e-06
       152 -6.281470e-06
       153  2.283278e-05
       154  9.973854e-07
       155 -7.629889e-08
       156 -7.696689e-06
       157  2.969139e-05
       158 -7.318522e-06
       159 -2.281766e-08