       pos          info
         0  9.758048e-05
         1  1.191995e-06
         2 -8.120123e-05
         3 -5.622201e-07
         4 -6.428744e-06
         5  5.113605e-05
         6  2.103377e-07
         7  1.200650e-04
         8 -2.783072e-05
         9 -1.604070e-04
        10 -3.020084e-04
        11  1.926611e-04
        12 -8.847781e-05
        13  1.048334e-05
        14  8.065186e-07
        15 -5.364033e-05
        16  5.910269e-05
        17 -4.490414e-05
        18 -4.612189e-05
        19  8.591480e-05
        20 -1.651189e-05
        21  1.807764e-08
        22 -4.402171e-08
        23  2.095155e-08
        24  2.739590e-05
        25  4.026657e-05
        26 -3.436729e-05
        27  1.602833e-05
        28  1.092880e-04
        29  7.455161e-06
        30 -1.995187e-05
        31 -7.342057e-05
        32 -2.219341e-04
        33 -6.320409e-10
        34 -1.416842e-07
        35 -5.414015e-05
        36  1.674705e-04
        37 -1.426667e-06
        38  6.242407e-05
        39  2.394552e-04
        40 -4.576582e-05
        41  3.492853e-05
        42 -2.725225e-05
        43  2.489511e-06
        44 -2.725312e-06
        45  3.813126e-05
        46 -5.651995e-05
        47 -5.837941e-05
        48 -4.097233e-05
        49 -1.875472e-05
        50 -1.376293e-06
        51 -2.897623e-05
        52  2.190315e-05
        53  2.686249e-04
        54  8.537818e-06
        55  3.128280e-04
        56 -6.617477e-04
        57 -1.414494e-05
        58 -1.626577e-04
        59  1.945641e-04
        60 -8.875909e-05
        61 -9.666232e-06
        62 -3.028020e-04
        63 -8.393593e-05
        64 -3.091950e-06
        65  1.684132e-04
        66  7.910315e-05
        67 -2.040451e-04
        68 -1.782611e-04
        69 -1.933954e-05
        70 -6.422140e-05
        71 -2.079684e-05
        72 -2.845821e-04
        73 -1.309611e-06
        74 -1.432727e-04
        75  6.067733e-06
        76 -8.148696e-06
        77  1.287221e-04
        78 -4.126011e-07
        79  5.897173e-06
        80  5.156278e-05
        81  1.048506e-04
        82 -2.200658e-05
        83  6.736851e-05
        84  9.900112e-04
        85  1.741585e-03
        86  1.550577e-04
        87 -1.024295e-06
        88  1.886485e-04
        89  6.622757e-06
        90  3.904753e-03
        91  1.359098e-03
        92  3.138558e-03
        93 -5.078110e-05
        94 -8.434394e-04
        95 -6.425061e-05
        96  4.491009e-07
        97  4.321514e-04
        98  4.083794e-04
        99 -1.818710e-04
       100  2.494725e-04
       101 -1.887328e-06
       102 -3.953446e-05
       103  6.274874e-05
       104  2.549582e-04
       105  1.428199e-03
       106  3.687053e-04
       107  1.726311e-03
       108  6.575762e-05
       109 -1.025543e-03
       110  1.819669e-07
       111 -1.442201e-03
       112 -9.941325e-04
       113 -2.606463e-03
       114  9.495420e-04
       115 -1.121374e-04
       116  1.248245e-03
       117  1.079473e-03
       118  4.374688e-03
       119 -3.595775e-04
       120 -1.205069e-04
       121 -2.413278e-06
       122 -9.974578e-05
       123 -1.815188e-05
       124 -3.316014e-04
       125 -1.431142e-04
       126 -1.474250e-05
       127 -5.075349e-05
       128  3.209545e-06
       129  3.148437e-05
       130 -3.549453e-05
       131 -8.493089e-05
       132  2.857840e-04
       133 -6.676605e-05
       134 -4.381728e-04
       135  9.852030e-06
       136  2.688683e-04
       137  2.660862e-07
       138 -1.250560e-05
       139 -3.970171e-07
       140 -2.634038e-04
       141 -6.726561e-06
       142 -2.905555e-04
       143  1.224552e-06
       144 -2.717424e-04
       145 -6.543852e-07
       146  4.382757e-06
       147  5.658944e-06
       148 -1.177882e-04
       149  6.054858e-05
       150  5.887182e-06
       151 -3.384666e-04
       152  4.355598e-04
       153 -6.782413e-05
       154 -2.244070e-04
       155  1.658217e-04
       156  1.177588e-04
       157  1.777899e-04
       158  1.221971e-04
       159 -4.187971e-05