       pos          info
         0 -3.650987e-06
         1  2.007533e-05
         2 -1.716503e-05
         3 -1.214417e-05
         4 -4.409102e-05
         5  1.239917e-04
         6  4.312529e-05
         7  7.081031e-05
         8 -3.972997e-05
         9 -5.429953e-05
        10 -3.230605e-04
        11 -5.801866e-06
        12 -1.675590e-07
        13 -2.601386e-05
        14  8.453901e-05
        15  3.850671e-04
        16  1.239920e-04
        17 -1.529138e-05
        18 -2.484552e-05
        19  2.489330e-04
        20 -1.508910e-04
        21  2.060553e-05
        22  2.475178e-06
        23 -2.962934e-05
        24  5.621171e-07
        25 -8.821970e-05
        26  1.106977e-04
        27  8.355569e-06
        28  5.553189e-05
        29  2.453492e-04
        30 -4.359793e-06
        31 -4.899189e-05
        32 -1.671346e-07
        33  6.547475e-05
        34  1.102806e-04
        35  2.827109e-05
        36  9.402754e-05
        37  2.895484e-05
        38  2.374266e-04
        39 -2.000887e-05
        40 -2.766183e-05
        41  6.169990e-07
        42  5.725407e-06
        43  1.280772e-04
        44  6.714306e-05
        45 -5.736903e-05
        46 -2.970042e-05
        47 -1.048928e-04
        48  1.048759e-05
        49  1.039633e-04
        50 -2.130628e-04
        51  3.323537e-05
        52  7.848305e-05
        53  9.045404e-04
        54 -2.028853e-06
        55  5.893687e-05
        56 -2.198696e-04
        57 -2.405173e-05
        58  9.741975e-05
        59  9.070332e-05
        60 -1.895954e-04
        61  3.286897e-05
        62 -7.709599e-04
        63 -2.716037e-05
        64  3.240257e-05
        65  4.283991e-04
        66  3.467968e-06
        67 -1.078974e-03
        68 -1.272929e-04
        69 -6.377480e-05
        70 -4.847013e-05
        71  1.140111e-04
        72 -2.583613e-04
        73  8.307528e-07
        74 -5.838759e-04
        75  5.193897e-04
        76  1.331881e-05
        77  2.209856e-04
        78 -2.068811e-05
        79  5.569483e-05
        80  1.080031e-04
        81  1.801287e-04
        82 -3.637243e-04
        83  3.855254e-04
        84  7.907291e-04
        85  9.753787e-05
        86  7.906030e-05
        87 -2.688380e-05
        88  2.184913e-06
        89  6.203183e-05
        90  2.503223e-03
        91  1.132894e-03
        92  7.850003e-04
        93 -2.134810e-04
        94 -2.477311e-04
        95 -2.641582e-05
        96 -3.310133e-08
        97  3.705377e-04
        98  2.889746e-04
        99  4.553495e-06
       100  5.387131e-05
       101 -1.549627e-05
       102  5.168890e-05
       103 -2.613220e-04
       104  4.701906e-04
       105  1.158793e-03
       106  6.220642e-05
       107  5.095041e-04
       108  2.476895e-04
       109 -9.416779e-04
       110 -5.567467e-05
       111 -2.286845e-04
       112 -9.181693e-04
       113 -2.922496e-03
       114  5.070684e-06
       115 -2.509120e-04
       116  1.546838e-05
       117  7.010991e-04
       118  7.322572e-04
       119 -1.844158e-04
       120 -3.622391e-05
       121 -6.005594e-05
       122 -1.176098e-04
       123 -8.360956e-06
       124 -4.890181e-04
       125 -2.943431e-05
       126  6.693538e-06
       127 -6.479235e-05
       128 -7.333518e-05
       129  1.244826e-05
       130  5.380160e-05
       131 -3.580814e-05
       132  4.644237e-04
       133 -1.717700e-04
       134 -2.413836e-04
       135 -9.469464e-05
       136  9.663329e-05
       137 -1.117881e-06
       138 -8.793982e-05
       139 -1.616934e-06
       140 -1.816558e-04
       141  3.135853e-05
       142 -1.293798e-04
       143 -2.800861e-04
       144 -6.126953e-04
       145 -2.119722e-04
       146  8.173037e-06
       147  7.684049e-05
       148 -1.552879e-04
       149 -3.722255e-07
       150 -2.636986e-05
       151 -2.206128e-04
       152  4.367730e-04
       153 -3.151134e-04
       154  1.477695e-07
       155 -7.784062e-05
       156  1.301260e-04
       157  4.215969e-04
       158  2.658437e-04
       159  4.830008e-06