       pos          info
         0  2.636952e-05
         1 -1.452427e-07
         2 -4.193663e-05
         3 -1.991366e-05
         4  1.237304e-05
         5  8.839196e-05
         6 -2.041451e-04
         7 -1.985405e-05
         8 -8.482141e-06
         9  2.352958e-05
        10 -3.408438e-07
        11  1.197307e-05
        12 -3.426207e-05
        13  2.202596e-05
        14 -8.501598e-08
        15 -1.773663e-05
        16  8.790298e-05
        17 -1.446321e-04
        18  8.440243e-06
        19  3.955074e-05
        20  1.524765e-04
        21  6.061555e-05
        22  5.614565e-06
        23  4.253252e-06
        24 -8.087006e-06
        25  6.493487e-06
        26 -2.057089e-05
        27  4.407062e-05
        28  3.089959e-05
        29 -2.025453e-06
        30 -4.523413e-06
        31  8.057963e-05
        32 -3.349261e-06
        33 -4.070464e-06
        34  2.087623e-04
        35  1.259322e-04
        36 -2.192209e-06
        37 -4.169652e-05
        38 -2.298580e-04
        39 -1.027036e-05
        40  3.620880e-09
        41  2.228202e-05
        42 -3.982577e-05
        43  7.255453e-05
        44 -6.069922e-06
        45 -3.297038e-05
        46  5.694469e-05
        47 -3.362888e-05
        48 -2.071155e-05
        49  4.559831e-06
        50  1.841953e-05
        51 -1.828748e-05
        52 -7.057150e-05
        53  4.379572e-05
        54  2.188125e-08
        55 -2.381111e-06
        56 -3.457428e-09
        57 -6.937719e-07
        58 -3.997515e-05
        59 -9.485384e-05
        60  8.642236e-05
        61 -5.929831e-05
        62 -1.665507e-05
        63  4.450862e-05
        64  5.136903e-06
        65 -9.716464e-05
        66  8.135671e-06
        67 -4.082962e-05
        68 -1.264074e-04
        69  2.173268e-05
        70  5.030395e-07
        71 -4.912711e-05
        72  3.893784e-05
        73  9.774767e-07
        74 -2.552891e-05
        75  5.421404e-06
        76  3.672145e-07
        77  5.543265e-05
        78 -2.068577e-05
        79 -6.780155e-05
        80  6.360092e-06
        81 -2.219075e-04
        82  6.812018e-06
        83 -2.733021e-08
        84  1.979363e-05
        85  2.713991e-05
        86 -2.441450e-05
        87  3.810513e-05
        88 -1.028456e-05
        89  7.910835e-07
        90  1.037354e-04
        91  5.554055e-05
        92  9.708419e-05
        93  8.995820e-06
        94 -4.231720e-05
        95  7.107819e-06
        96 -3.677971e-05
        97  3.349931e-05
        98  8.308837e-06
        99  8.158878e-06
       100  1.941615e-05
       101 -1.161087e-05
       102  8.235056e-06
       103  7.384403e-05
       104  2.322617e-05
       105  5.705647e-06
       106  2.228723e-05
       107  4.987660e-05
       108  7.835091e-06
       109  3.221025e-04
       110 -2.675986e-04
       111 -3.017735e-05
       112 -9.005578e-07
       113  2.116141e-03
       114  1.259325e-04
       115  6.498229e-06
       116  3.178930e-05
       117 -3.754362e-04
       118  2.559286e-04
       119 -7.542461e-06
       120  2.277294e-08
       121 -6.202057e-06
       122  7.888313e-07
       123  8.171091e-07
       124 -8.465910e-05
       125 -4.303432e-05
       126  2.668583e-05
       127  1.521524e-05
       128  2.698374e-05
       129  1.061925e-04
       130  1.414327e-05
       131 -3.946144e-05
       132  2.250578e-05
       133 -2.871787e-06
       134 -7.836719e-09
       135 -5.551070e-06
       136  4.651014e-05
       137  4.018528e-05
       138 -1.865494e-05
       139 -7.204109e-07
       140 -1.965589e-04
       141  1.312646e-05
       142  1.008204e-04
       143  3.507625e-06
       144 -2.910435e-05
       145 -4.451067e-05
       146  1.210871e-04
       147  3.880915e-06
       148 -3.877949e-05
       149 -5.927881e-07
       150  6.882866e-06
       151  3.361203e-05
       152  2.270124e-05
       153 -1.193245e-04
       154 -7.684482e-05
       155  4.041858e-06
       156  8.275569e-06
       157 -9.527886e-05
       158  5.557124e-08
       159  2.318735e-08