       pos          info
         0 -6.423538e-06
         1 -2.198345e-04
         2 -5.740650e-06
         3 -1.747934e-04
         4 -4.570665e-05
         5 -8.498868e-06
         6  3.404378e-08
         7 -1.083423e-05
         8 -3.278495e-06
         9  4.403912e-05
        10  1.363740e-07
        11 -2.361181e-05
        12  3.954338e-06
        13  5.965240e-07
        14  2.237159e-04
        15 -7.428956e-05
        16  2.759642e-05
        17 -2.076103e-05
        18 -3.969752e-05
        19 -7.881602e-05
        20  1.023756e-04
        21 -1.094579e-07
        22 -2.167117e-06
        23  3.022634e-05
        24  1.765347e-06
        25  6.023972e-05
        26 -9.339550e-07
        27 -9.175425e-07
        28  2.611375e-04
        29  1.451069e-04
        30 -5.437174e-05
        31 -1.530392e-04
        32 -1.203260e-07
        33  2.634866e-04
        34 -1.029643e-04
        35  3.104100e-05
        36  4.937164e-05
        37  6.009976e-05
        38  1.886051e-04
        39  1.531700e-04
        40 -1.024735e-05
        41 -2.067027e-06
        42  3.997482e-05
        43 -1.149658e-07
        44 -2.355718e-05
        45 -3.980201e-04
        46 -2.240480e-05
        47  2.009928e-04
        48 -4.320836e-05
        49 -7.665856e-05
        50 -3.795546e-04
        51  1.955043e-04
        52  1.057862e-04
        53 -1.879312e-05
        54  4.692864e-06
        55  2.461127e-05
        56 -1.653503e-05
        57  2.859713e-04
        58  3.016076e-06
        59 -2.756958e-05
        60  9.431279e-06
        61  4.722351e-04
        62  1.788473e-03
        63  1.289454e-03
        64  1.384129e-03
        65  1.328753e-03
        66  3.870557e-04
        67 -3.052719e-04
        68 -1.050556e-04
        69 -9.919047e-06
        70  7.392868e-05
        71  3.715307e-06
        72  4.872039e-06
        73 -2.271047e-05
        74  5.841403e-05
        75 -7.380725e-06
        76  4.688875e-05
        77  2.308204e-05
        78  1.841971e-05
        79  7.881430e-05
        80  5.676849e-06
        81  3.552767e-03
        82  1.701638e-04
        83  2.349753e-04
        84 -2.557554e-03
        85  3.771185e-04
        86 -4.747850e-05
        87  2.228091e-03
        88  9.439907e-04
        89  1.702198e-03
        90 -9.408610e-07
        91 -1.392860e-04
        92 -4.260547e-05
        93  1.168572e-04
        94 -1.019829e-04
        95  5.189849e-04
        96 -5.885058e-07
        97  1.088866e-05
        98  1.564849e-05
        99  2.939236e-07
       100 -5.736930e-06
       101 -5.562401e-04
       102 -2.815015e-04
       103 -7.692118e-04
       104  9.478589e-04
       105  1.564549e-03
       106  4.154191e-04
       107  4.995625e-04
       108  9.540663e-04
       109  3.791319e-04
       110  9.847970e-05
       111  1.991302e-04
       112  1.654713e-04
       113  2.652569e-05
       114  1.259138e-07
       115 -4.952080e-05
       116 -2.540510e-05
       117  1.350476e-04
       118  4.724879e-05
       119 -5.944352e-05
       120 -1.391046e-04
       121  2.674310e-06
       122  2.840641e-06
       123  7.839328e-06
       124  5.662969e-06
       125  6.447978e-05
       126 -5.029494e-05
       127  5.639833e-06
       128 -9.531786e-05
       129 -1.078725e-07
       130  1.850621e-05
       131  1.388532e-05
       132 -8.274673e-06
       133  3.818707e-06
       134  8.750724e-06
       135 -6.923764e-05
       136  1.367669e-04
       137 -3.013704e-04
       138  3.221243e-07
       139 -3.295392e-04
       140  1.888452e-04
       141 -9.130305e-06
       142 -6.618060e-05
       143  1.338672e-04
       144  8.571620e-05
       145 -1.748257e-04
       146 -8.608484e-06
       147 -7.324419e-06
       148 -1.031231e-05
       149  3.506323e-05
       150 -1.364911e-04
       151 -2.615221e-07
       152  3.947092e-05
       153 -1.219165e-04
       154  2.184319e-05
       155  6.224994e-05
       156  3.164687e-05
       157  6.634867e-05
       158  3.467848e-04
       159 -2.332734e-06