       pos          info
         0  7.153214e-05
         1  8.205333e-05
         2  1.569551e-05
         3  1.257865e-05
         4 -8.228960e-06
         5 -3.167210e-05
         6  6.180193e-06
         7 -1.007142e-04
         8  6.163380e-05
         9  2.928624e-05
        10  9.112469e-05
        11 -1.661177e-05
        12  5.958217e-05
        13  1.002483e-06
        14 -1.971532e-04
        15 -2.291277e-05
        16 -1.685360e-07
        17  1.831817e-05
        18 -2.414770e-04
        19  1.998080e-07
        20  1.119081e-04
        21  1.952437e-05
        22  2.418828e-05
        23 -3.556762e-05
        24 -1.834065e-04
        25  6.817081e-05
        26 -3.175747e-05
        27  1.617347e-04
        28 -5.934028e-09
        29  9.920397e-06
        30 -3.921026e-05
        31  3.282421e-05
        32  1.511637e-05
        33 -5.190069e-06
        34  6.053607e-08
        35 -1.139977e-04
        36 -4.845439e-05
        37 -8.930080e-05
        38  1.588553e-06
        39  1.312407e-05
        40  1.050923e-04
        41  1.275788e-05
        42  4.759466e-05
        43 -3.352747e-05
        44 -6.272961e-05
        45 -5.760369e-05
        46 -1.612172e-07
        47 -2.483072e-04
        48  5.062295e-05
        49  4.652701e-05
        50  1.420827e-04
        51 -3.620163e-04
        52 -1.037163e-05
        53  1.012308e-05
        54 -1.157760e-05
        55  1.094582e-04
        56  1.646657e-04
        57 -2.741699e-04
        58 -1.356167e-05
        59 -2.535938e-05
        60 -1.049165e-04
        61  2.533746e-05
        62 -9.010352e-05
        63  6.293583e-06
        64  3.121444e-05
        65  1.980630e-05
        66 -1.918811e-04
        67  3.530121e-04
        68 -1.506684e-04
        69 -3.174383e-05
        70 -7.398332e-05
        71  2.345226e-04
        72 -1.330265e-06
        73 -6.051817e-07
        74 -6.977133e-08
        75 -2.524492e-05
        76  1.966752e-04
        77 -8.778965e-06
        78 -4.407397e-06
        79  2.159998e-05
        80  3.453272e-05
        81 -1.250599e-05
        82 -9.205971e-06
        83  1.137244e-04
        84  1.662026e-04
        85 -1.368268e-05
        86 -5.341412e-08
        87 -9.181635e-05
        88  4.856803e-05
        89  1.803131e-05
        90  1.942805e-05
        91 -5.500151e-05
        92  9.916732e-06
        93 -6.534514e-05
        94  1.360241e-04
        95 -7.635233e-05
        96  1.718937e-05
        97 -1.226005e-04
        98  1.557521e-04
        99 -2.750333e-05
       100  8.127545e-06
       101  2.857728e-04
       102 -6.634137e-04
       103 -1.008617e-04
       104  1.848103e-03
       105 -1.351846e-03
       106  1.265132e-03
       107  5.944355e-04
       108 -3.253213e-06
       109  5.053524e-04
       110  4.978872e-04
       111  9.233120e-04
       112 -3.758463e-04
       113 -5.803573e-05
       114  5.344775e-04
       115  1.633750e-04
       116  4.700067e-04
       117  1.700246e-04
       118 -6.752484e-05
       119 -7.267228e-04
       120 -1.808257e-04
       121  1.489235e-04
       122 -7.466186e-04
       123  3.127480e-06
       124 -2.925106e-06
       125 -3.796353e-03
       126  3.997111e-04
       127  2.428229e-03
       128  3.603909e-03
       129  1.022426e-03
       130 -1.039877e-03
       131  1.889250e-05
       132  3.451940e-03
       133  4.562417e-06
       134 -9.655436e-05
       135 -1.732940e-03
       136 -6.135292e-04
       137  8.940257e-06
       138  9.313263e-06
       139  3.790830e-04
       140  4.136575e-04
       141  5.279928e-05
       142 -6.570452e-04
       143  1.434553e-04
       144 -1.560237e-04
       145 -4.185537e-06
       146  6.075881e-06
       147 -6.326845e-06
       148 -5.832294e-07
       149  3.670825e-06
       150  1.246406e-04
       151  1.522865e-04
       152  7.323280e-05
       153  1.870704e-05
       154 -8.813129e-05
       155  1.478133e-06
       156 -6.148444e-04
       157 -1.809749e-05
       158 -4.720887e-05
       159 -1.805685e-05