       pos          info
         0  4.491659e-08
         1 -1.617235e-05
         2 -6.752449e-05
         3 -8.645291e-05
         4  2.997662e-05
         5  6.002891e-05
         6 -4.516606e-05
         7  2.413661e-04
         8 -2.409311e-04
         9 -4.006866e-05
        10  1.911533e-06
        11 -5.325407e-05
        12 -7.233745e-05
        13  6.838973e-05
        14  4.202081e-04
        15 -2.751677e-05
        16  2.697772e-06
        17 -2.977028e-06
        18  3.051808e-04
        19 -9.312502e-06
        20 -9.448216e-05
        21 -2.952811e-05
        22  4.312056e-09
        23 -8.626558e-06
        24  1.229818e-04
        25 -2.092226e-04
        26  2.047452e-05
        27  9.752272e-06
        28 -9.178525e-06
        29 -1.137788e-07
        30 -4.126597e-06
        31 -9.123934e-05
        32  4.353257e-05
        33  9.023365e-05
        34  1.189108e-06
        35  2.076426e-04
        36  2.015206e-04
        37  5.880296e-06
        38  7.359172e-05
        39  1.174204e-04
        40 -2.627308e-05
        41 -2.325679e-06
        42 -2.229906e-05
        43  3.907691e-05
        44  3.253993e-05
        45  2.649261e-05
        46  3.472767e-05
        47  2.660076e-04
        48 -3.177155e-06
        49 -1.169675e-05
        50 -6.683736e-05
        51  4.244518e-04
        52 -3.221010e-05
        53 -9.782335e-05
        54  6.663380e-05
        55 -2.398490e-04
        56 -4.137861e-04
        57  1.456454e-04
        58  2.990898e-04
        59 -8.014140e-05
        60  1.857710e-04
        61  1.241634e-04
        62  1.539098e-05
        63 -2.854234e-05
        64 -1.018020e-07
        65  3.784137e-06
        66  3.026969e-04
        67 -1.368265e-04
        68 -1.130599e-04
        69  3.957504e-06
        70 -5.593402e-06
        71  2.376447e-05
        72 -1.123653e-06
        73  2.600642e-04
        74 -1.499506e-04
        75  2.727995e-04
        76 -1.434616e-04
        77  3.892221e-05
        78  4.803089e-08
        79  4.830018e-05
        80 -4.890007e-04
        81  2.542785e-04
        82 -1.381454e-04
        83  1.303537e-04
        84  1.705707e-09
        85  8.831885e-07
        86  1.480056e-05
        87  3.036294e-04
        88 -5.894654e-04
        89  9.662303e-05
        90 -1.847341e-04
        91  3.998191e-05
        92 -1.541545e-04
        93  1.349961e-04
        94 -1.161587e-04
        95  7.371405e-05
        96 -2.049691e-06
        97  3.347571e-04
        98 -2.936247e-04
        99 -6.608546e-05
       100  2.536248e-04
       101 -9.342763e-04
       102  9.955823e-04
       103  1.210373e-08
       104 -2.519269e-04
       105  7.234299e-04
       106 -1.241455e-04
       107 -5.747026e-04
       108 -2.446699e-06
       109 -1.038836e-04
       110  1.215475e-04
       111 -2.456763e-04
       112  5.253920e-04
       113 -1.433340e-04
       114 -1.414904e-04
       115 -8.716354e-05
       116 -5.801753e-05
       117 -1.831212e-04
       118  1.233626e-04
       119  2.412123e-04
       120  1.335013e-04
       121 -9.075193e-06
       122  3.350917e-04
       123  4.651726e-07
       124 -3.993939e-06
       125  1.979182e-03
       126  2.952431e-05
       127 -3.289206e-04
       128 -4.907800e-05
       129 -7.807078e-05
       130  7.775506e-04
       131  2.417500e-04
       132 -7.638200e-04
       133 -5.755003e-06
       134  2.774422e-04
       135  3.224013e-03
       136  5.375316e-05
       137  1.472520e-04
       138 -1.436157e-05
       139 -5.561241e-04
       140 -2.206236e-04
       141 -8.322887e-06
       142  6.617015e-04
       143 -1.054836e-04
       144  5.764470e-05
       145  3.757581e-05
       146 -2.604820e-04
       147  7.139012e-05
       148  1.845822e-06
       149 -8.030656e-05
       150 -1.827016e-06
       151  2.383974e-05
       152 -1.665800e-04
       153 -6.849750e-05
       154  8.366397e-05
       155 -1.305800e-05
       156  1.690395e-03
       157  1.882830e-04
       158  1.656627e-07
       159  1.707746e-04