       pos          info
         0  1.439754e-04
         1  1.283538e-05
         2 -2.460514e-04
         3 -1.193169e-04
         4  1.203358e-04
         5 -1.486202e-04
         6 -1.501718e-06
         7  4.369425e-07
         8 -2.320739e-05
         9  1.078027e-05
        10 -2.065799e-05
        11  3.226458e-05
        12 -9.965416e-05
        13  4.799597e-06
        14  1.075800e-04
        15  8.572469e-07
        16  2.012910e-05
        17 -1.642166e-04
        18 -6.551982e-06
        19  4.973770e-06
        20 -1.795955e-04
        21  1.658535e-05
        22 -1.703793e-06
        23 -4.811252e-06
        24 -1.373591e-04
        25 -1.221137e-04
        26  8.439830e-05
        27 -8.759032e-06
        28  1.538840e-04
        29  1.639651e-04
        30 -1.353201e-04
        31  7.317606e-06
        32  2.785917e-07
        33  1.742880e-05
        34 -8.318515e-06
        35  5.388906e-08
        36  2.535737e-05
        37 -9.252597e-05
        38 -2.961892e-07
        39  7.240844e-06
        40  3.742813e-05
        41 -1.562594e-05
        42 -1.108907e-06
        43  2.646121e-06
        44 -3.368377e-04
        45  5.098273e-07
        46  2.403547e-04
        47  6.673269e-05
        48  1.188841e-04
        49 -7.662275e-05
        50 -1.379187e-04
        51  1.169075e-06
        52  4.610516e-05
        53 -1.545660e-04
        54  3.425857e-05
        55  1.183042e-04
        56  3.986833e-05
        57 -2.050238e-07
        58  2.033079e-05
        59  2.118381e-05
        60 -1.190942e-04
        61 -1.354304e-04
        62 -3.281439e-05
        63  1.179353e-04
        64 -1.733220e-04
        65 -2.602744e-04
        66  2.977371e-05
        67  6.061197e-05
        68  1.496042e-04
        69 -2.505634e-05
        70  1.505021e-05
        71 -4.489585e-05
        72 -7.776756e-05
        73 -3.098603e-05
        74  5.835621e-05
        75 -1.586369e-06
        76  4.530278e-05
        77  2.472014e-05
        78  1.086665e-06
        79  1.769748e-04
        80 -3.982323e-06
        81 -6.339234e-06
        82 -7.869096e-05
        83 -2.449714e-04
        84  6.145580e-07
        85  2.703502e-07
        86 -2.476785e-06
        87  3.140504e-06
        88  8.631363e-06
        89  1.921145e-04
        90  2.829966e-04
        91 -3.351419e-05
        92  5.265538e-04
        93  8.923089e-05
        94  8.118799e-04
        95  2.930288e-04
        96 -4.831958e-05
        97  1.370550e-05
        98  6.797796e-06
        99 -2.866300e-04
       100 -2.174655e-03
       101  1.681580e-03
       102  1.368433e-04
       103 -7.888237e-04
       104  1.859151e-06
       105 -6.547079e-04
       106  1.245200e-06
       107  2.060737e-04
       108 -1.480820e-04
       109 -1.480540e-04
       110  4.538361e-06
       111 -5.899347e-07
       112  3.167479e-04
       113  1.132589e-03
       114  1.045762e-03
       115  3.156270e-04
       116 -4.984555e-05
       117 -2.891234e-04
       118 -9.310524e-04
       119  1.595359e-03
       120  2.566714e-03
       121  3.798192e-04
       122  5.529080e-03
       123  5.582712e-03
       124 -6.264506e-04
       125  3.467224e-04
       126  1.711911e-03
       127  3.886236e-03
       128  7.526134e-06
       129 -3.103222e-04
       130 -3.760095e-04
       131  7.623600e-05
       132  7.649173e-04
       133 -4.968384e-06
       134 -7.102396e-04
       135  2.138648e-06
       136 -2.238949e-06
       137 -1.118824e-04
       138 -1.657764e-04
       139 -1.689264e-05
       140 -3.472491e-05
       141  3.625221e-05
       142  2.490182e-05
       143 -9.429826e-05
       144  5.130908e-07
       145  1.478756e-05
       146 -1.085507e-04
       147  1.786379e-05
       148 -6.686578e-05
       149 -8.638988e-05
       150 -1.630253e-04
       151 -1.215380e-04
       152  2.666811e-04
       153 -1.349125e-04
       154  2.632356e-04
       155  7.638450e-06
       156 -5.750048e-04
       157 -9.940100e-05
       158 -7.801316e-06
       159 -2.537420e-06