       pos          info
         0 -2.276658e-08
         1  3.537027e-05
         2 -2.458211e-05
         3 -7.025847e-08
         4 -6.917000e-05
         5  2.628196e-05
         6 -1.295033e-05
         7 -6.645137e-06
         8  1.805146e-06
         9  6.783557e-06
        10  1.135206e-04
        11 -1.959868e-05
        12  1.069854e-04
        13 -5.999439e-05
        14  2.003253e-06
        15 -1.468964e-05
        16 -2.130800e-05
        17  3.044985e-06
        18 -7.783470e-05
        19 -1.021236e-04
        20 -7.283639e-05
        21 -2.155033e-05
        22 -2.301247e-06
        23 -2.658264e-05
        24 -6.593102e-06
        25 -1.579997e-04
        26  1.117246e-05
        27  3.806499e-06
        28 -5.021091e-05
        29  9.186002e-05
        30 -7.819714e-06
        31 -3.758752e-05
        32  6.917278e-06
        33  2.512954e-06
        34  3.088851e-04
        35 -1.432604e-05
        36 -4.996655e-07
        37 -7.960782e-05
        38 -1.023400e-06
        39 -6.229940e-06
        40 -1.133190e-05
        41 -5.225829e-05
        42 -3.862068e-05
        43  8.384903e-05
        44 -4.807866e-05
        45 -4.954914e-05
        46 -1.492608e-04
        47 -2.022424e-05
        48 -4.974413e-06
        49 -1.097200e-04
        50  4.657047e-04
        51  3.760909e-07
        52  1.588651e-07
        53  4.009694e-05
        54  1.391627e-06
        55  1.046822e-05
        56  2.741932e-05
        57  6.282943e-06
        58 -4.213862e-05
        59  3.755228e-05
        60  5.103424e-05
        61 -2.354194e-06
        62 -2.532427e-07
        63 -7.988667e-05
        64  1.574533e-04
        65 -7.372155e-05
        66 -7.835380e-08
        67  1.483437e-10
        68  2.515286e-05
        69 -1.220537e-04
        70  1.221343e-05
        71 -1.519777e-08
        72 -1.164722e-06
        73 -2.993708e-05
        74  1.885274e-05
        75 -5.844567e-06
        76  9.580565e-05
        77  2.107509e-05
        78 -4.254331e-05
        79  3.843735e-06
        80 -5.377319e-07
        81  3.811059e-06
        82  3.737323e-05
        83 -1.830496e-05
        84  1.365753e-04
        85  1.711672e-06
        86 -5.465527e-07
        87 -4.152828e-05
        88  8.621611e-06
        89 -2.206034e-06
        90 -1.171618e-05
        91  3.057809e-04
        92  1.526649e-05
        93 -1.372411e-06
        94 -2.553965e-05
        95 -1.196742e-04
        96 -4.279631e-04
        97 -1.394219e-04
        98 -1.111596e-05
        99 -6.102843e-04
       100  1.114712e-03
       101 -1.818180e-04
       102  1.154513e-04
       103 -4.932523e-04
       104  4.401458e-09
       105  4.819836e-05
       106  1.648793e-04
       107  1.398499e-04
       108  1.729914e-05
       109 -5.127977e-05
       110 -8.530869e-07
       111 -7.878505e-05
       112  1.580382e-04
       113 -1.501602e-04
       114  8.619612e-04
       115  8.190108e-04
       116  5.217772e-04
       117  7.955891e-04
       118  1.110343e-04
       119  1.282538e-03
       120 -4.746090e-04
       121 -1.241118e-04
       122 -3.403606e-04
       123 -1.728729e-04
       124 -3.341505e-04
       125 -5.701536e-04
       126  9.605681e-04
       127 -7.806119e-04
       128 -2.791905e-06
       129  2.735053e-06
       130  1.509683e-05
       131  4.706766e-06
       132  4.287070e-04
       133  3.032594e-07
       134  2.185019e-04
       135 -3.425900e-05
       136 -1.267225e-04
       137  3.111380e-05
       138  1.187759e-04
       139  9.285588e-05
       140 -5.987464e-06
       141 -1.862478e-05
       142 -1.746472e-05
       143  2.878288e-04
       144 -1.239718e-04
       145 -1.533071e-08
       146 -2.584270e-04
       147  3.551443e-04
       148 -8.597888e-05
       149 -6.145116e-06
       150  3.720057e-05
       151 -1.394987e-05
       152  2.607273e-05
       153 -1.137975e-05
       154 -1.365645e-04
       155 -1.715537e-05
       156  2.775752e-04
       157 -2.809428e-05
       158  1.025715e-05
       159 -2.870656e-06