       pos          info
         0  2.045462e-05
         1  1.488401e-03
         2  2.248175e-04
         3 -1.702239e-04
         4 -3.903731e-04
         5  1.551224e-04
         6  6.714749e-05
         7  4.246361e-05
         8  2.955629e-06
         9 -5.785157e-04
        10  1.636843e-06
        11 -5.434228e-04
        12 -1.559132e-04
        13 -2.058509e-04
        14  5.999991e-05
        15  7.211413e-05
        16  4.948858e-05
        17  8.856249e-04
        18 -1.326374e-04
        19 -2.726771e-04
        20 -2.698497e-04
        21 -1.835828e-04
        22  1.455638e-05
        23 -2.875113e-05
        24 -2.340385e-04
        25  3.104307e-04
        26 -4.268996e-06
        27 -1.481895e-04
        28  1.174745e-05
        29  2.504316e-05
        30  9.389482e-05
        31 -1.710924e-04
        32 -4.464235e-06
        33  1.960450e-04
        34  4.238025e-05
        35  2.841807e-04
        36  6.944762e-05
        37 -5.095491e-05
        38  3.316985e-05
        39  4.011481e-07
        40 -8.979248e-05
        41  5.850405e-04
        42  7.035231e-06
        43 -2.232794e-04
        44 -1.255586e-04
        45  3.395440e-04
        46  1.238596e-04
        47 -2.133101e-04
        48 -5.907974e-06
        49 -1.330027e-05
        50 -4.620747e-05
        51  3.837387e-05
        52  1.388435e-04
        53 -7.719069e-07
        54 -1.178390e-04
        55 -8.641971e-05
        56 -4.438919e-05
        57  1.406889e-04
        58  1.231576e-04
        59  1.833534e-04
        60  1.267258e-04
        61 -1.929712e-05
        62 -1.200690e-04
        63  1.945402e-05
        64  9.919158e-06
        65  4.481797e-05
        66 -7.157975e-05
        67  3.108776e-04
        68  2.473207e-04
        69  2.001433e-04
        70  8.588383e-05
        71  5.099663e-05
        72  5.815313e-06
        73  1.366515e-03
        74  2.396982e-04
        75 -4.568686e-06
        76 -1.376913e-04
        77  3.205315e-05
        78  6.286492e-05
        79 -2.598948e-06
        80 -1.794683e-09
        81 -1.585688e-04
        82  2.662913e-03
        83 -1.820057e-04
        84 -2.203990e-04
        85  1.071586e-04
        86  2.077286e-04
        87 -1.032571e-04
        88 -1.769013e-04
        89 -1.061606e-06
        90  3.579728e-06
        91  5.206351e-06
        92  4.281644e-05
        93 -3.716551e-04
        94  2.974674e-05
        95  2.338696e-04
        96  1.137512e-04
        97  1.866192e-06
        98  2.035666e-04
        99  1.812025e-04
       100  1.717883e-05
       101 -1.402289e-04
       102  6.912277e-04
       103  2.752781e-05
       104 -1.308964e-04
       105 -2.001720e-05
       106 -6.493041e-05
       107 -2.734479e-04
       108 -1.136224e-04
       109 -3.621429e-04
       110 -1.683944e-04
       111 -4.740446e-05
       112  8.246523e-05
       113  6.063607e-04
       114 -1.826968e-05
       115 -5.009528e-04
       116 -1.436893e-04
       117 -3.674485e-05
       118  4.736869e-09
       119  1.793487e-04
       120  1.153651e-05
       121 -4.310545e-04
       122 -2.258963e-05
       123 -5.434535e-07
       124 -2.990982e-04
       125 -5.155487e-06
       126 -5.813853e-04
       127 -1.909388e-04
       128  9.686904e-05
       129  1.177493e-04
       130 -3.779755e-08
       131 -3.559539e-03
       132 -6.042335e-05
       133 -1.783557e-04
       134  1.955471e-05
       135  1.353578e-04
       136 -2.424922e-04
       137  1.712434e-05
       138  2.198070e-05
       139  1.782645e-07
       140 -2.993407e-05
       141  3.806631e-06
       142  7.167800e-05
       143 -2.006353e-04
       144  1.622801e-04
       145  6.392098e-05
       146  2.215835e-05
       147  6.282776e-06
       148  3.879082e-05
       149  2.867708e-04
       150 -1.479202e-05
       151  5.588346e-04
       152  1.020388e-04
       153  4.560797e-05
       154 -1.999177e-04
       155  1.089264e-05
       156 -4.069669e-04
       157 -1.225948e-05
       158  1.993742e-04
       159  1.765096e-04