       pos          info
         0 -2.790976e-05
         1 -9.813529e-05
         2 -6.768321e-06
         3  2.223814e-04
         4  5.060488e-05
         5  1.938234e-06
         6 -2.290820e-05
         7  1.867548e-04
         8 -1.887607e-04
         9  1.541867e-04
        10 -1.868301e-04
        11 -1.837271e-04
        12  2.480326e-04
        13  8.525876e-06
        14  6.506317e-06
        15 -2.548015e-06
        16 -1.489710e-04
        17 -4.566887e-04
        18 -4.503369e-04
        19 -1.253746e-04
        20  2.295896e-05
        21  3.929170e-04
        22  9.057838e-07
        23  4.253306e-04
        24  3.037210e-05
        25 -1.447420e-04
        26  3.890508e-04
        27  2.425229e-04
        28  4.281873e-04
        29  5.054168e-05
        30  1.981824e-05
        31 -4.966172e-05
        32  1.191953e-04
        33 -2.458780e-04
        34 -2.906996e-05
        35  3.665676e-05
        36  6.595485e-05
        37  2.145529e-05
        38 -4.930277e-04
        39  4.102665e-04
        40  8.187480e-05
        41 -1.788513e-04
        42 -2.673867e-04
        43 -1.406825e-05
        44  1.444101e-04
        45 -1.685238e-04
        46  2.883560e-04
        47 -4.139062e-04
        48 -3.695531e-05
        49 -5.468112e-05
        50  1.712777e-04
        51  7.569903e-05
        52  8.179970e-05
        53 -5.806336e-04
        54  1.676319e-05
        55  9.400094e-06
        56 -3.241448e-05
        57  2.754664e-05
        58 -9.460031e-05
        59  6.290139e-07
        60  1.682750e-05
        61  1.658266e-04
        62  7.684495e-05
        63 -1.084996e-04
        64  9.250864e-05
        65  1.576631e-05
        66  2.047625e-07
        67 -4.776716e-04
        68  1.872511e-05
        69 -1.895349e-04
        70  2.083373e-05
        71 -1.671798e-05
        72 -5.501717e-04
        73 -6.216134e-04
        74 -2.143829e-06
        75  4.210570e-05
        76  5.249810e-05
        77 -7.313469e-06
        78  7.373350e-05
        79 -7.744982e-04
        80  1.227977e-04
        81  4.030556e-04
        82 -3.339443e-03
        83  2.126348e-04
        84 -1.208191e-05
        85 -6.954858e-07
        86 -8.441155e-05
        87  8.039957e-05
        88  6.568851e-04
        89  2.373790e-05
        90  1.124677e-04
        91  7.572921e-05
        92 -3.200564e-05
        93  2.059634e-05
        94  1.184631e-05
        95  8.082539e-06
        96  1.708578e-04
        97  1.088990e-04
        98 -2.816215e-04
        99 -3.015884e-04
       100 -4.462286e-05
       101  2.128458e-04
       102 -2.691792e-04
       103  1.192044e-04
       104  6.195021e-04
       105 -4.416150e-05
       106  2.284940e-06
       107  1.914261e-04
       108  7.502955e-04
       109 -2.683450e-05
       110  6.406117e-05
       111  6.697179e-05
       112  1.302065e-04
       113 -3.008589e-04
       114  5.800930e-05
       115  1.035158e-04
       116  1.361603e-04
       117  2.676889e-04
       118  2.222650e-05
       119  1.822313e-04
       120  4.803353e-04
       121 -6.417266e-04
       122  9.480936e-06
       123  1.988358e-04
       124  7.499568e-04
       125 -4.478340e-06
       126  4.931725e-04
       127  3.439639e-07
       128 -8.945857e-05
       129  1.296530e-04
       130  2.474517e-05
       131 -1.340131e-04
       132  3.220338e-04
       133  2.885203e-05
       134 -2.057724e-04
       135 -7.527699e-05
       136 -1.251103e-04
       137  1.273765e-04
       138  7.490271e-06
       139  4.506163e-06
       140  7.280977e-05
       141  6.654104e-05
       142 -6.885155e-06
       143  8.617208e-05
       144 -5.776076e-06
       145  2.441745e-04
       146 -4.678257e-05
       147 -8.737637e-05
       148  5.667190e-04
       149 -1.174099e-04
       150  1.283550e-04
       151 -3.149954e-07
       152 -1.749015e-05
       153 -2.531732e-06
       154  3.423632e-05
       155  2.441653e-05
       156 -2.306440e-04
       157 -2.600285e-05
       158 -1.466136e-04
       159 -4.189978e-05