       pos          info
         0 -1.415447e-05
         1 -1.859154e-04
         2 -2.074424e-05
         3  1.634209e-05
         4  1.616625e-06
         5  1.910937e-04
         6 -5.201338e-05
         7  4.914934e-05
         8 -2.505179e-04
         9  3.457589e-06
        10 -2.919662e-04
        11 -2.565254e-04
        12  6.137475e-06
        13  5.328586e-06
        14 -3.246029e-05
        15  2.671708e-05
        16  4.671372e-06
        17 -4.744955e-04
        18 -1.038608e-05
        19  3.844195e-06
        20 -3.271321e-05
        21  1.715239e-04
        22 -1.796966e-04
        23  5.437910e-04
        24  2.751217e-04
        25 -1.560932e-04
        26  5.222858e-05
        27  1.129845e-05
        28  6.751318e-05
        29 -1.467608e-06
        30  5.724545e-05
        31 -2.461075e-04
        32 -7.267326e-06
        33 -2.464464e-04
        34  1.020262e-04
        35  7.146154e-05
        36 -2.214277e-06
        37  4.783938e-05
        38 -1.101337e-04
        39  2.496552e-04
        40  8.518888e-05
        41 -4.555651e-05
        42  3.461257e-05
        43 -9.675903e-05
        44  9.884447e-05
        45 -1.031541e-04
        46  4.201971e-04
        47 -1.373952e-04
        48 -7.750619e-05
        49 -5.188557e-07
        50  2.116245e-04
        51  3.135660e-09
        52  1.927094e-05
        53 -1.062773e-03
        54  4.141833e-05
        55  6.585298e-06
        56  1.720714e-04
        57  4.178318e-05
        58 -2.811113e-05
        59  9.989847e-05
        60  3.767659e-06
        61  2.793223e-06
        62  3.008514e-04
        63 -8.071262e-06
        64  4.792674e-07
        65  4.117485e-05
        66  2.377980e-04
        67 -1.234739e-04
        68 -2.544497e-08
        69 -2.007861e-04
        70  1.194141e-04
        71  9.671224e-06
        72 -2.349131e-05
        73 -6.520678e-04
        74  1.396342e-07
        75 -1.218734e-06
        76  6.262423e-05
        77  6.451969e-06
        78  1.092788e-04
        79 -8.529899e-04
        80  6.138268e-04
        81  1.639527e-04
        82 -2.549542e-03
        83  3.016355e-05
        84  8.937371e-05
        85 -5.016419e-07
        86 -4.368431e-06
        87  2.848816e-07
        88  6.954527e-04
        89  1.286793e-04
        90  1.111884e-10
        91  1.863922e-04
        92 -1.423781e-04
        93  2.359207e-06
        94  2.868196e-06
        95 -2.778727e-04
        96  2.472760e-04
        97  9.699119e-04
        98 -3.747913e-04
        99 -4.040100e-04
       100  3.777547e-05
       101  1.722110e-05
       102 -1.939185e-04
       103  1.065301e-03
       104  1.379511e-03
       105 -4.468042e-06
       106 -2.522831e-05
       107  8.873881e-04
       108  7.814869e-04
       109 -1.079203e-04
       110  5.656024e-06
       111  1.896951e-04
       112  1.271684e-05
       113 -5.372185e-04
       114  2.233951e-05
       115 -1.389094e-05
       116  2.598314e-04
       117  1.811754e-04
       118 -2.199579e-06
       119  8.881736e-05
       120  3.869021e-04
       121 -5.884859e-04
       122  2.839867e-06
       123  6.625462e-04
       124  8.314608e-04
       125 -1.891307e-05
       126  5.170872e-04
       127 -2.822189e-04
       128 -2.445886e-04
       129  6.250682e-06
       130  3.826663e-04
       131 -8.353464e-04
       132  3.588389e-04
       133  1.001953e-06
       134 -1.645391e-05
       135 -9.215616e-05
       136  7.406411e-05
       137  1.927169e-04
       138  2.815065e-04
       139 -3.097988e-06
       140  9.562041e-06
       141  1.924587e-04
       142 -1.411158e-04
       143  1.392299e-05
       144 -4.632007e-05
       145  2.477765e-07
       146  2.838493e-06
       147 -5.057579e-04
       148  1.942119e-04
       149 -1.993367e-04
       150  2.998082e-04
       151 -6.163499e-07
       152 -3.107938e-04
       153  1.440220e-06
       154 -1.748679e-04
       155 -6.069398e-06
       156 -3.017676e-04
       157  1.167781e-09
       158  2.502878e-05
       159 -1.779791e-05