       pos          info
         0 -8.007692e-05
         1  9.112081e-05
         2  9.257206e-05
         3  2.503638e-05
         4 -2.996592e-05
         5  9.317917e-05
         6  1.211169e-06
         7 -2.381849e-04
         8  2.638694e-05
         9  5.219333e-04
        10 -1.267862e-05
        11  1.046269e-05
        12 -3.015594e-05
        13  4.587600e-05
        14  1.271630e-04
        15  6.499852e-08
        16 -7.238111e-05
        17 -1.368578e-07
        18  3.019991e-05
        19  6.194475e-04
        20 -1.493382e-04
        21 -5.007274e-05
        22 -7.790561e-06
        23  7.993707e-05
        24 -1.480279e-04
        25  9.092403e-05
        26 -4.035801e-05
        27  7.653532e-06
        28 -2.131119e-04
        29 -1.239406e-04
        30  4.899877e-04
        31  7.415496e-05
        32  8.551673e-06
        33  1.533753e-04
        34 -7.707424e-05
        35  1.308883e-04
        36 -9.786115e-07
        37 -9.301356e-07
        38  6.893997e-06
        39  2.320704e-04
        40 -2.465134e-04
        41 -3.222907e-04
        42 -2.828170e-04
        43  2.926676e-05
        44 -2.354153e-04
        45 -1.304206e-05
        46 -2.192389e-04
        47  4.334328e-05
        48  2.205351e-05
        49  2.486225e-04
        50 -1.729462e-06
        51 -2.141563e-05
        52  1.154232e-05
        53  2.537306e-05
        54  1.520742e-04
        55  4.560275e-07
        56 -7.198536e-07
        57  4.440482e-05
        58 -1.364481e-04
        59 -3.311558e-07
        60 -3.566060e-04
        61  1.096703e-05
        62  4.850172e-05
        63 -1.100410e-04
        64 -1.980960e-04
        65 -5.451704e-05
        66 -3.678047e-05
        67  1.653785e-04
        68  4.842412e-04
        69 -1.832567e-04
        70  2.347817e-04
        71  8.720408e-05
        72 -3.329910e-05
        73  2.776767e-04
        74  2.280371e-04
        75 -1.567646e-06
        76 -1.113226e-04
        77  1.115545e-05
        78  1.617714e-04
        79 -1.903877e-07
        80 -1.252083e-05
        81  2.080381e-04
        82 -2.602614e-05
        83  2.881646e-04
        84  4.923399e-05
        85  1.878114e-04
        86 -1.143789e-05
        87  3.170374e-04
        88 -8.380824e-05
        89  1.907288e-04
        90  3.692263e-05
        91 -5.745957e-05
        92  2.461118e-04
        93  8.890675e-05
        94 -2.011298e-04
        95  8.454784e-05
        96  2.059367e-04
        97  7.929455e-06
        98  4.844287e-05
        99 -3.007695e-05
       100 -1.933580e-05
       101 -1.717088e-05
       102 -3.797855e-04
       103  4.813303e-05
       104 -3.228122e-04
       105  2.455945e-04
       106 -3.335528e-05
       107  3.662323e-07
       108  1.787578e-04
       109  6.252999e-05
       110  3.219778e-05
       111  4.469766e-05
       112 -4.889791e-05
       113 -2.758981e-05
       114  3.453149e-05
       115  4.365187e-05
       116  4.446041e-05
       117  2.044076e-05
       118 -1.718042e-04
       119 -1.731297e-05
       120 -1.169975e-05
       121  8.737870e-06
       122  1.005760e-05
       123  1.884379e-05
       124  1.302498e-06
       125  2.377143e-07
       126  5.986753e-04
       127  7.373842e-05
       128  5.457207e-05
       129  2.615618e-05
       130  5.647805e-05
       131  1.166710e-04
       132  7.061701e-05
       133  4.672614e-07
       134  6.352410e-05
       135 -5.021461e-05
       136  2.907198e-04
       137 -2.758409e-07
       138  2.299965e-04
       139  4.787027e-06
       140  2.706702e-05
       141 -3.228084e-05
       142  2.780862e-05
       143  2.489056e-04
       144 -1.385478e-06
       145  2.252279e-04
       146 -4.159903e-04
       147  4.328490e-04
       148 -9.486910e-05
       149  2.521278e-05
       150 -1.908332e-03
       151  7.056022e-04
       152 -2.144869e-04
       153  8.089777e-05
       154  2.105337e-05
       155 -4.167126e-05
       156 -1.450022e-06
       157 -1.283575e-06
       158 -2.886180e-06
       159 -3.459090e-05