       pos          info
         0 -1.014404e-05
         1  2.893302e-04
         2 -7.308502e-05
         3 -3.608671e-08
         4 -1.316235e-05
         5  5.306836e-05
         6  4.075267e-04
         7  1.078738e-04
         8  8.945000e-05
         9  1.310043e-04
        10 -5.181685e-05
        11  1.641767e-04
        12 -2.313171e-04
        13  1.127815e-04
        14 -4.945942e-04
        15 -9.061681e-05
        16  3.193845e-04
        17 -1.321817e-04
        18 -1.106820e-05
        19  5.848748e-07
        20 -1.056300e-05
        21  8.110121e-06
        22 -2.321138e-05
        23 -1.108654e-05
        24  7.924156e-06
        25 -4.607973e-05
        26  1.583933e-04
        27 -5.956971e-05
        28 -6.364148e-04
        29  2.631671e-04
        30  1.056872e-05
        31 -5.229776e-05
        32  1.201361e-04
        33 -1.144264e-05
        34 -4.773922e-05
        35 -2.130644e-04
        36 -4.009359e-05
        37 -2.143598e-06
        38 -2.818801e-06
        39  1.067000e-11
        40  8.514259e-05
        41  5.469183e-05
        42  2.050797e-05
        43  2.025706e-05
        44 -1.058727e-05
        45  3.576886e-05
        46  1.246766e-04
        47  2.534314e-05
        48 -4.288799e-04
        49 -1.381051e-05
        50 -1.579316e-05
        51  1.140886e-04
        52  8.592958e-05
        53 -6.497292e-05
        54 -7.882043e-05
        55  4.160906e-04
        56 -1.077760e-04
        57  3.529943e-05
        58 -3.262136e-05
        59  9.385546e-06
        60 -9.105096e-09
        61  1.817210e-05
        62 -6.760222e-04
        63  5.435960e-06
        64  1.754739e-05
        65 -1.010616e-05
        66  6.996273e-05
        67  1.551457e-05
        68 -2.076392e-07
        69 -2.752682e-05
        70  4.043276e-05
        71  9.566529e-06
        72  1.727027e-04
        73 -1.339178e-04
        74 -1.228189e-05
        75 -2.501117e-14
        76 -5.209019e-05
        77  7.714164e-06
        78  1.140124e-05
        79  1.751589e-06
        80  7.609675e-05
        81  2.041517e-03
        82  1.121685e-04
        83  4.231213e-04
        84 -5.144038e-03
        85 -1.323773e-03
        86  3.610711e-08
        87 -1.119848e-04
        88  2.546942e-04
        89 -3.393781e-05
        90 -1.928698e-04
        91  2.622681e-04
        92  4.456976e-04
        93  1.340472e-04
        94 -4.935196e-05
        95 -6.479665e-07
        96 -2.304059e-04
        97 -1.215382e-05
        98 -5.535946e-04
        99 -5.005965e-05
       100 -8.452130e-07
       101  6.279064e-04
       102  4.559185e-04
       103  2.604373e-05
       104  1.094471e-03
       105  1.920723e-04
       106  2.100098e-04
       107  6.525665e-07
       108  6.770209e-05
       109  9.369229e-04
       110  1.966531e-04
       111  8.029445e-05
       112  3.914345e-06
       113  1.327327e-05
       114 -5.694159e-04
       115 -4.255230e-06
       116 -6.762856e-05
       117  6.992001e-07
       118 -7.061629e-04
       119  4.739278e-05
       120  2.452243e-04
       121  8.039598e-06
       122  1.360862e-05
       123 -6.400642e-06
       124  1.114115e-05
       125 -3.433249e-04
       126 -2.305507e-04
       127 -8.390890e-06
       128  2.661538e-04
       129  3.509631e-05
       130 -9.752030e-05
       131 -1.667979e-04
       132  1.231568e-04
       133 -1.199270e-04
       134  1.484862e-05
       135 -7.917279e-05
       136  1.812436e-04
       137 -6.589256e-05
       138  6.490877e-05
       139 -2.348551e-07
       140 -3.439778e-04
       141 -2.981688e-04
       142 -5.172509e-04
       143 -1.697057e-04
       144  1.342926e-04
       145  2.494621e-04
       146  4.038306e-05
       147 -9.752123e-05
       148  7.311528e-05
       149  6.280962e-05
       150  2.179093e-04
       151  5.396121e-05
       152  6.036534e-05
       153  7.378119e-07
       154 -2.371933e-05
       155  2.760194e-04
       156  1.174777e-04
       157  5.381994e-06
       158 -3.006956e-06
       159  3.518635e-05