       pos          info
         0  2.849272e-05
         1 -9.698001e-06
         2 -5.791590e-05
         3 -1.263630e-07
         4  2.684015e-06
         5  7.159676e-04
         6 -7.612269e-05
         7  2.177689e-05
         8  6.183613e-05
         9  8.816808e-04
        10 -1.768162e-04
        11  1.729046e-05
        12 -8.219138e-05
        13  7.259342e-05
        14 -6.993234e-04
        15 -6.442135e-05
        16  9.977283e-06
        17 -8.284521e-05
        18  8.529925e-05
        19 -7.502215e-06
        20 -1.736041e-04
        21 -6.191534e-04
        22 -6.438637e-05
        23 -5.188933e-06
        24  2.067162e-04
        25  1.298884e-06
        26 -1.934748e-05
        27 -4.613381e-07
        28 -2.028961e-05
        29  2.041768e-04
        30 -1.623853e-05
        31 -3.636647e-04
        32 -3.055500e-04
        33  2.196479e-06
        34 -3.402707e-05
        35 -1.579189e-04
        36 -2.176927e-05
        37  7.969475e-05
        38  9.955552e-07
        39 -3.153461e-06
        40 -2.007624e-05
        41  3.333892e-04
        42  4.476222e-05
        43 -2.832755e-04
        44 -1.018339e-04
        45  1.606871e-04
        46  6.640710e-06
        47  2.917136e-06
        48 -5.041229e-04
        49  6.369378e-05
        50  1.954835e-07
        51 -2.167790e-04
        52 -9.239689e-06
        53  5.159768e-05
        54  4.624777e-04
        55  2.468516e-05
        56 -1.499361e-04
        57  8.638249e-04
        58  2.128339e-04
        59 -5.445484e-06
        60 -2.329891e-05
        61  1.070892e-05
        62 -1.584991e-06
        63 -1.536415e-06
        64 -6.257392e-04
        65  3.071025e-06
        66  3.751540e-04
        67  1.588556e-05
        68 -9.590309e-05
        69 -5.824606e-04
        70  5.798316e-04
        71  3.492293e-07
        72  1.509835e-04
        73 -5.706163e-04
        74 -1.279539e-03
        75 -1.716868e-05
        76  4.942921e-06
        77 -1.885932e-05
        78  1.875069e-05
        79  4.486654e-04
        80 -2.318014e-05
        81  2.910425e-03
        82  1.237619e-03
        83  2.403361e-06
        84 -5.659380e-03
        85 -2.041476e-03
        86  7.046244e-05
        87 -1.155456e-05
        88  7.567143e-05
        89  1.153125e-04
        90 -4.989859e-05
        91 -8.199712e-05
        92  4.141206e-06
        93  1.027234e-04
        94 -9.734710e-05
        95  3.344503e-05
        96  1.724371e-04
        97 -1.392859e-04
        98 -9.026809e-04
        99 -2.809547e-04
       100  3.672346e-07
       101  1.680093e-03
       102  1.603002e-03
       103  5.437615e-04
       104  2.719043e-03
       105  2.619625e-04
       106  1.623824e-03
       107 -4.164670e-05
       108  1.854695e-05
       109  3.174368e-03
       110  5.007327e-05
       111  6.752469e-05
       112  2.240542e-06
       113 -3.876638e-06
       114 -7.103169e-04
       115 -3.494651e-04
       116 -2.974272e-05
       117  6.939016e-05
       118 -4.569868e-04
       119 -1.932842e-06
       120 -1.706451e-07
       121  2.492748e-04
       122 -8.105166e-05
       123 -2.110879e-04
       124 -1.967992e-04
       125 -7.632501e-05
       126 -8.709294e-04
       127 -1.282605e-07
       128  3.938820e-05
       129  1.444508e-05
       130  1.640219e-04
       131 -4.363142e-06
       132  6.563669e-05
       133 -1.045333e-04
       134  7.059515e-05
       135 -1.026731e-05
       136  2.124278e-05
       137  7.456844e-05
       138  9.880650e-05
       139 -3.766076e-06
       140 -2.315492e-04
       141  9.476423e-06
       142 -4.935607e-04
       143 -6.304120e-05
       144  4.370163e-05
       145 -1.014266e-04
       146 -2.573368e-04
       147 -3.133604e-06
       148  4.785810e-04
       149 -4.043646e-06
       150 -5.088373e-05
       151  5.494066e-06
       152  1.035705e-05
       153 -2.652133e-04
       154 -5.823803e-05
       155 -7.014488e-07
       156  2.526911e-04
       157  1.514633e-05
       158 -1.082098e-04
       159  4.263742e-06