       pos          info
         0 -2.434488e-05
         1  9.018016e-06
         2 -1.272741e-04
         3 -1.400025e-04
         4  6.930333e-04
         5  6.523461e-05
         6  5.703507e-06
         7 -1.225047e-06
         8  2.273670e-05
         9  8.073144e-05
        10  2.895855e-04
        11 -6.045545e-06
        12 -1.111531e-04
        13 -6.683665e-06
        14  2.282770e-04
        15  2.228641e-04
        16 -4.124203e-06
        17 -9.377322e-05
        18 -2.331053e-04
        19  7.064577e-07
        20  4.903159e-05
        21 -2.006575e-05
        22 -7.391052e-06
        23  1.396245e-04
        24 -1.224630e-04
        25  2.024272e-05
        26  1.751904e-04
        27 -4.507842e-06
        28  1.434883e-04
        29  7.447006e-07
        30  7.814178e-07
        31  1.243743e-04
        32 -8.706702e-05
        33  1.226922e-05
        34  3.387990e-05
        35  1.100011e-05
        36 -1.411074e-05
        37  4.790008e-05
        38 -6.178486e-06
        39 -1.061432e-06
        40  2.025799e-05
        41 -1.168309e-05
        42  7.045921e-05
        43 -5.368366e-04
        44 -1.065036e-04
        45 -2.734389e-04
        46 -1.316843e-06
        47  1.433124e-04
        48  2.684681e-05
        49 -3.352789e-04
        50 -4.262708e-04
        51 -1.244876e-05
        52  9.753054e-05
        53  7.262607e-05
        54  3.231785e-04
        55 -1.785068e-04
        56 -4.352850e-06
        57  6.467937e-05
        58  1.460489e-06
        59  9.653672e-05
        60 -1.601506e-04
        61  1.069682e-04
        62 -6.528143e-05
        63  8.480697e-07
        64 -1.138709e-04
        65  2.682894e-04
        66  3.331983e-06
        67  1.730443e-03
        68 -1.548120e-03
        69  2.403997e-04
        70  1.129937e-04
        71 -3.018483e-04
        72 -3.548350e-05
        73 -1.065860e-05
        74 -8.561019e-07
        75 -2.991495e-05
        76 -5.888885e-05
        77  9.669101e-06
        78  4.856426e-07
        79  8.314999e-05
        80  8.413980e-05
        81  5.630516e-05
        82  2.712181e-04
        83 -2.870375e-05
        84 -4.719557e-06
        85 -1.685813e-04
        86 -1.445319e-03
        87  5.097303e-04
        88  1.018192e-03
        89  2.865807e-03
        90 -3.864102e-04
        91  2.405290e-03
        92  1.862047e-03
        93 -4.019718e-04
        94  3.165749e-07
        95  7.819423e-05
        96  8.823991e-04
        97 -1.807259e-04
        98 -5.887848e-05
        99 -1.182880e-04
       100 -1.069126e-05
       101 -2.557403e-05
       102 -1.960274e-04
       103  1.721492e-04
       104  2.755418e-05
       105 -5.582159e-05
       106  1.097591e-05
       107  3.530215e-04
       108 -8.078068e-05
       109  8.196920e-06
       110 -3.648602e-04
       111 -1.777618e-05
       112 -2.340931e-06
       113  9.777743e-05
       114 -2.961605e-05
       115 -3.043015e-06
       116  7.532423e-08
       117  2.723902e-04
       118 -1.808981e-05
       119  7.286354e-05
       120  2.738217e-06
       121 -1.619074e-04
       122 -1.637258e-05
       123 -3.684644e-04
       124 -8.299866e-05
       125 -1.987060e-05
       126 -2.761547e-06
       127  1.047154e-04
       128  3.717630e-06
       129 -2.063141e-05
       130 -6.417884e-08
       131  9.349335e-05
       132 -1.330904e-04
       133 -1.017267e-03
       134  2.338425e-06
       135  3.907610e-05
       136 -8.301744e-07
       137 -1.314634e-04
       138 -5.914089e-06
       139  7.890335e-08
       140  2.986515e-07
       141  8.023613e-08
       142 -1.226337e-05
       143 -9.110778e-06
       144 -9.283101e-05
       145 -4.495559e-07
       146  5.640273e-07
       147 -6.697646e-06
       148 -2.084160e-07
       149 -8.686431e-05
       150 -7.369525e-06
       151 -5.359197e-04
       152  1.628128e-04
       153 -3.136347e-05
       154  8.941135e-06
       155  1.394031e-05
       156  3.158989e-04
       157  3.372578e-05
       158 -3.181590e-04
       159 -1.126626e-05