       pos          info
         0  3.168611e-06
         1  6.977481e-06
         2  4.030475e-07
         3  6.940049e-05
         4  4.440527e-05
         5  1.869893e-06
         6 -5.914176e-05
         7  3.109377e-05
         8 -8.334776e-07
         9 -2.106275e-05
        10  2.245904e-04
        11  1.226258e-05
        12 -6.957849e-06
        13  3.602054e-05
        14  1.644567e-05
        15 -1.186010e-06
        16 -4.671355e-05
        17 -1.135332e-04
        18  3.548318e-06
        19  4.999924e-06
        20  3.267429e-06
        21 -3.698852e-05
        22  1.157719e-04
        23  1.711301e-05
        24  1.617470e-04
        25 -6.248336e-04
        26  3.852601e-04
        27 -5.708966e-05
        28  3.923060e-05
        29 -4.286669e-06
        30  2.583825e-05
        31 -3.108584e-04
        32  2.101635e-04
        33  7.337483e-05
        34 -2.707219e-04
        35  2.832919e-04
        36 -3.555618e-05
        37  9.710913e-05
        38 -8.822376e-05
        39  1.511180e-05
        40  7.552266e-06
        41  2.970909e-08
        42  3.121064e-04
        43 -2.571226e-06
        44 -2.326813e-05
        45  4.176370e-05
        46  1.934487e-04
        47 -8.661811e-05
        48  2.179391e-05
        49 -7.890728e-07
        50  1.820114e-04
        51 -1.352392e-04
        52  2.496394e-05
        53  5.407858e-05
        54  2.621784e-05
        55  5.542584e-05
        56 -5.256396e-06
        57  3.055283e-04
        58  7.636456e-06
        59  1.460275e-04
        60  4.039876e-07
        61  3.181242e-04
        62  1.532040e-05
        63 -7.671867e-06
        64  1.533427e-04
        65  1.446567e-05
        66 -6.730229e-05
        67  5.232350e-05
        68 -1.353313e-05
        69  1.236081e-05
        70  1.404294e-05
        71  3.241170e-04
        72 -2.162729e-05
        73  5.623319e-05
        74 -9.856232e-06
        75 -4.424464e-04
        76  2.493847e-07
        77 -5.525372e-04
        78 -2.423939e-05
        79 -2.578220e-04
        80  3.871799e-06
        81 -1.215961e-04
        82 -1.013173e-06
        83  3.953015e-05
        84  1.144379e-04
        85  3.426284e-05
        86  4.678236e-05
        87 -6.098435e-07
        88 -6.482821e-05
        89  9.166683e-08
        90  1.347155e-04
        91  7.855009e-06
        92  1.497408e-05
        93 -1.486434e-04
        94 -3.405166e-05
        95 -8.024900e-04
        96  5.745308e-05
        97 -1.180006e-05
        98  1.572725e-04
        99 -1.070867e-04
       100  1.987841e-04
       101  7.728035e-05
       102  2.798991e-07
       103  9.152370e-05
       104  8.700997e-05
       105  2.116957e-05
       106 -3.408159e-06
       107  2.259648e-04
       108  4.780135e-04
       109 -9.019901e-05
       110 -1.903537e-04
       111  2.932709e-05
       112 -2.886320e-04
       113 -1.007910e-05
       114  6.339134e-07
       115  3.699839e-05
       116  2.058073e-04
       117 -8.747015e-05
       118 -2.913979e-05
       119  2.619139e-05
       120  1.034097e-05
       121 -1.489615e-06
       122 -1.717724e-04
       123  3.545894e-05
       124  1.326999e-05
       125 -1.393347e-06
       126  3.235518e-05
       127  1.427402e-05
       128  3.594438e-05
       129 -8.414095e-08
       130  1.291807e-04
       131  2.501250e-07
       132 -1.831657e-04
       133  1.025029e-05
       134  4.229462e-06
       135 -1.458690e-04
       136  8.770846e-05
       137  1.484720e-05
       138 -1.738222e-04
       139  1.609351e-04
       140 -7.709108e-05
       141 -1.240991e-05
       142  5.659234e-05
       143  8.242809e-05
       144 -9.081658e-06
       145  1.338860e-05
       146 -3.984914e-06
       147 -5.901714e-05
       148 -2.863373e-05
       149  3.666875e-05
       150 -3.718896e-06
       151 -1.322126e-04
       152  1.355876e-04
       153 -1.480842e-05
       154  8.793258e-06
       155 -6.330954e-06
       156  1.424194e-04
       157  7.110112e-06
       158  4.899735e-05
       159 -3.503848e-05