       pos          info
         0  1.207142e-06
         1  1.223355e-05
         2  1.586182e-05
         3 -2.170307e-05
         4 -1.194263e-05
         5 -1.251671e-05
         6  2.516535e-07
         7  1.823135e-06
         8 -6.867127e-06
         9  5.931458e-05
        10  8.618940e-06
        11 -4.520421e-07
        12  7.480247e-05
        13  9.976364e-06
        14 -2.657530e-08
        15  1.270284e-06
        16  9.487512e-05
        17  2.146278e-05
        18 -5.180389e-07
        19  8.450239e-06
        20 -1.996861e-05
        21  7.834157e-06
        22 -2.067016e-05
        23 -1.161205e-06
        24 -1.073699e-05
        25  9.331479e-05
        26 -4.535636e-05
        27  2.038130e-05
        28 -2.210881e-07
        29  2.097769e-05
        30 -4.934833e-05
        31 -2.095614e-07
        32 -1.144846e-05
        33  1.833650e-06
        34  4.639225e-05
        35 -1.580899e-05
        36  7.799735e-07
        37 -6.462328e-05
        38  1.954127e-05
        39 -1.445107e-05
        40 -1.955397e-06
        41  2.231206e-06
        42 -8.276493e-06
        43  1.056203e-04
        44 -3.123596e-05
        45 -1.590789e-06
        46 -8.958637e-05
        47 -5.454401e-07
        48  1.029181e-05
        49 -3.125462e-06
        50 -3.235060e-05
        51  8.086126e-07
        52 -9.602158e-06
        53 -4.479028e-05
        54 -3.117775e-05
        55 -8.891411e-06
        56  8.610771e-06
        57 -1.289048e-05
        58  1.937145e-05
        59 -2.657873e-05
        60  7.933763e-06
        61 -5.345141e-07
        62 -2.146022e-07
        63  1.987428e-07
        64 -4.648798e-05
        65 -3.757776e-07
        66  9.959022e-05
        67  1.129748e-05
        68  4.558927e-05
        69 -2.136063e-05
        70  1.177975e-05
        71  2.593068e-08
        72  6.968481e-07
        73 -2.195957e-06
        74  7.427128e-07
        75  3.567203e-06
        76  4.961171e-06
        77  8.967982e-05
        78  1.802223e-05
        79 -1.395256e-05
        80  2.877838e-05
        81  4.771417e-05
        82  9.578064e-05
        83  2.007968e-06
        84  6.474575e-06
        85 -1.736612e-05
        86 -2.582444e-05
        87  6.668728e-06
        88  4.535565e-05
        89  3.293410e-05
        90 -2.900369e-05
        91  2.398637e-05
        92  2.819407e-09
        93  9.384509e-05
        94  1.766591e-04
        95  5.216278e-04
        96 -1.818810e-05
        97 -2.630538e-05
        98  9.493887e-08
        99  3.422339e-05
       100 -7.937646e-05
       101 -7.709816e-06
       102  6.013369e-06
       103 -2.691553e-05
       104  2.804250e-08
       105 -3.313478e-06
       106 -5.857128e-06
       107 -3.667947e-05
       108 -4.501216e-05
       109  1.663256e-07
       110  1.370632e-05
       111 -1.497119e-05
       112  7.641288e-07
       113  4.329381e-06
       114  4.381146e-06
       115 -1.666627e-05
       116 -6.968869e-06
       117  1.166169e-04
       118  6.929720e-05
       119  3.145866e-06
       120  7.712517e-07
       121 -2.529653e-07
       122  9.163744e-07
       123  2.564527e-05
       124 -2.246046e-06
       125  2.833993e-05
       126  3.314036e-07
       127 -7.341728e-06
       128 -2.731295e-05
       129 -1.124295e-05
       130  1.204713e-06
       131  1.946927e-08
       132  4.952161e-05
       133  5.190551e-06
       134 -9.204311e-07
       135  3.951166e-06
       136 -1.129541e-05
       137 -3.821533e-06
       138  1.647532e-05
       139 -8.133736e-05
       140 -4.085046e-06
       141 -1.321860e-05
       142 -6.238084e-05
       143 -2.930462e-05
       144  3.466998e-06
       145  1.750518e-05
       146  9.883491e-06
       147  1.321853e-05
       148  2.895889e-05
       149  1.089621e-05
       150  1.918406e-05
       151 -1.787108e-08
       152 -2.450500e-06
       153 -9.993288e-09
       154 -1.104703e-06
       155  2.121918e-05
       156 -2.060700e-05
       157  1.233229e-06
       158 -6.848150e-05
       159 -2.575480e-09