       pos          info
         0  3.304091e-05
         1  1.655787e-04
         2  8.247886e-06
         3  3.784537e-06
         4  6.484216e-05
         5  1.759631e-04
         6 -1.292956e-05
         7  3.641765e-04
         8 -7.157748e-05
         9  1.397044e-05
        10  4.624979e-05
        11  2.389168e-06
        12 -5.278719e-04
        13  8.420059e-07
        14 -6.338013e-05
        15  1.133827e-05
        16  1.662841e-04
        17  1.340040e-04
        18  7.665216e-05
        19  1.459902e-04
        20 -5.957969e-05
        21 -1.262392e-04
        22 -6.102537e-05
        23  2.044128e-04
        24  7.414010e-09
        25 -1.117930e-05
        26  1.706390e-04
        27 -4.789977e-05
        28 -2.012580e-04
        29 -6.006086e-05
        30  5.490154e-05
        31 -1.698514e-04
        32  1.516682e-06
        33  1.701518e-04
        34 -8.236585e-05
        35  1.840522e-06
        36  2.851144e-07
        37  1.577580e-04
        38 -4.948505e-05
        39 -1.059123e-04
        40  5.871097e-05
        41 -1.893859e-05
        42 -6.107284e-05
        43 -7.924212e-05
        44 -2.160087e-12
        45 -2.553599e-06
        46  5.940936e-05
        47  2.431914e-04
        48 -2.092079e-05
        49  6.165373e-07
        50 -1.352341e-06
        51 -7.311551e-05
        52 -3.167899e-05
        53 -2.384582e-05
        54  1.800761e-04
        55 -6.011434e-05
        56 -1.549329e-04
        57  1.785212e-04
        58  1.959821e-04
        59 -1.139490e-03
        60 -1.323814e-04
        61  1.176522e-04
        62 -6.192046e-05
        63  9.663775e-05
        64  1.423956e-05
        65  3.829951e-05
        66 -1.846174e-04
        67  1.849242e-05
        68 -1.210868e-04
        69  3.758483e-04
        70 -9.823953e-05
        71 -8.066803e-05
        72 -1.112878e-06
        73 -3.416357e-04
        74  2.214129e-04
        75  5.811476e-05
        76  9.789429e-05
        77  5.232454e-05
        78 -6.201784e-06
        79  1.274035e-04
        80 -1.124680e-04
        81  5.594571e-09
        82 -5.928655e-04
        83 -6.394367e-06
        84 -6.992439e-06
        85 -6.831861e-05
        86  9.238494e-05
        87 -7.472383e-06
        88 -2.376365e-05
        89  1.835991e-04
        90 -1.944251e-05
        91  1.438333e-04
        92 -1.696397e-06
        93  2.291329e-04
        94  2.975393e-05
        95 -4.036709e-06
        96  3.539472e-05
        97  7.549975e-04
        98  1.179368e-04
        99 -9.520002e-05
       100 -2.296733e-04
       101  4.125837e-05
       102  4.156101e-05
       103  2.230794e-03
       104 -1.297449e-03
       105 -2.042662e-04
       106  1.028857e-03
       107  2.336020e-04
       108  9.216253e-04
       109  2.039381e-04
       110  2.578370e-05
       111  4.409275e-04
       112  1.265160e-04
       113  3.500672e-04
       114  1.671118e-05
       115  1.004427e-04
       116  1.083876e-04
       117  2.222701e-05
       118  1.455091e-04
       119  9.252851e-04
       120  1.629401e-05
       121  3.008340e-04
       122  1.098720e-03
       123  1.446994e-03
       124 -7.391450e-05
       125  6.705336e-04
       126 -3.928976e-04
       127  3.987241e-04
       128 -5.424811e-05
       129  5.638128e-04
       130 -1.116524e-03
       131 -9.472161e-05
       132  1.470015e-04
       133 -4.057822e-06
       134  2.616514e-04
       135 -8.406125e-05
       136 -3.667296e-05
       137  1.473730e-05
       138 -1.186834e-05
       139  9.182895e-05
       140  8.136203e-05
       141  5.046403e-06
       142 -1.587149e-05
       143  2.050973e-04
       144  7.103411e-06
       145 -1.013522e-04
       146 -2.657685e-04
       147 -5.830862e-10
       148 -1.714951e-05
       149 -7.780250e-05
       150 -2.528570e-04
       151 -1.742568e-04
       152 -2.269331e-04
       153 -5.722216e-06
       154  1.527850e-04
       155 -1.357102e-04
       156 -4.616779e-06
       157 -1.158835e-05
       158  2.047103e-05
       159 -1.506701e-04