       pos          info
         0  5.224988e-05
         1 -8.031932e-05
         2 -9.220464e-06
         3 -1.723559e-04
         4  2.524333e-04
         5  1.963635e-05
         6  2.572206e-05
         7  1.938851e-06
         8  9.288372e-05
         9 -2.201276e-08
        10  7.965852e-05
        11 -9.629928e-07
        12 -2.855726e-05
        13  6.890188e-05
        14  5.804089e-05
        15  3.662701e-05
        16  1.320435e-04
        17  1.614320e-04
        18  1.786138e-05
        19 -1.176099e-04
        20 -8.527586e-05
        21  3.064052e-04
        22 -1.234427e-04
        23  9.915238e-04
        24  1.597468e-07
        25  3.990097e-04
        26  4.497835e-05
        27 -1.085217e-05
        28  3.233942e-05
        29  1.722177e-04
        30  7.278673e-05
        31  1.326521e-06
        32  2.039231e-06
        33  4.506246e-06
        34 -5.204809e-05
        35 -1.946325e-05
        36  1.633967e-04
        37  1.731240e-04
        38  5.254203e-05
        39  2.634793e-05
        40  3.153109e-04
        41  2.385607e-04
        42  2.630797e-06
        43  6.131522e-04
        44  9.500563e-06
        45  8.713126e-06
        46 -1.120556e-05
        47  2.548931e-04
        48 -5.160912e-07
        49  3.970688e-04
        50  9.749799e-04
        51  3.209341e-03
        52  1.202147e-03
        53  2.974569e-03
        54  5.902193e-07
        55  4.884273e-04
        56  3.526386e-04
        57  4.126782e-06
        58  9.883344e-06
        59  1.997550e-07
        60  1.035680e-04
        61  9.649552e-05
        62  3.102322e-06
        63 -2.506053e-05
        64  2.683535e-05
        65  1.340113e-06
        66  8.213270e-06
        67  2.301801e-03
        68  9.195904e-05
        69 -1.711962e-08
        70 -3.054460e-04
        71 -8.657467e-04
        72 -1.930853e-04
        73 -5.302502e-04
        74  4.874023e-03
        75  4.387230e-04
        76 -2.897184e-05
        77  1.054948e-03
        78  1.829826e-03
        79 -5.116830e-06
        80 -7.153798e-05
        81 -8.091058e-04
        82 -2.318658e-03
        83 -7.489227e-04
        84 -9.750647e-04
        85 -2.982387e-03
        86 -1.699721e-03
        87 -1.541577e-04
        88 -5.687480e-04
        89 -3.463556e-03
        90 -1.816672e-03
        91 -1.831396e-03
        92 -8.940525e-04
        93 -6.414062e-04
        94 -1.229067e-04
        95 -1.060817e-05
        96  9.472877e-05
        97  5.294227e-06
        98 -1.265946e-07
        99 -5.400629e-04
       100  1.821986e-05
       101  1.542011e-04
       102  1.700383e-08
       103  6.944137e-06
       104  1.852452e-04
       105  1.545506e-04
       106  6.089170e-05
       107  1.804555e-05
       108 -1.605783e-04
       109  4.798611e-05
       110 -6.372750e-05
       111 -1.099817e-04
       112  1.315767e-04
       113 -9.794246e-06
       114  4.922127e-05
       115 -2.176013e-04
       116 -8.171024e-06
       117  3.852917e-04
       118 -5.073356e-05
       119 -2.868088e-04
       120 -6.933177e-05
       121  7.081857e-05
       122 -3.198283e-04
       123 -5.605197e-05
       124 -1.820427e-06
       125 -4.851633e-05
       126 -7.440496e-06
       127 -1.768480e-05
       128  9.261421e-07
       129 -8.404629e-06
       130 -3.801731e-04
       131 -9.390971e-06
       132 -8.970479e-05
       133 -9.338607e-04
       134 -1.515408e-05
       135 -5.541888e-05
       136  5.114562e-04
       137 -1.626519e-04
       138  4.306483e-07
       139  3.405593e-05
       140 -7.867053e-05
       141 -9.836620e-11
       142 -5.738196e-05
       143 -3.633594e-05
       144 -7.566187e-06
       145 -3.813996e-04
       146 -9.682360e-05
       147  3.272938e-05
       148  1.317025e-05
       149 -1.244458e-04
       150  2.028617e-08
       151  7.372970e-05
       152  9.018361e-05
       153 -1.219536e-05
       154 -3.494138e-06
       155 -1.316056e-04
       156 -2.524475e-07
       157 -2.668845e-06
       158  4.321739e-05
       159  9.036860e-06