       pos          info
         0  4.317396e-05
         1  4.971791e-06
         2 -1.597423e-05
         3 -4.834385e-05
         4  1.290488e-04
         5 -2.341004e-09
         6  3.395447e-04
         7  1.250520e-04
         8  1.253919e-03
         9  2.719229e-04
        10  4.310270e-04
        11  1.478093e-04
        12 -6.170523e-05
        13  7.378272e-05
        14  2.263263e-05
        15  3.535107e-04
        16 -1.452645e-05
        17  1.101984e-04
        18  3.270040e-04
        19  2.891602e-06
        20 -7.155219e-05
        21  2.306328e-04
        22 -7.665332e-05
        23  7.799392e-04
        24 -1.863677e-04
        25  6.682449e-05
        26 -4.884563e-07
        27 -3.172873e-05
        28 -1.100106e-05
        29  6.676119e-04
        30 -7.674264e-05
        31 -7.043681e-06
        32  2.043528e-04
        33 -1.569676e-05
        34 -5.174430e-06
        35  1.398334e-08
        36  1.685753e-05
        37  3.930927e-05
        38 -7.284593e-08
        39  2.573871e-05
        40  1.766392e-04
        41  1.772438e-04
        42  9.847396e-07
        43  5.114148e-04
        44  3.968234e-04
        45 -2.327481e-05
        46  1.516704e-05
        47  2.293449e-04
        48  3.789593e-05
        49  8.764944e-05
        50  1.278477e-03
        51  2.850090e-03
        52  7.863039e-04
        53  1.468481e-03
        54  1.412171e-04
        55  4.288729e-04
        56  5.286590e-05
        57  6.016281e-06
        58  1.302220e-05
        59 -9.620795e-05
        60  1.735512e-04
        61  1.164323e-04
        62  2.657080e-06
        63 -1.136380e-04
        64 -1.073140e-05
        65  7.135938e-08
        66 -4.359217e-05
        67  1.689528e-03
        68  6.316854e-04
        69  7.377174e-06
        70 -3.996650e-04
        71 -6.569858e-05
        72 -2.308977e-04
        73 -4.228592e-04
        74  5.976556e-03
        75  9.023890e-05
        76 -3.753556e-04
        77  1.742945e-03
        78  2.145563e-03
        79 -7.227327e-05
        80 -1.621021e-04
        81 -1.418178e-03
        82 -2.672799e-03
        83 -1.446836e-03
        84 -2.643742e-04
        85 -2.944748e-03
        86 -1.138735e-03
        87 -4.399726e-04
        88 -5.707831e-04
        89 -2.866021e-03
        90 -1.833684e-03
        91 -6.504994e-04
        92 -4.214841e-04
        93 -5.335281e-04
        94 -1.259644e-04
        95  1.405695e-06
        96  3.407144e-04
        97  8.938499e-05
        98  7.796974e-05
        99 -6.677544e-04
       100  3.760607e-05
       101  7.475007e-05
       102  1.111965e-04
       103 -2.303779e-05
       104  6.358342e-07
       105  5.942030e-12
       106  8.196351e-05
       107  1.256381e-05
       108 -4.790654e-04
       109 -1.244489e-08
       110 -1.115003e-05
       111 -2.128426e-05
       112  6.860543e-05
       113 -6.377515e-05
       114  8.437489e-06
       115 -6.015660e-06
       116 -1.291433e-04
       117  4.879732e-06
       118 -4.519330e-05
       119 -4.123890e-04
       120 -4.211612e-04
       121  7.430147e-05
       122 -5.143325e-04
       123  6.159536e-08
       124 -6.955175e-05
       125 -2.538532e-04
       126  3.704439e-06
       127  6.128894e-05
       128  2.075040e-06
       129  1.072934e-05
       130 -1.342584e-04
       131  6.369870e-05
       132 -1.290442e-05
       133 -2.553677e-04
       134 -3.955730e-05
       135 -1.923208e-05
       136  2.098471e-05
       137 -1.348370e-04
       138 -1.000383e-04
       139 -3.369178e-06
       140  1.739875e-07
       141 -9.009730e-07
       142 -1.523714e-04
       143 -5.547152e-06
       144  5.465490e-05
       145 -1.174352e-04
       146 -6.849665e-07
       147  1.895474e-04
       148  2.148289e-04
       149 -2.489074e-04
       150  4.017238e-05
       151  2.264347e-05
       152  3.084903e-06
       153 -4.289065e-05
       154  5.507778e-05
       155 -1.088892e-04
       156 -8.719129e-06
       157  5.821296e-05
       158  3.390054e-05
       159  8.119942e-05