       pos          info
         0 -1.668350e-04
         1  8.709119e-06
         2  2.869565e-04
         3  1.664319e-05
         4  8.153225e-07
         5 -2.170796e-07
         6  3.609754e-04
         7  9.381018e-05
         8  3.140931e-04
         9 -1.956002e-05
        10 -1.831496e-04
        11 -6.406556e-06
        12  4.276630e-04
        13  4.670834e-05
        14  3.286085e-05
        15 -5.586789e-04
        16  6.377457e-04
        17  3.942961e-05
        18  2.388048e-04
        19  5.394174e-05
        20 -9.850129e-05
        21  1.413038e-05
        22  4.440802e-08
        23  4.322655e-06
        24  8.623487e-05
        25  8.804616e-05
        26 -3.601576e-07
        27  8.344270e-07
        28  1.190402e-05
        29 -4.298475e-05
        30  6.286211e-05
        31  5.511716e-06
        32 -7.503190e-05
        33 -1.741406e-03
        34  8.770099e-06
        35 -9.960521e-08
        36 -1.957629e-04
        37 -4.766002e-04
        38  1.540814e-05
        39  1.902705e-06
        40  9.705946e-06
        41  5.759870e-05
        42  8.256226e-05
        43  1.297997e-05
        44  1.145885e-04
        45  5.575334e-06
        46 -1.161532e-04
        47 -3.304289e-04
        48 -1.134450e-03
        49 -5.414475e-05
        50  1.635569e-04
        51  1.024937e-05
        52 -2.443006e-08
        53 -4.521218e-05
        54  2.985302e-06
        55  3.020019e-05
        56 -4.379880e-04
        57  1.202837e-04
        58  5.466381e-04
        59  2.157808e-09
        60  2.650429e-04
        61 -5.815822e-05
        62  2.055498e-06
        63  2.659680e-04
        64  1.183592e-04
        65  4.405287e-04
        66  3.234634e-05
        67  2.825703e-05
        68 -6.089652e-05
        69  2.783775e-04
        70  7.779484e-04
        71 -2.606687e-06
        72  1.214555e-04
        73  9.016148e-05
        74 -2.191986e-04
        75  9.628671e-04
        76  5.636863e-06
        77  5.807025e-04
        78 -1.814927e-04
        79  6.736985e-04
        80  1.657203e-04
        81 -3.056400e-05
        82 -6.331290e-05
        83  1.696778e-04
        84  3.604238e-04
        85  5.839515e-05
        86  3.766935e-04
        87  1.380460e-04
        88 -2.930318e-05
        89 -9.648097e-05
        90 -4.030940e-04
        91  2.214182e-07
        92 -5.925938e-04
        93  1.503406e-07
        94 -1.207284e-04
        95  1.461332e-06
        96  2.918253e-04
        97 -2.457936e-05
        98  7.103794e-06
        99 -4.672629e-04
       100 -1.774691e-04
       101 -1.969192e-04
       102  6.612760e-04
       103  6.463926e-04
       104  1.017841e-04
       105 -3.861970e-05
       106  2.502936e-04
       107  9.180838e-04
       108  5.104565e-06
       109  2.827708e-04
       110 -6.701080e-05
       111 -6.827101e-06
       112 -2.344624e-06
       113 -5.963802e-09
       114  4.498405e-05
       115  2.394775e-05
       116 -2.022228e-04
       117  3.853344e-06
       118 -7.457001e-05
       119  1.226968e-05
       120 -1.555480e-04
       121 -1.790666e-07
       122 -4.768614e-04
       123  5.039112e-06
       124 -8.609181e-05
       125 -3.422681e-05
       126 -1.305727e-04
       127 -1.005165e-04
       128 -6.683667e-05
       129 -3.802581e-05
       130  7.366404e-04
       131 -9.565280e-05
       132 -8.269211e-05
       133  2.009582e-04
       134  9.630816e-04
       135  3.307865e-04
       136 -6.109736e-04
       137 -6.065590e-09
       138  2.507063e-04
       139  1.120274e-04
       140  7.289159e-05
       141 -1.665844e-05
       142  5.114282e-05
       143 -9.083492e-05
       144  1.771455e-06
       145  4.467896e-06
       146  5.235191e-05
       147  1.842645e-05
       148  5.109761e-05
       149  7.421803e-06
       150  2.792515e-04
       151 -2.169969e-06
       152 -2.610157e-04
       153 -1.258527e-04
       154 -4.141991e-04
       155  2.953473e-04
       156 -1.754085e-05
       157 -2.059840e-05
       158  4.272452e-05
       159 -7.270139e-06