       pos          info
         0 -4.924343e-05
         1  7.250226e-05
         2 -1.478594e-04
         3 -5.177998e-05
         4  5.520024e-05
         5  1.252451e-04
         6 -2.452039e-06
         7 -7.356872e-05
         8 -3.273262e-04
         9  1.861476e-05
        10  1.156022e-05
        11  3.182329e-04
        12 -6.989490e-05
        13  1.295922e-07
        14  1.467400e-04
        15  2.131780e-05
        16 -1.811382e-05
        17  1.342730e-04
        18  3.119943e-09
        19  2.840827e-08
        20  2.439076e-05
        21 -3.971278e-05
        22  3.410861e-04
        23  2.347333e-05
        24  5.627812e-08
        25  1.118088e-05
        26 -4.319166e-05
        27  2.142996e-04
        28 -1.110012e-05
        29 -4.810487e-06
        30  6.638484e-05
        31 -4.492116e-05
        32  1.723709e-05
        33 -3.620912e-04
        34  3.071931e-04
        35 -6.879565e-05
        36 -1.825843e-04
        37  5.747722e-04
        38  4.195950e-05
        39  1.301083e-06
        40  6.100856e-06
        41  2.954566e-05
        42 -1.971332e-05
        43 -2.225141e-04
        44 -2.404320e-04
        45 -2.266494e-04
        46 -1.131581e-05
        47  1.264019e-04
        48  1.465550e-04
        49 -4.849142e-04
        50 -3.328172e-06
        51  1.041441e-05
        52  5.375402e-05
        53 -4.802465e-06
        54  2.234344e-04
        55  1.223235e-04
        56  1.686624e-05
        57  1.229676e-05
        58  3.303232e-05
        59 -6.471614e-06
        60 -4.332698e-05
        61 -5.013222e-06
        62  7.552539e-06
        63 -8.120758e-05
        64 -4.699362e-04
        65  1.686724e-04
        66  1.663535e-08
        67  1.455954e-04
        68 -9.342581e-05
        69  3.143496e-06
        70  4.578412e-05
        71 -1.110477e-05
        72 -1.322281e-04
        73  5.552990e-06
        74 -1.651099e-04
        75 -4.379316e-05
        76  5.285372e-04
        77 -1.057228e-04
        78  5.992141e-05
        79  2.461365e-04
        80 -1.743690e-03
        81  8.150163e-04
        82  1.351885e-03
        83  8.988398e-04
        84  1.522907e-07
        85 -2.421337e-06
        86  9.323766e-05
        87  1.881136e-07
        88  6.863589e-05
        89 -2.538867e-04
        90  1.420697e-05
        91 -8.704567e-05
        92 -3.166581e-04
        93  4.602924e-04
        94  6.718830e-05
        95  2.088254e-04
        96 -6.408195e-04
        97  1.987655e-04
        98 -4.615825e-05
        99  3.151598e-04
       100 -1.623509e-03
       101  1.121102e-04
       102  3.243957e-07
       103  2.304152e-03
       104  1.393106e-03
       105 -7.094862e-04
       106  4.647697e-05
       107  7.140487e-04
       108  8.468318e-04
       109  1.869846e-04
       110  4.066606e-05
       111 -1.919253e-04
       112 -3.135955e-04
       113 -3.980434e-05
       114  5.660503e-05
       115 -8.372872e-07
       116  4.508653e-04
       117 -2.218254e-06
       118 -5.268958e-06
       119  8.916006e-05
       120  1.288232e-06
       121 -7.945430e-05
       122 -3.078931e-06
       123 -1.095111e-04
       124  1.573760e-05
       125 -3.429908e-04
       126  7.643639e-04
       127  7.712464e-05
       128 -8.927410e-05
       129  8.257466e-06
       130 -6.959548e-06
       131 -2.351301e-04
       132  2.260000e-04
       133  4.274530e-05
       134 -3.349108e-05
       135 -3.872786e-04
       136 -2.848487e-04
       137  6.365093e-06
       138 -1.549191e-05
       139  3.835627e-04
       140  1.322364e-05
       141 -2.370762e-05
       142 -1.428489e-04
       143  7.438395e-07
       144  2.658335e-05
       145  5.018693e-04
       146  6.534867e-05
       147  2.742411e-05
       148 -7.259228e-05
       149  4.104143e-05
       150 -9.482052e-05
       151 -2.385772e-06
       152 -7.154411e-04
       153  1.223491e-05
       154  2.754844e-05
       155 -4.719811e-08
       156  8.055333e-07
       157 -9.170978e-05
       158  9.666268e-05
       159  2.626192e-04