       pos          info
         0  1.854695e-05
         1  1.111428e-04
         2  4.238169e-06
         3 -3.618819e-05
         4  5.682448e-05
         5 -2.177919e-06
         6 -2.028798e-05
         7  7.457082e-05
         8  8.351402e-06
         9 -1.051167e-04
        10  3.553250e-05
        11 -2.722644e-07
        12 -7.598919e-05
        13  9.416605e-06
        14 -1.456971e-04
        15  4.447217e-05
        16 -1.116333e-04
        17  5.568749e-05
        18 -2.997869e-05
        19  4.693923e-05
        20  1.765544e-04
        21 -1.753553e-06
        22 -6.257602e-05
        23 -1.444196e-05
        24  3.773200e-06
        25 -9.064922e-06
        26  5.222931e-05
        27  7.322661e-05
        28  2.576624e-06
        29  9.950456e-05
        30  6.460234e-07
        31 -5.617190e-05
        32  7.325661e-08
        33  9.402899e-06
        34  6.638195e-06
        35  5.279541e-05
        36 -7.912467e-05
        37 -2.479707e-05
        38  3.562207e-05
        39 -2.984069e-05
        40  1.390599e-05
        41  5.063787e-06
        42  1.564568e-04
        43 -6.055166e-05
        44  7.087802e-05
        45  1.799009e-05
        46  3.542313e-05
        47  2.990032e-05
        48  1.335372e-04
        49  8.661500e-06
        50  2.494184e-05
        51 -3.396729e-04
        52  4.272328e-06
        53  1.637224e-06
        54 -2.617716e-05
        55  1.908454e-04
        56  2.298045e-05
        57  1.368757e-06
        58 -3.252135e-06
        59  1.790755e-04
        60 -9.231901e-05
        61  1.998856e-05
        62  1.136578e-04
        63 -1.645904e-06
        64  9.252546e-05
        65 -6.775616e-05
        66  5.669200e-05
        67 -6.705790e-04
        68  6.277208e-06
        69  7.750600e-07
        70 -7.254272e-05
        71  1.297291e-04
        72 -1.944817e-04
        73 -1.201761e-05
        74  4.249572e-07
        75 -2.004160e-04
        76  5.787090e-05
        77 -3.708155e-05
        78  1.021618e-04
        79  3.851837e-06
        80  7.870395e-07
        81  2.100935e-05
        82  4.857921e-09
        83  5.752499e-05
        84  9.485115e-07
        85 -1.992957e-05
        86  3.950335e-06
        87 -3.292592e-06
        88  1.931334e-05
        89  1.197951e-04
        90 -1.935835e-06
        91  1.541909e-05
        92 -6.621669e-05
        93  2.834721e-05
        94  2.727409e-05
        95  1.002694e-05
        96  1.064904e-06
        97  3.433968e-06
        98  8.413403e-07
        99  2.651808e-05
       100 -6.548460e-05
       101  2.583171e-05
       102  5.829273e-05
       103 -4.546581e-06
       104  9.796758e-05
       105  6.459877e-05
       106 -1.994693e-05
       107  8.243615e-05
       108  1.450388e-04
       109  1.590095e-04
       110 -2.295384e-05
       111  3.636845e-06
       112  6.899589e-06
       113 -6.056735e-06
       114  2.042693e-06
       115 -1.060418e-05
       116  6.431593e-05
       117 -4.048706e-07
       118  1.225468e-05
       119 -1.253018e-04
       120 -3.063742e-07
       121 -2.651660e-05
       122  8.518232e-07
       123  9.033942e-05
       124 -2.296839e-04
       125  1.154840e-04
       126 -3.596016e-07
       127  7.047567e-06
       128  4.720347e-08
       129 -3.210472e-04
       130  4.254720e-05
       131 -4.479920e-05
       132 -4.196428e-05
       133 -4.311982e-06
       134 -1.439625e-05
       135  1.393254e-04
       136  4.969210e-05
       137 -2.301912e-08
       138  5.372669e-05
       139 -2.054192e-05
       140 -1.919087e-05
       141  1.206693e-04
       142  1.132179e-04
       143  1.164709e-05
       144 -4.843842e-05
       145  8.826486e-05
       146  8.121878e-08
       147  4.621694e-06
       148  3.503019e-05
       149  3.318269e-06
       150 -6.656789e-08
       151  8.791532e-05
       152  3.343873e-07
       153 -9.024509e-05
       154  3.272784e-05
       155 -2.637236e-04
       156 -9.597599e-05
       157  2.426189e-06
       158 -1.544021e-07
       159  1.061047e-04