       pos          info
         0 -3.710927e-05
         1 -2.127563e-06
         2 -3.822737e-05
         3 -7.104653e-06
         4 -2.160238e-06
         5  1.814212e-06
         6  6.098789e-05
         7  1.596557e-05
         8  2.143099e-06
         9 -3.093170e-09
        10 -1.575252e-05
        11 -6.028661e-06
        12 -2.677782e-05
        13  1.235499e-05
        14 -4.315875e-05
        15 -1.455678e-05
        16 -1.433750e-05
        17  2.458384e-05
        18  3.202390e-05
        19 -1.514152e-05
        20 -1.163474e-05
        21 -4.942652e-06
        22 -1.603983e-05
        23  8.340740e-06
        24 -2.750846e-06
        25 -9.602677e-05
        26 -2.164495e-05
        27  6.093784e-05
        28 -1.442925e-05
        29  5.119108e-05
        30  6.513287e-06
        31  1.907245e-05
        32 -3.800990e-06
        33  5.136357e-06
        34  2.979544e-05
        35 -2.744314e-05
        36  5.887761e-09
        37  2.232323e-05
        38 -3.263724e-05
        39  2.445091e-07
        40  2.427584e-05
        41  4.175816e-07
        42  2.634230e-05
        43 -1.588676e-05
        44  3.087283e-05
        45 -3.558755e-06
        46 -6.090313e-05
        47  1.641367e-05
        48  4.130355e-06
        49 -2.345959e-08
        50 -7.589605e-07
        51  4.715903e-05
        52 -1.005992e-04
        53 -3.534928e-06
        54  1.919273e-05
        55 -5.627729e-07
        56 -2.092868e-05
        57  2.275842e-06
        58 -2.624547e-07
        59  1.456068e-05
        60  5.496886e-06
        61 -4.875098e-05
        62 -6.050519e-07
        63  2.085239e-07
        64  2.234671e-05
        65  1.111950e-07
        66 -8.102411e-06
        67  7.473257e-05
        68  4.986715e-06
        69  4.053061e-05
        70 -5.223941e-07
        71 -6.323765e-07
        72  1.813989e-06
        73  4.231683e-05
        74 -1.339416e-05
        75 -3.536827e-05
        76 -1.503533e-05
        77 -6.242403e-06
        78  1.610294e-05
        79  5.233319e-08
        80 -2.371957e-05
        81 -2.649810e-06
        82 -2.725795e-06
        83  5.938968e-07
        84  1.610783e-04
        85 -3.308698e-06
        86  4.214300e-05
        87 -9.283896e-07
        88  2.098218e-06
        89 -1.956055e-05
        90  2.538657e-05
        91 -5.379275e-07
        92 -2.309405e-05
        93 -2.284373e-05
        94  1.100367e-06
        95  4.394008e-06
        96  2.318444e-05
        97  5.098225e-06
        98 -1.930371e-05
        99  7.619187e-05
       100 -3.298954e-07
       101  1.421570e-08
       102 -2.285483e-05
       103 -2.721681e-05
       104  2.193423e-05
       105  7.678918e-06
       106 -1.606979e-04
       107  2.755299e-05
       108  1.096031e-05
       109  3.366438e-05
       110  1.086079e-05
       111 -8.413040e-07
       112 -1.940650e-05
       113  1.596921e-04
       114  4.005801e-05
       115  6.561118e-08
       116  3.931619e-06
       117  4.543686e-05
       118 -2.939875e-06
       119  3.373082e-06
       120 -2.788827e-06
       121  1.893019e-05
       122 -1.051707e-05
       123 -5.831077e-05
       124  2.809446e-06
       125 -6.444261e-07
       126 -3.016218e-06
       127 -1.531504e-06
       128  1.961737e-07
       129  7.339536e-05
       130 -5.685898e-06
       131 -4.337186e-06
       132  8.444841e-06
       133 -6.407221e-07
       134  2.317767e-05
       135 -2.326212e-06
       136  1.454522e-05
       137 -1.343756e-06
       138  1.662695e-05
       139 -1.964455e-05
       140 -4.267269e-05
       141 -6.464439e-06
       142 -2.274936e-06
       143  4.935577e-06
       144  5.751269e-07
       145 -3.773171e-07
       146 -5.821828e-06
       147  9.056480e-07
       148 -4.150699e-06
       149 -2.927640e-06
       150  2.715025e-05
       151  5.150110e-07
       152  1.179877e-04
       153  1.159647e-06
       154  3.331084e-05
       155  3.134668e-05
       156  7.451531e-09
       157 -8.736979e-05
       158  1.297788e-05
       159 -5.444057e-05