       pos          info
         0  1.458385e-05
         1 -1.328906e-04
         2  3.010185e-06
         3 -3.617823e-05
         4  8.465825e-06
         5  3.535985e-05
         6 -8.920984e-05
         7  4.546400e-06
         8 -3.048530e-05
         9  8.969901e-05
        10  3.329056e-06
        11 -1.014084e-04
        12 -4.639488e-05
        13 -1.599745e-04
        14  1.047831e-04
        15 -2.520261e-04
        16  1.887636e-04
        17 -1.282951e-04
        18 -2.231967e-04
        19 -7.628013e-05
        20  2.117164e-06
        21  4.083380e-03
        22 -4.884698e-05
        23  1.664937e-04
        24  1.747239e-04
        25 -1.305594e-05
        26  4.766627e-05
        27  1.324405e-04
        28  1.155989e-04
        29 -3.223682e-05
        30  2.522990e-05
        31 -8.070929e-08
        32 -1.086300e-05
        33  2.084716e-04
        34 -1.648280e-05
        35 -1.470533e-05
        36  4.139083e-06
        37  1.185578e-04
        38  3.107995e-04
        39  2.057364e-04
        40  8.560967e-06
        41  6.126487e-05
        42 -2.546944e-05
        43  6.989513e-05
        44  5.899329e-07
        45 -3.406988e-05
        46 -1.036704e-04
        47  7.680558e-05
        48 -6.452547e-04
        49 -9.675433e-06
        50  1.176921e-05
        51 -4.448716e-06
        52 -6.684568e-05
        53  3.403192e-04
        54 -2.490299e-05
        55  2.719126e-05
        56  1.044156e-05
        57 -5.649622e-05
        58 -3.304071e-05
        59  1.827504e-05
        60  2.085801e-04
        61  1.756685e-04
        62 -1.562697e-05
        63 -9.955568e-05
        64  1.248410e-06
        65 -3.231282e-05
        66  2.631508e-04
        67 -3.896303e-06
        68 -4.570246e-05
        69  6.249692e-05
        70  2.763482e-04
        71  1.922219e-04
        72 -7.291463e-04
        73 -2.309600e-05
        74 -9.597046e-07
        75  1.018351e-05
        76  1.890081e-05
        77 -2.458634e-06
        78  3.572810e-04
        79  2.752579e-04
        80 -2.963552e-04
        81 -1.092013e-05
        82  3.790838e-05
        83 -2.090323e-04
        84 -2.213394e-04
        85 -5.859625e-07
        86  1.429933e-04
        87  2.362758e-05
        88 -1.126901e-05
        89 -5.208698e-04
        90  4.149572e-05
        91 -2.697524e-05
        92  3.169118e-05
        93  4.667506e-05
        94 -9.814281e-06
        95 -1.656776e-04
        96  4.872167e-07
        97 -1.659140e-06
        98  5.528956e-05
        99 -5.930812e-05
       100  1.455809e-04
       101 -5.138145e-05
       102 -1.098507e-06
       103  3.974992e-08
       104 -9.283104e-06
       105  7.483642e-06
       106  9.456129e-06
       107  4.648860e-04
       108  3.633439e-07
       109  4.840088e-05
       110 -1.331727e-05
       111 -4.657840e-05
       112  4.667094e-05
       113  1.212770e-04
       114 -2.243361e-05
       115  5.805232e-04
       116  1.886636e-05
       117 -1.333964e-04
       118 -2.752196e-04
       119 -1.816324e-05
       120  1.000392e-04
       121 -3.516502e-04
       122 -1.778378e-04
       123  1.869778e-04
       124  2.573659e-03
       125 -5.377599e-04
       126  2.380267e-04
       127  2.684214e-06
       128  2.273850e-04
       129 -1.359269e-05
       130  5.135678e-05
       131 -1.107759e-05
       132 -1.634133e-04
       133  8.744552e-06
       134  3.787548e-05
       135  3.660667e-04
       136 -6.040960e-05
       137  1.156718e-04
       138 -6.102251e-05
       139  1.016580e-04
       140  5.573977e-05
       141  1.104726e-04
       142  1.486732e-06
       143  3.191468e-04
       144  4.247058e-05
       145 -4.348272e-04
       146  3.999755e-06
       147 -5.121796e-06
       148  3.011248e-04
       149  6.163098e-05
       150  1.079423e-05
       151  1.530987e-04
       152 -6.423180e-05
       153  6.225719e-05
       154  6.089758e-04
       155 -8.777887e-04
       156  1.261640e-04
       157 -7.254049e-05
       158 -3.683477e-04
       159  1.721899e-04