       pos          info
         0 -4.691815e-05
         1  1.890299e-04
         2  6.754639e-05
         3  1.790077e-04
         4 -2.120675e-05
         5 -1.614823e-04
         6  3.462646e-07
         7  1.094552e-04
         8  6.558458e-05
         9 -1.934926e-04
        10  3.849866e-05
        11  3.696526e-05
        12  4.814581e-05
        13  3.766265e-06
        14 -4.269172e-05
        15  1.006823e-04
        16 -2.235920e-06
        17  3.339400e-05
        18  1.646090e-04
        19  6.146838e-05
        20  2.066636e-05
        21 -3.358624e-03
        22  2.044755e-05
        23 -2.519906e-04
        24 -1.125967e-04
        25  2.710723e-05
        26  9.686537e-07
        27 -2.968406e-04
        28  2.427522e-06
        29  5.305059e-05
        30  1.845265e-06
        31  1.320562e-05
        32  2.242770e-05
        33 -2.084440e-04
        34  4.112332e-05
        35  3.897455e-05
        36  4.419478e-09
        37 -9.651422e-06
        38 -2.869371e-04
        39 -9.923897e-05
        40 -1.281091e-05
        41  5.374402e-06
        42  1.602152e-05
        43 -5.407445e-05
        44  5.224523e-05
        45  5.090636e-05
        46  2.930989e-05
        47 -4.379831e-06
        48  3.384164e-04
        49  1.919747e-07
        50 -1.826988e-05
        51 -2.489707e-05
        52  1.209209e-05
        53 -9.250254e-05
        54  3.269864e-06
        55  1.344175e-05
        56 -8.924051e-10
        57 -1.486538e-05
        58  8.967229e-05
        59  1.071163e-06
        60 -1.864734e-04
        61 -3.540780e-05
        62  2.669868e-04
        63  1.785981e-04
        64  3.847503e-06
        65 -1.572023e-05
        66 -2.127838e-04
        67  1.136382e-06
        68  2.330855e-04
        69  1.044260e-06
        70 -2.176625e-04
        71 -1.755191e-04
        72  9.789231e-04
        73  8.378757e-05
        74  1.133258e-05
        75  2.353918e-06
        76 -3.372419e-05
        77  8.800603e-05
        78 -6.656113e-05
        79 -4.663998e-04
        80  4.581569e-04
        81  4.650198e-07
        82 -4.731183e-05
        83  1.830139e-04
        84  3.324027e-04
        85  4.390919e-05
        86 -4.000282e-05
        87 -1.637039e-05
        88  1.861999e-05
        89  1.254176e-04
        90  2.168351e-06
        91  3.435286e-05
        92 -3.577788e-05
        93 -1.931777e-04
        94  7.500984e-06
        95  2.416995e-04
        96 -2.196937e-11
        97  1.532178e-06
        98 -3.946274e-04
        99  5.564017e-04
       100 -1.159104e-05
       101  1.553466e-04
       102 -4.219923e-05
       103  2.406316e-05
       104  3.842503e-06
       105  2.502363e-06
       106 -2.882127e-05
       107 -1.533773e-04
       108 -4.808078e-06
       109  8.658613e-07
       110  1.466574e-04
       111  4.059309e-06
       112 -6.806719e-08
       113 -6.452151e-05
       114  3.644695e-06
       115 -4.296265e-04
       116 -9.734526e-05
       117  2.596487e-04
       118  3.021274e-04
       119  1.323103e-04
       120 -2.142548e-04
       121  5.276906e-04
       122  8.791062e-04
       123 -2.366793e-04
       124 -2.904780e-03
       125  1.011286e-03
       126 -2.329066e-04
       127 -3.037252e-05
       128 -5.602243e-04
       129  1.944580e-04
       130 -1.867717e-05
       131  5.713807e-04
       132  3.204268e-04
       133 -7.146547e-10
       134 -1.265071e-11
       135 -3.777127e-04
       136  7.828440e-06
       137 -9.099177e-05
       138  2.482403e-04
       139 -2.465061e-05
       140 -2.142698e-05
       141 -1.610536e-04
       142 -7.755307e-08
       143 -3.167520e-05
       144  7.611943e-05
       145  2.443615e-04
       146  3.362990e-05
       147  7.922643e-06
       148 -7.712778e-05
       149 -9.238947e-06
       150 -9.208004e-06
       151 -1.512651e-05
       152  2.589602e-04
       153  1.150061e-05
       154 -1.789616e-03
       155  1.310389e-03
       156 -5.432825e-04
       157  5.277002e-05
       158  1.572961e-04
       159 -2.765023e-04