       pos          info
         0  1.873991e-05
         1 -3.327927e-04
         2  1.780217e-05
         3 -1.961780e-04
         4  1.150784e-05
         5  8.190322e-05
         6 -1.714273e-05
         7 -7.727830e-06
         8 -1.590675e-05
         9  3.566763e-05
        10 -1.452853e-05
        11 -4.506882e-05
        12 -3.689066e-05
        13 -2.650048e-05
        14  5.118695e-05
        15 -1.089555e-04
        16  7.750389e-06
        17 -2.067988e-06
        18 -4.590865e-04
        19 -1.617212e-05
        20 -6.570502e-05
        21  4.032859e-03
        22 -2.729049e-05
        23  4.643405e-05
        24  2.240471e-04
        25 -1.592198e-04
        26 -1.202933e-05
        27  1.118732e-04
        28  1.925133e-05
        29  1.044093e-05
        30 -1.127155e-05
        31 -1.347891e-07
        32 -6.665891e-05
        33  1.426637e-04
        34 -4.592242e-05
        35 -5.042581e-05
        36  4.596726e-06
        37  1.422363e-05
        38  2.036268e-04
        39  1.389062e-04
        40  4.007630e-05
        41  1.705837e-04
        42 -5.302185e-07
        43  1.364097e-04
        44 -6.206246e-05
        45 -1.083577e-04
        46 -1.273734e-05
        47  2.435199e-05
        48 -4.276554e-04
        49 -4.739565e-05
        50 -5.150822e-07
        51  5.785543e-05
        52 -2.017646e-05
        53  1.885224e-04
        54 -3.135808e-05
        55  5.132832e-05
        56  2.911337e-05
        57  3.508121e-05
        58 -1.690638e-04
        59  4.214422e-05
        60  1.741396e-04
        61  9.044823e-05
        62 -1.527404e-04
        63 -3.818037e-04
        64  6.868576e-07
        65  1.595248e-07
        66  2.892449e-04
        67 -3.312178e-05
        68 -6.246841e-05
        69 -4.328003e-06
        70  1.781713e-04
        71  3.158802e-06
        72 -8.671234e-04
        73 -3.780686e-05
        74 -5.733878e-05
        75  1.819020e-05
        76  3.467321e-05
        77 -6.533151e-05
        78  1.026198e-04
        79  1.131557e-04
        80 -2.313652e-04
        81 -6.609657e-05
        82  2.418473e-07
        83 -2.760732e-05
        84 -3.221718e-04
        85 -3.250966e-05
        86  1.392821e-04
        87 -5.931128e-05
        88  2.655991e-07
        89 -3.434699e-04
        90  1.034762e-04
        91 -1.135189e-06
        92 -3.110752e-06
        93  1.042637e-04
        94  1.935039e-05
        95 -1.445795e-04
        96  4.891856e-06
        97  2.904613e-06
        98  7.247555e-05
        99 -2.058148e-04
       100  1.833869e-04
       101 -8.576131e-05
       102 -4.712262e-06
       103  7.855182e-06
       104 -1.658368e-05
       105  4.860492e-05
       106  3.125077e-07
       107  1.947019e-04
       108  2.607350e-05
       109 -3.321530e-06
       110 -5.626482e-05
       111  9.512416e-09
       112  1.903256e-05
       113  5.065479e-05
       114 -1.935227e-05
       115  7.880252e-04
       116  1.683725e-04
       117 -2.590837e-04
       118 -3.108764e-04
       119 -5.204595e-05
       120  2.954705e-04
       121 -7.112632e-04
       122 -4.318784e-04
       123  4.511167e-05
       124  3.731438e-03
       125 -6.643771e-04
       126  3.282202e-04
       127  3.180675e-05
       128  3.391553e-04
       129 -1.735095e-04
       130  2.358708e-05
       131 -3.825903e-04
       132 -1.153705e-04
       133  4.830234e-05
       134 -6.432583e-06
       135  4.372322e-04
       136 -4.614541e-05
       137  4.312029e-05
       138 -8.195122e-05
       139  8.555557e-05
       140  3.950517e-06
       141  2.545764e-04
       142  8.704967e-06
       143  9.343310e-05
       144  4.720649e-06
       145 -3.484371e-04
       146 -4.532081e-05
       147 -2.727576e-05
       148 -4.416054e-06
       149  2.148703e-05
       150 -8.975666e-07
       151  5.110884e-05
       152 -2.436085e-04
       153  9.067500e-05
       154  9.592444e-04
       155 -8.151503e-04
       156  3.079025e-04
       157 -2.018055e-04
       158 -3.973585e-04
       159  4.855647e-04