       pos          info
         0  2.849888e-05
         1 -2.206783e-04
         2  1.419608e-05
         3 -1.322569e-04
         4  2.497894e-05
         5  1.308737e-05
         6 -1.878633e-05
         7 -5.816022e-05
         8 -5.564264e-05
         9  5.840947e-05
        10 -1.345694e-05
        11 -7.865908e-06
        12 -4.933911e-05
        13 -2.262835e-05
        14 -1.274198e-05
        15 -1.363466e-04
        16  2.028490e-06
        17 -2.433017e-05
        18 -2.692727e-04
        19 -5.101515e-05
        20 -7.891373e-05
        21  2.765833e-03
        22 -1.062951e-05
        23  6.777144e-05
        24  1.358139e-04
        25 -5.471340e-05
        26  1.457963e-06
        27  4.100874e-04
        28 -1.399124e-06
        29 -4.333037e-05
        30 -2.035302e-07
        31 -2.448270e-05
        32 -3.982946e-05
        33  2.809950e-04
        34  8.070381e-07
        35 -1.768135e-05
        36  2.591342e-05
        37  5.766276e-05
        38  1.657543e-04
        39  3.424112e-04
        40  1.901684e-05
        41  1.029350e-06
        42  1.820331e-05
        43  8.050798e-05
        44 -5.971732e-05
        45 -8.004293e-05
        46 -1.564698e-07
        47  8.765033e-06
        48 -2.466253e-04
        49  7.724890e-06
        50  2.534329e-06
        51  8.691105e-05
        52 -2.506052e-06
        53  2.378324e-04
        54 -7.338774e-06
        55  5.375471e-06
        56 -1.595470e-07
        57  7.229972e-07
        58 -1.582227e-04
        59  5.358058e-05
        60  2.171785e-04
        61  5.985503e-06
        62 -1.764020e-04
        63 -2.241609e-04
        64  6.332550e-05
        65 -1.995552e-05
        66  3.826138e-04
        67 -5.164331e-06
        68 -5.393674e-05
        69 -5.352459e-06
        70  7.037612e-05
        71  4.445642e-05
        72 -4.824618e-04
        73 -3.653086e-05
        74 -1.695445e-05
        75  9.908337e-06
        76  8.085051e-05
        77 -4.824612e-05
        78  6.587578e-05
        79  1.645128e-04
        80 -2.877871e-04
        81 -6.759005e-05
        82  4.800528e-05
        83 -9.547784e-06
        84 -3.416630e-04
        85 -5.462516e-07
        86  5.769469e-05
        87  7.340845e-06
        88  7.245143e-08
        89 -2.259965e-04
        90  6.034394e-05
        91 -2.938134e-05
        92  3.320167e-06
        93  4.131649e-05
        94  8.820440e-06
        95 -6.865182e-05
        96  1.295779e-06
        97 -4.654292e-05
        98  1.424289e-04
        99 -2.711705e-04
       100  1.928288e-04
       101 -1.563708e-04
       102 -3.428005e-05
       103 -5.740989e-06
       104 -9.322065e-06
       105  4.963951e-06
       106  3.297527e-05
       107  6.457074e-05
       108  2.902917e-05
       109 -4.991767e-05
       110 -4.849113e-05
       111  6.641982e-06
       112  1.003059e-05
       113  7.550028e-05
       114  1.376499e-06
       115  1.667329e-04
       116  2.509478e-05
       117 -8.659405e-05
       118 -3.665410e-04
       119 -8.358045e-05
       120  1.997378e-04
       121 -7.079995e-04
       122 -4.278871e-04
       123  5.896515e-05
       124  5.070323e-03
       125 -5.972796e-04
       126  3.399773e-04
       127  5.434008e-05
       128  1.147597e-03
       129 -1.750316e-04
       130  1.342189e-05
       131 -4.640767e-04
       132 -2.152018e-04
       133  2.946253e-06
       134 -4.791118e-06
       135  1.913118e-04
       136 -4.069716e-05
       137  1.058287e-04
       138 -5.823420e-05
       139  2.713619e-05
       140 -3.867716e-05
       141  3.146241e-04
       142  2.673868e-05
       143  3.405894e-05
       144  6.566291e-07
       145 -4.299017e-04
       146 -3.414698e-05
       147 -1.247749e-05
       148 -1.078071e-04
       149  1.290426e-05
       150  6.584528e-06
       151  2.907113e-05
       152 -1.373835e-04
       153  3.062295e-06
       154  1.134053e-03
       155 -6.140343e-04
       156  3.484571e-04
       157 -1.293156e-04
       158 -2.734467e-04
       159  2.590584e-04