       pos          info
         0  1.230158e-05
         1 -2.755859e-05
         2 -6.429812e-05
         3  3.194321e-04
         4  1.000114e-06
         5  3.973799e-05
         6  6.068581e-05
         7 -5.540260e-05
         8 -1.899725e-05
         9 -8.552010e-06
        10 -8.447456e-05
        11 -2.944949e-04
        12  1.572691e-04
        13 -4.951263e-05
        14  2.139052e-04
        15  7.630333e-05
        16 -3.716328e-05
        17  1.749121e-05
        18  4.346507e-05
        19 -6.431662e-05
        20 -9.057273e-05
        21  3.387233e-09
        22  1.197602e-07
        23  1.743490e-05
        24 -4.184292e-05
        25  2.070503e-05
        26  1.449857e-06
        27  3.553703e-05
        28 -1.043193e-05
        29 -2.066414e-06
        30 -5.563468e-04
        31  6.261956e-08
        32 -3.677134e-06
        33 -8.411868e-06
        34  2.031080e-05
        35  7.797953e-06
        36  1.466881e-04
        37 -1.172351e-05
        38  9.424121e-05
        39 -4.721060e-07
        40  1.458589e-04
        41 -8.815701e-05
        42  1.013329e-04
        43 -7.509343e-08
        44 -2.141294e-05
        45  9.423238e-06
        46 -1.602830e-05
        47  2.543973e-04
        48  5.279176e-06
        49  4.241211e-04
        50 -1.177059e-05
        51 -8.338804e-05
        52 -1.133291e-04
        53 -3.324740e-04
        54  1.867390e-04
        55 -2.879150e-05
        56 -2.555639e-05
        57 -1.222619e-05
        58  4.011559e-05
        59 -4.651635e-05
        60  1.731370e-04
        61  3.706801e-06
        62  2.282741e-04
        63 -6.968333e-06
        64  2.797581e-04
        65  4.466835e-06
        66 -3.595319e-05
        67 -2.370182e-06
        68  2.670025e-04
        69 -1.175832e-07
        70  8.931035e-05
        71  1.383589e-05
        72 -1.756841e-05
        73  9.220528e-06
        74  2.126100e-04
        75 -1.431095e-04
        76  3.479607e-04
        77 -1.726233e-03
        78  5.434363e-04
        79  1.134003e-03
        80  6.597874e-04
        81  1.889928e-03
        82  4.896190e-04
        83  1.612012e-04
        84  1.081487e-04
        85  8.961317e-05
        86 -5.897835e-07
        87  2.284525e-04
        88  2.816542e-05
        89  1.179497e-04
        90  6.233575e-05
        91 -1.301300e-04
        92 -1.919287e-06
        93  1.609480e-04
        94  2.119286e-04
        95 -4.301275e-05
        96  2.491715e-04
        97 -7.231034e-04
        98  2.554412e-04
        99 -7.164146e-06
       100 -2.708897e-04
       101  6.871855e-04
       102  3.680131e-04
       103  1.474802e-04
       104 -2.562482e-08
       105 -2.689685e-03
       106  1.031428e-03
       107 -5.909193e-06
       108 -8.759952e-05
       109  5.493809e-05
       110 -9.835933e-05
       111  5.737945e-05
       112  5.058620e-05
       113 -2.849825e-05
       114 -1.141770e-06
       115  3.997162e-05
       116 -2.257900e-05
       117 -3.055891e-05
       118  3.144963e-05
       119  6.618597e-05
       120  3.408610e-05
       121  1.806137e-05
       122 -1.460984e-04
       123  1.410812e-04
       124 -3.530489e-04
       125 -3.469037e-06
       126 -3.888340e-05
       127 -1.803268e-05
       128 -4.980272e-06
       129  4.181796e-05
       130 -3.440585e-05
       131 -4.413169e-05
       132  1.130348e-07
       133  9.472231e-05
       134 -1.755594e-05
       135 -2.103227e-05
       136  1.875969e-04
       137  2.344979e-06
       138 -2.739371e-04
       139 -7.384125e-06
       140  6.748475e-06
       141 -4.472309e-05
       142  1.859937e-04
       143  3.601472e-06
       144 -1.666630e-05
       145 -3.865382e-05
       146 -3.977884e-06
       147  6.354212e-04
       148 -1.609019e-06
       149  3.073544e-06
       150 -1.120065e-05
       151  1.105541e-04
       152  1.254176e-05
       153  5.464433e-05
       154 -5.748485e-05
       155  1.570782e-05
       156  2.775532e-05
       157  5.051741e-05
       158 -1.374382e-04
       159 -7.264967e-06