       pos          info
         0 -4.351741e-06
         1 -1.161073e-05
         2  6.592756e-05
         3 -9.520403e-05
         4 -1.994749e-04
         5  1.157137e-06
         6  1.745493e-06
         7  3.543810e-05
         8  4.076034e-05
         9  2.806248e-06
        10 -9.257566e-05
        11 -1.613938e-04
        12  2.707522e-05
        13 -1.056503e-04
        14  1.333604e-04
        15 -2.520077e-05
        16  7.681012e-04
        17 -6.881459e-05
        18 -2.861104e-04
        19  2.518078e-06
        20  3.660863e-05
        21  6.849085e-05
        22 -7.261392e-05
        23 -3.365739e-05
        24  2.500292e-04
        25 -1.015345e-05
        26  2.542188e-05
        27  2.216273e-05
        28 -5.677528e-07
        29 -2.053776e-05
        30 -1.511049e-04
        31  3.943241e-05
        32  2.409874e-06
        33  1.679216e-05
        34 -4.462628e-06
        35  6.650098e-05
        36  1.490410e-05
        37  5.459880e-07
        38 -4.830709e-07
        39 -7.918926e-07
        40  3.944040e-06
        41  3.180379e-04
        42 -1.556553e-05
        43  2.478853e-04
        44  6.378285e-05
        45  2.918847e-04
        46  1.156938e-05
        47  6.978116e-05
        48  8.051607e-05
        49  2.522562e-04
        50 -7.237912e-05
        51 -1.680779e-04
        52  9.267082e-05
        53  9.254651e-05
        54  2.558615e-05
        55  1.713472e-08
        56  4.277880e-04
        57 -1.651862e-04
        58  3.886599e-06
        59 -3.932242e-04
        60 -4.641107e-07
        61 -2.722873e-04
        62 -5.750956e-05
        63  9.790916e-06
        64  4.494115e-05
        65  3.510484e-04
        66  8.847214e-06
        67  2.678346e-04
        68 -9.196591e-05
        69 -4.900836e-07
        70  2.753920e-04
        71 -5.147914e-04
        72  3.805384e-05
        73  4.171151e-05
        74 -1.935337e-04
        75  2.127472e-06
        76 -1.330084e-04
        77  8.591180e-04
        78  2.734841e-03
        79 -1.331786e-03
        80  4.190291e-03
        81  1.003905e-03
        82  1.163297e-03
        83  1.292979e-03
        84 -2.568669e-04
        85 -8.250041e-05
        86  1.047173e-04
        87  2.213675e-04
        88  7.806016e-07
        89  1.482461e-07
        90  3.643746e-05
        91  4.768438e-04
        92  2.126144e-05
        93  1.193067e-05
        94 -3.633725e-05
        95  1.015041e-05
        96 -5.592637e-05
        97 -2.552192e-04
        98  3.753046e-05
        99 -1.953907e-03
       100 -5.262704e-07
       101  2.186271e-03
       102  1.430830e-03
       103 -2.275640e-05
       104  1.255610e-03
       105  3.025728e-03
       106  2.401332e-03
       107 -8.681988e-05
       108  5.676270e-05
       109  2.299293e-05
       110 -5.427205e-05
       111  3.431243e-05
       112  1.859143e-05
       113 -1.243900e-05
       114 -5.373789e-06
       115 -6.553720e-06
       116  3.805676e-04
       117  9.369834e-06
       118  2.444510e-04
       119 -5.729107e-06
       120 -2.238547e-07
       121  1.184607e-04
       122  1.284753e-04
       123 -3.105064e-05
       124 -5.211005e-04
       125  8.046647e-05
       126 -7.172541e-05
       127  5.652100e-05
       128 -1.248843e-06
       129 -1.835150e-04
       130 -3.910339e-05
       131 -6.955502e-07
       132  1.296281e-05
       133  1.081124e-04
       134  7.869013e-05
       135 -3.844644e-07
       136 -4.502598e-05
       137  1.833316e-07
       138  2.179802e-06
       139 -5.640601e-06
       140 -4.463647e-10
       141 -8.785145e-05
       142 -1.389959e-05
       143  3.093386e-05
       144  8.606774e-07
       145 -5.724675e-05
       146 -8.154248e-07
       147 -1.210734e-04
       148 -5.830243e-05
       149 -3.384029e-04
       150  4.519661e-06
       151  3.966282e-08
       152  7.486630e-05
       153  3.253378e-05
       154  8.884015e-05
       155 -4.578803e-06
       156  3.433500e-05
       157  4.761272e-05
       158  7.436688e-05
       159 -1.021965e-05