       pos          info
         0  3.700753e-06
         1 -2.627963e-06
         2  7.590215e-05
         3  3.250845e-04
         4  2.979736e-05
         5 -1.709489e-04
         6 -1.296467e-07
         7 -4.691963e-05
         8 -1.822549e-06
         9 -2.212676e-05
        10 -9.016619e-08
        11  2.882897e-07
        12  1.019602e-05
        13 -3.439726e-05
        14  4.291791e-04
        15  2.766874e-04
        16 -2.016304e-05
        17  2.519707e-06
        18 -4.190462e-04
        19  7.758721e-05
        20  2.637185e-05
        21 -1.361948e-05
        22  4.714005e-05
        23  5.505548e-08
        24  5.371601e-05
        25  2.351998e-06
        26  3.861437e-05
        27 -2.207827e-06
        28  1.157511e-06
        29  2.910068e-05
        30 -1.431542e-04
        31  2.142134e-04
        32 -1.864048e-05
        33  6.021268e-05
        34  7.938460e-06
        35  6.036747e-05
        36 -1.638483e-04
        37  1.024839e-05
        38 -5.371628e-05
        39  2.431078e-05
        40 -5.633194e-05
        41  4.321182e-05
        42  8.135025e-05
        43  5.681983e-06
        44 -7.146794e-08
        45  1.185741e-04
        46 -9.346405e-05
        47  4.179584e-04
        48  3.012002e-04
        49  4.854128e-05
        50 -1.372462e-06
        51 -1.786444e-04
        52  1.125447e-04
        53 -2.629756e-05
        54 -1.411739e-05
        55  6.114860e-06
        56  1.720409e-04
        57 -1.794237e-04
        58 -2.131819e-05
        59 -3.266532e-05
        60 -1.137736e-05
        61 -1.699067e-04
        62  3.858116e-05
        63  1.269708e-04
        64  7.149705e-05
        65  2.163454e-05
        66 -1.471450e-05
        67  1.244513e-06
        68 -1.818649e-04
        69 -4.922293e-05
        70 -1.493966e-08
        71 -1.819807e-04
        72  3.662075e-06
        73 -1.570891e-05
        74 -1.330822e-04
        75  2.511874e-04
        76  5.790606e-06
        77  9.752806e-04
        78  4.671375e-03
        79 -1.487299e-04
        80  6.156192e-03
        81  4.107103e-03
        82  6.575660e-03
        83  1.540096e-03
        84 -2.082724e-04
        85  7.597079e-06
        86  7.047182e-06
        87  1.422834e-04
        88 -9.843765e-05
        89 -5.698081e-05
        90  2.402586e-05
        91 -1.132156e-05
        92  1.188812e-07
        93 -1.146503e-05
        94  2.743547e-06
        95  5.463691e-06
        96 -2.238217e-04
        97 -1.451476e-03
        98 -5.977817e-05
        99 -2.452549e-03
       100 -1.332651e-04
       101  4.876668e-03
       102  4.777547e-03
       103 -3.420942e-04
       104  1.820646e-03
       105  3.605892e-03
       106  4.729267e-03
       107 -7.451083e-04
       108  2.209218e-07
       109 -9.747383e-04
       110 -1.459421e-05
       111  2.624987e-04
       112 -8.052388e-05
       113  1.381302e-04
       114  5.883174e-07
       115  2.575960e-06
       116  2.049994e-04
       117  8.462122e-07
       118  1.351049e-04
       119  1.339477e-06
       120 -4.286315e-06
       121  5.295763e-05
       122  8.680736e-05
       123 -3.335339e-06
       124 -4.030218e-04
       125  4.428262e-05
       126  3.774268e-05
       127  4.278435e-05
       128  4.574267e-05
       129 -2.482309e-05
       130 -8.767251e-06
       131 -3.725531e-06
       132 -3.535643e-05
       133 -8.168125e-05
       134  4.258943e-05
       135 -1.088257e-06
       136 -2.043922e-05
       137 -5.488214e-05
       138 -1.209471e-04
       139  1.156355e-04
       140  6.873136e-05
       141  3.150346e-06
       142  9.346809e-06
       143  1.177472e-04
       144 -6.230673e-05
       145 -1.595661e-04
       146 -8.917753e-05
       147 -2.663687e-04
       148 -4.115452e-04
       149  9.278159e-07
       150 -4.652963e-05
       151  1.120896e-04
       152  1.583413e-04
       153 -6.939091e-06
       154 -1.164088e-05
       155  5.285040e-06
       156  9.414477e-05
       157 -5.503762e-05
       158  2.325830e-04
       159 -4.601854e-04