       pos          info
         0 -1.513098e-06
         1 -1.661082e-04
         2  3.042181e-06
         3  1.196610e-04
         4 -2.609388e-05
         5 -1.742007e-07
         6 -5.507794e-05
         7  1.732762e-04
         8  2.199342e-05
         9  7.307582e-05
        10 -5.599503e-05
        11 -5.013835e-04
        12 -4.489122e-05
        13  1.780668e-06
        14  1.367172e-04
        15  8.258873e-05
        16  3.884996e-07
        17 -5.049109e-06
        18 -2.069816e-05
        19  9.671229e-06
        20  1.282243e-04
        21  4.853370e-07
        22  1.591394e-05
        23 -1.209592e-06
        24  2.004184e-04
        25 -2.456756e-05
        26 -3.436763e-05
        27 -9.645554e-06
        28 -3.239142e-05
        29  2.774119e-05
        30 -6.704286e-05
        31  3.837993e-06
        32 -2.936876e-05
        33  9.004083e-05
        34 -4.714885e-06
        35  1.586153e-04
        36 -1.127237e-05
        37  3.402886e-05
        38  1.633358e-05
        39 -3.924709e-05
        40 -9.002893e-08
        41  1.424858e-04
        42  3.794486e-05
        43  7.674414e-06
        44  8.334088e-05
        45  6.209463e-05
        46 -5.010747e-05
        47  3.070727e-04
        48  1.038981e-04
        49  5.011710e-04
        50 -4.474664e-05
        51 -2.471216e-04
        52 -2.078955e-06
        53  4.168695e-06
        54  5.146096e-05
        55  1.668378e-06
        56  5.593212e-05
        57 -2.055634e-05
        58  3.157951e-06
        59  3.595143e-06
        60 -1.163877e-05
        61 -1.287351e-04
        62 -1.211557e-04
        63  1.086365e-04
        64  2.163466e-04
        65  3.033557e-05
        66 -8.647503e-06
        67  1.095499e-06
        68 -1.014901e-04
        69  2.956991e-06
        70  1.987634e-04
        71 -1.373427e-04
        72  1.675401e-06
        73  3.935212e-05
        74 -5.110129e-05
        75  1.838342e-04
        76  4.346549e-05
        77  1.470366e-03
        78  5.473329e-03
        79 -1.880283e-03
        80  6.462377e-03
        81  4.469771e-03
        82  4.276350e-03
        83  1.384901e-03
        84 -4.285159e-04
        85  1.589843e-06
        86 -1.045718e-05
        87  3.512475e-05
        88 -1.148121e-07
        89  7.061970e-05
        90  1.766999e-04
        91  3.289037e-04
        92  4.852515e-06
        93 -2.067887e-05
        94  2.459412e-04
        95 -1.720234e-05
        96 -7.726672e-05
        97 -1.951685e-03
        98  2.509489e-05
        99 -3.138848e-03
       100 -1.781470e-04
       101  4.336550e-03
       102  3.664269e-03
       103 -1.117415e-04
       104  1.127385e-03
       105  3.148612e-03
       106  5.008576e-03
       107 -3.221573e-04
       108  1.326302e-04
       109 -9.050240e-05
       110  1.469667e-05
       111  4.352402e-05
       112 -1.771569e-04
       113  1.343234e-04
       114  1.189729e-05
       115  1.047443e-04
       116  1.302150e-05
       117  2.828492e-06
       118  1.431138e-04
       119 -4.373034e-05
       120 -2.315188e-05
       121  1.859340e-04
       122  2.472639e-04
       123  1.678698e-05
       124 -3.002348e-05
       125  3.247485e-05
       126  4.762801e-05
       127  2.096587e-04
       128  4.457026e-05
       129 -1.207306e-06
       130 -1.785168e-05
       131  5.582345e-06
       132 -1.166123e-04
       133 -4.509464e-05
       134  3.655166e-05
       135  1.165665e-05
       136 -5.180616e-06
       137 -1.497675e-04
       138 -1.990186e-05
       139 -3.677966e-05
       140  1.251691e-04
       141 -4.842436e-05
       142 -1.971167e-09
       143  3.371741e-04
       144 -3.716168e-05
       145  5.178968e-06
       146  2.516363e-06
       147 -1.557132e-04
       148 -6.445070e-04
       149 -6.378899e-06
       150 -2.736692e-06
       151  1.324431e-05
       152  9.578412e-05
       153  2.717622e-04
       154 -2.297695e-05
       155  8.719829e-06
       156  1.352786e-04
       157 -5.037210e-06
       158  4.533815e-04
       159 -2.103728e-04