       pos          info
         0  8.269069e-05
         1 -2.981552e-05
         2  1.040499e-04
         3  2.616927e-04
         4 -2.243502e-05
         5  3.768262e-06
         6  2.356438e-04
         7  1.853330e-04
         8 -2.982240e-05
         9 -1.775745e-06
        10  8.871374e-05
        11 -2.374560e-07
        12 -3.728085e-05
        13  7.424378e-05
        14  2.127783e-04
        15 -4.240914e-06
        16 -8.618629e-05
        17 -7.432164e-08
        18  3.617939e-05
        19  5.588088e-08
        20  8.503456e-05
        21 -2.660313e-04
        22 -8.350307e-07
        23  2.521379e-04
        24 -6.705276e-06
        25 -1.992261e-04
        26  9.893113e-06
        27 -1.752819e-04
        28 -1.643860e-06
        29  3.402803e-05
        30 -2.433371e-05
        31 -3.889774e-05
        32  2.322149e-05
        33  3.817362e-05
        34  1.046360e-04
        35  4.100432e-06
        36 -1.609598e-04
        37  5.398944e-05
        38 -1.018093e-04
        39 -8.143526e-05
        40 -5.150493e-06
        41 -7.071171e-06
        42  1.268124e-05
        43 -8.495290e-06
        44 -3.348096e-05
        45 -1.264200e-04
        46  7.297705e-06
        47  1.241701e-04
        48  7.925913e-05
        49 -2.825699e-05
        50  8.189216e-05
        51  5.540606e-08
        52 -6.011548e-05
        53 -1.005567e-04
        54 -6.025917e-07
        55 -1.093436e-04
        56  1.778663e-04
        57  1.413176e-05
        58  9.374471e-05
        59  8.815061e-06
        60 -3.924460e-05
        61 -2.665138e-05
        62 -7.659080e-06
        63 -1.142218e-05
        64 -3.636165e-05
        65  3.706421e-06
        66  4.226271e-05
        67  2.182437e-05
        68 -1.227512e-04
        69  1.932116e-06
        70  4.779239e-05
        71  4.700157e-05
        72 -7.591827e-05
        73 -2.100538e-05
        74  2.607761e-05
        75 -3.080208e-04
        76  5.449411e-05
        77  2.926918e-05
        78 -2.505935e-05
        79 -2.965308e-05
        80  5.671844e-05
        81  2.874051e-04
        82 -1.674819e-04
        83  1.995422e-05
        84  3.131678e-05
        85 -1.386115e-04
        86 -8.955126e-05
        87  7.085508e-06
        88 -6.044320e-06
        89  2.197958e-06
        90 -6.156530e-05
        91  8.829055e-07
        92 -8.680879e-05
        93  6.839861e-05
        94  9.683688e-06
        95  9.150707e-08
        96 -9.411004e-07
        97 -2.473663e-05
        98  3.412201e-07
        99 -3.932586e-05
       100 -7.502565e-09
       101  7.573586e-06
       102  7.717691e-06
       103  1.577273e-04
       104  3.549850e-05
       105  3.469987e-05
       106  1.297893e-04
       107  1.837378e-04
       108  2.326962e-04
       109  5.539554e-05
       110 -3.710414e-05
       111 -6.337744e-06
       112  1.637270e-04
       113 -3.826449e-04
       114  7.803682e-07
       115  2.794782e-04
       116  9.404306e-10
       117  4.348313e-06
       118 -4.679989e-06
       119 -3.338004e-05
       120 -2.180430e-04
       121  2.921004e-05
       122 -1.125265e-06
       123 -2.899196e-04
       124 -1.452969e-05
       125 -5.315874e-05
       126  1.319632e-04
       127  1.703109e-04
       128 -6.237245e-04
       129 -8.738880e-04
       130 -1.315268e-03
       131 -8.022811e-05
       132 -2.416535e-05
       133  9.179841e-04
       134 -5.139896e-04
       135  3.300705e-05
       136  2.055156e-06
       137 -6.266854e-06
       138  7.361014e-07
       139 -4.880191e-06
       140  1.145734e-05
       141  1.186511e-04
       142 -1.710816e-04
       143 -1.087265e-07
       144  2.147084e-05
       145 -1.129904e-04
       146  1.795300e-05
       147  9.260390e-04
       148  1.131163e-03
       149  1.616254e-03
       150 -1.618208e-03
       151 -7.101701e-04
       152 -5.273573e-07
       153 -4.009562e-05
       154 -4.187478e-04
       155 -1.341992e-04
       156  3.141654e-04
       157  8.490532e-07
       158  1.293366e-03
       159  5.024411e-05