       pos          info
         0 -8.963955e-09
         1  8.422737e-08
         2  5.168140e-13
         3  1.062369e-07
         4  6.716773e-08
         5  4.180163e-08
         6 -8.593595e-08
         7  1.015047e-08
         8 -2.014677e-07
         9 -1.125225e-07
        10  3.626345e-08
        11  8.169652e-08
        12 -4.847437e-08
        13  1.307027e-07
        14 -3.366713e-09
        15  1.657606e-08
        16 -2.614770e-07
        17  1.328708e-08
        18  9.365105e-11
        19  4.492961e-09
        20 -3.441311e-08
        21 -1.019741e-09
        22  8.671708e-09
        23  1.478943e-07
        24  4.001170e-09
        25 -1.777846e-09
        26 -4.195903e-08
        27  5.275481e-08
        28 -1.475647e-07
        29  6.583450e-08
        30 -2.499507e-08
        31 -1.349913e-08
        32  9.353119e-08
        33 -3.697480e-10
        34 -5.926513e-08
        35 -3.973119e-08
        36  3.848944e-08
        37 -1.291800e-09
        38  8.648657e-09
        39  1.517675e-09
        40 -4.525700e-11
        41 -3.797626e-08
        42  9.548365e-08
        43 -3.909479e-09
        44 -1.916406e-09
        45 -3.728045e-10
        46 -2.146572e-08
        47 -4.076191e-07
        48 -4.588995e-09
        49 -3.810575e-10
        50  1.039114e-07
        51 -1.441913e-09
        52  2.860545e-08
        53  1.971456e-09
        54 -3.814171e-08
        55  9.871064e-08
        56  2.907127e-08
        57  5.392763e-09
        58 -9.811936e-08
        59 -1.283452e-08
        60 -1.220304e-08
        61 -1.492414e-10
        62 -1.384322e-09
        63  1.504152e-09
        64 -9.474534e-08
        65  1.622225e-08
        66 -5.849900e-09
        67 -1.619148e-08
        68 -5.943048e-10
        69  5.870698e-08
        70  7.780971e-08
        71  2.931177e-08
        72  7.715706e-10
        73  3.425000e-09
        74  3.150285e-11
        75 -2.063093e-10
        76 -2.892672e-08
        77  4.047553e-08
        78 -7.986495e-09
        79 -1.324192e-07
        80 -8.296925e-08
        81  3.633637e-07
        82  7.329454e-08
        83  5.155591e-08
        84 -1.431557e-08
        85 -2.615337e-08
        86 -2.475463e-08
        87 -2.940083e-08
        88 -2.352829e-08
        89  6.097406e-08
        90  3.453685e-08
        91 -1.097391e-07
        92  7.342068e-09
        93 -8.979825e-08
        94  1.219971e-10
        95 -3.162003e-08
        96  3.744908e-09
        97 -7.377891e-08
        98 -4.362400e-08
        99 -1.155120e-07
       100  1.689562e-08
       101  1.907076e-08
       102  1.683908e-08
       103  2.615473e-07
       104  6.390660e-08
       105 -1.905005e-11
       106 -4.050818e-09
       107  8.809282e-08
       108  2.011132e-08
       109 -2.001192e-09
       110  3.271648e-09
       111 -2.740736e-08
       112 -2.860839e-08
       113  1.410417e-08
       114  3.401748e-08
       115 -2.818380e-08
       116 -1.056034e-09
       117  8.626494e-09
       118  3.175672e-09
       119  1.025582e-07
       120 -1.636559e-08
       121 -3.959170e-08
       122 -2.992444e-08
       123 -4.745933e-09
       124  3.505097e-08
       125 -2.686662e-08
       126  1.111685e-08
       127  1.588369e-08
       128  2.530940e-08
       129  1.414718e-09
       130 -7.188095e-09
       131  2.255509e-08
       132 -1.327549e-07
       133  1.293062e-07
       134 -7.475961e-08
       135 -1.659999e-08
       136 -5.803234e-08
       137  9.047638e-08
       138 -2.827151e-08
       139 -1.924577e-07
       140  1.828067e-07
       141  5.175777e-08
       142  7.650446e-08
       143 -2.060084e-08
       144  2.779825e-07
       145 -2.834750e-07
       146  4.279937e-08
       147  6.231703e-08
       148 -1.189942e-07
       149  8.065907e-08
       150 -6.798865e-08
       151 -4.191725e-08
       152  6.829057e-08
       153 -1.023096e-07
       154  6.334487e-08
       155  1.505184e-08
       156 -5.971528e-08
       157 -1.239468e-08
       158  3.801086e-09
       159  9.661376e-08