       pos          info
         0 -2.660557e-05
         1 -4.439423e-06
         2 -1.830693e-04
         3 -4.486020e-04
         4 -1.497295e-06
         5  4.302880e-06
         6 -3.376368e-04
         7 -1.859189e-06
         8  2.869819e-05
         9  7.017624e-05
        10 -4.308277e-06
        11 -9.769035e-05
        12 -1.685456e-08
        13 -6.339647e-06
        14 -4.588070e-05
        15  4.279670e-05
        16  1.530874e-04
        17 -4.803022e-05
        18 -3.876568e-05
        19 -7.118756e-05
        20 -2.401036e-06
        21  2.868218e-04
        22  4.027994e-05
        23 -3.045567e-04
        24  5.259346e-06
        25  1.194435e-03
        26  6.435079e-05
        27  6.333784e-05
        28  9.109932e-05
        29 -2.939839e-04
        30 -1.070730e-07
        31  1.874352e-04
        32 -1.349503e-05
        33 -5.569949e-05
        34 -4.322601e-05
        35  8.061370e-05
        36  2.175410e-04
        37 -8.461308e-05
        38  1.708115e-05
        39  4.121233e-06
        40  1.003699e-04
        41  3.683001e-07
        42 -6.753190e-05
        43  4.871721e-04
        44  1.047924e-06
        45  6.674668e-05
        46 -2.048751e-04
        47  3.740512e-05
        48 -3.988642e-05
        49  1.447413e-04
        50 -6.768610e-05
        51  1.439389e-04
        52  2.257226e-04
        53  3.677664e-04
        54  2.909934e-04
        55  3.099614e-04
        56 -3.710220e-04
        57 -2.046641e-04
        58 -6.155212e-05
        59  1.234940e-04
        60  8.018692e-05
        61  2.823408e-04
        62  6.572719e-05
        63 -4.845919e-05
        64  1.123042e-05
        65  6.905564e-05
        66 -6.251641e-08
        67  6.261460e-04
        68  1.465968e-04
        69 -1.449825e-05
        70 -6.446807e-05
        71 -3.283600e-04
        72  2.831582e-04
        73  6.457602e-05
        74  5.438178e-09
        75  1.530550e-04
        76  1.194870e-05
        77  7.516317e-07
        78  6.584784e-05
        79 -6.556133e-06
        80  9.860992e-05
        81 -3.233255e-04
        82  1.614493e-05
        83 -6.212007e-05
        84 -1.360695e-06
        85  7.220144e-04
        86 -2.612601e-09
        87 -2.053512e-05
        88  9.121950e-05
        89  3.580235e-05
        90  1.549748e-04
        91 -9.442998e-06
        92  2.155524e-04
        93 -9.412924e-05
        94  1.978592e-05
        95  9.254584e-07
        96  4.848197e-06
        97  1.573751e-04
        98  3.271467e-05
        99  1.569532e-04
       100 -8.980722e-07
       101  1.609571e-05
       102  1.935326e-06
       103 -5.755860e-04
       104  1.913109e-06
       105 -1.398805e-04
       106 -3.837094e-06
       107 -1.393258e-04
       108 -1.878174e-05
       109 -1.239900e-04
       110 -4.467346e-06
       111  1.935442e-04
       112 -6.877480e-05
       113  8.846653e-05
       114 -2.014482e-04
       115 -8.139508e-05
       116 -1.993891e-08
       117  1.541392e-04
       118 -4.124124e-05
       119  1.837990e-05
       120  1.398393e-04
       121 -7.310263e-05
       122  1.947742e-06
       123  3.634708e-04
       124  5.339606e-05
       125 -3.647097e-05
       126 -1.061044e-05
       127 -3.550973e-04
       128  8.109011e-04
       129  1.590077e-03
       130  6.989638e-04
       131  6.299455e-05
       132  2.011527e-04
       133 -2.157752e-03
       134  6.507902e-04
       135 -1.480262e-04
       136 -4.165154e-05
       137 -2.359445e-07
       138  1.098015e-04
       139 -1.207142e-05
       140 -4.142261e-05
       141 -2.180704e-04
       142  3.415596e-04
       143  4.811592e-04
       144 -1.461711e-06
       145  4.522831e-05
       146 -8.784302e-07
       147 -1.151084e-03
       148 -1.380990e-03
       149 -1.803845e-03
       150  3.479372e-03
       151  2.001376e-03
       152 -2.539076e-04
       153  8.120582e-08
       154  7.635131e-04
       155  2.335472e-03
       156 -4.970516e-04
       157 -2.321241e-05
       158 -7.797029e-04
       159 -5.779031e-05