       pos          info
         0 -1.005846e-05
         1 -1.194722e-04
         2  1.018773e-05
         3  2.697090e-06
         4 -1.294467e-05
         5 -1.025375e-05
         6 -2.592568e-05
         7  3.416530e-05
         8 -2.749709e-04
         9  3.075379e-05
        10  1.246550e-04
        11  6.298911e-05
        12 -4.463254e-05
        13  1.143001e-06
        14 -2.986052e-05
        15 -9.610027e-05
        16 -1.833374e-05
        17  2.166540e-04
        18  3.352728e-06
        19  6.940246e-05
        20  3.300447e-05
        21 -6.317555e-05
        22 -6.263421e-04
        23 -1.217576e-04
        24 -1.607508e-06
        25  1.912334e-05
        26 -2.040595e-03
        27  1.988178e-04
        28  3.654356e-04
        29  7.156435e-08
        30  2.135408e-06
        31  3.935174e-04
        32 -3.036489e-04
        33 -6.240973e-05
        34  2.485567e-05
        35  6.262588e-05
        36 -7.922260e-06
        37  4.258105e-05
        38  2.188853e-04
        39 -1.324782e-05
        40 -8.679586e-06
        41  1.736360e-06
        42 -1.413965e-04
        43  6.075562e-05
        44  2.015235e-05
        45  3.238807e-04
        46 -2.019531e-04
        47  8.604887e-11
        48 -1.611046e-08
        49  3.309075e-06
        50 -2.002360e-05
        51 -2.091832e-07
        52  1.301195e-04
        53  2.291420e-04
        54  2.119769e-04
        55  1.079187e-04
        56  1.119987e-04
        57  6.845270e-04
        58  6.653475e-04
        59  2.489581e-04
        60  1.052925e-06
        61  8.413865e-05
        62  7.488425e-07
        63  1.497507e-05
        64  1.633256e-04
        65 -1.382493e-04
        66  6.738726e-05
        67  2.655784e-04
        68  3.398663e-06
        69 -8.235358e-05
        70  1.076037e-04
        71 -3.968944e-04
        72 -3.722830e-04
        73  1.016794e-04
        74 -1.499765e-06
        75  7.128432e-06
        76 -1.560490e-05
        77 -3.421987e-04
        78  2.037728e-04
        79 -2.952110e-03
        80  1.174904e-04
        81 -2.154714e-05
        82  4.492970e-05
        83  1.589884e-07
        84 -1.436182e-05
        85  2.663963e-05
        86 -7.479959e-08
        87 -1.695215e-04
        88  1.576786e-05
        89 -9.145776e-05
        90 -7.310064e-05
        91  1.207385e-04
        92  1.440161e-05
        93 -3.757279e-05
        94 -4.893527e-07
        95 -2.006975e-05
        96  4.577894e-07
        97  6.306931e-04
        98 -7.562915e-09
        99  1.683917e-03
       100  1.254468e-03
       101 -7.637715e-04
       102  6.182207e-04
       103  2.249772e-03
       104 -2.303917e-05
       105 -3.049502e-03
       106 -2.916302e-05
       107  8.435660e-05
       108 -1.199535e-04
       109 -2.623672e-04
       110 -1.471889e-05
       111 -7.049468e-07
       112 -4.762345e-04
       113 -1.090649e-04
       114 -1.344836e-05
       115 -5.542446e-05
       116 -4.161171e-05
       117  4.189418e-05
       118  1.420650e-04
       119  1.485303e-04
       120 -5.144902e-06
       121  3.742016e-05
       122 -5.452025e-05
       123 -3.284183e-04
       124 -2.322892e-05
       125  3.553851e-05
       126 -3.103083e-07
       127  7.313845e-06
       128  2.114489e-06
       129  4.540262e-04
       130 -2.149052e-05
       131 -2.327128e-05
       132  8.847967e-06
       133  5.662443e-05
       134  1.979456e-05
       135  1.615470e-05
       136 -4.718328e-05
       137  1.947419e-07
       138 -7.710664e-05
       139  1.160585e-04
       140 -6.699899e-06
       141  1.413744e-04
       142  5.800943e-05
       143  3.565810e-04
       144  1.289200e-04
       145  4.463754e-04
       146  4.013088e-09
       147  8.087585e-05
       148  1.064781e-04
       149 -2.346510e-04
       150  4.477606e-05
       151 -1.246694e-05
       152 -1.064456e-05
       153  3.353208e-05
       154  2.452491e-06
       155  2.482194e-04
       156  3.340334e-05
       157 -2.005976e-05
       158  2.584600e-05
       159  6.870155e-06