       pos          info
         0  3.511288e-08
         1 -9.228267e-11
         2  3.406880e-09
         3 -5.177312e-09
         4  5.909676e-09
         5 -8.635946e-09
         6 -7.809327e-10
         7  1.445865e-07
         8 -5.760363e-09
         9  1.754838e-07
        10 -6.822647e-09
        11 -6.484376e-08
        12 -2.574501e-08
        13  2.186728e-08
        14  9.051771e-09
        15 -2.363503e-09
        16 -6.269419e-09
        17 -4.259303e-08
        18  3.133392e-08
        19 -1.996622e-09
        20 -1.237172e-09
        21 -1.021784e-07
        22 -1.212605e-07
        23 -6.557117e-08
        24  3.486642e-10
        25  1.214592e-07
        26 -7.045207e-08
        27  2.865465e-08
        28 -2.034174e-09
        29 -3.109678e-10
        30  1.890727e-09
        31  2.844355e-09
        32  2.640996e-07
        33 -1.492248e-08
        34  1.106986e-09
        35  3.869674e-09
        36 -2.453165e-11
        37 -2.208306e-08
        38  5.751579e-08
        39  2.742606e-08
        40 -8.128939e-11
        41  9.002397e-08
        42 -2.245479e-08
        43 -4.676309e-08
        44 -3.043173e-08
        45 -5.383693e-08
        46  1.233011e-08
        47  4.007519e-08
        48 -1.566310e-07
        49 -1.119421e-07
        50 -1.094661e-07
        51  3.792455e-08
        52  6.129906e-08
        53  1.723659e-07
        54 -5.009785e-08
        55  4.041986e-08
        56  8.625566e-08
        57  7.920055e-08
        58  2.494429e-08
        59  9.819927e-08
        60 -8.528188e-08
        61  3.201559e-08
        62 -1.187081e-10
        63  4.897290e-10
        64 -3.211558e-10
        65  2.481302e-08
        66  5.346421e-08
        67 -8.353209e-09
        68 -1.144524e-08
        69 -1.461638e-09
        70 -5.323643e-11
        71  4.021894e-08
        72  1.886998e-08
        73 -4.781492e-07
        74 -8.678770e-08
        75  6.090013e-10
        76  1.997752e-08
        77  1.005013e-07
        78 -2.180995e-09
        79 -3.351408e-08
        80  6.086032e-10
        81  3.643794e-09
        82  3.143565e-09
        83  2.428091e-08
        84  3.386591e-13
        85  6.796068e-09
        86  3.366282e-09
        87  3.631019e-08
        88 -4.665322e-10
        89 -2.130477e-08
        90  7.634591e-08
        91 -1.172543e-07
        92 -2.126295e-08
        93  8.464486e-09
        94  1.057429e-07
        95  4.937995e-08
        96 -4.179274e-08
        97 -2.057776e-08
        98  1.011384e-07
        99  1.741268e-08
       100 -3.322525e-08
       101  4.925200e-08
       102  7.946014e-08
       103  2.406495e-10
       104  1.096898e-08
       105 -5.572292e-09
       106  4.853494e-09
       107  2.881288e-08
       108 -2.757560e-08
       109  2.202882e-11
       110  4.152196e-08
       111 -1.087079e-09
       112 -3.257354e-10
       113  7.866746e-08
       114  3.463925e-08
       115 -1.631355e-07
       116 -1.007500e-09
       117  4.425712e-08
       118  6.921458e-09
       119  3.552588e-09
       120  4.873685e-08
       121  2.461927e-09
       122 -8.203183e-08
       123 -1.407735e-07
       124 -1.248169e-08
       125  2.982933e-09
       126  7.478372e-08
       127 -6.139827e-08
       128  1.460532e-08
       129 -6.474381e-08
       130  9.547178e-09
       131  1.114503e-07
       132  2.035368e-08
       133 -3.477564e-10
       134 -4.603785e-09
       135 -2.042513e-07
       136 -1.538144e-09
       137  3.321637e-08
       138 -6.256680e-12
       139 -4.070163e-08
       140 -6.852878e-10
       141  1.702361e-08
       142 -4.754391e-08
       143  2.212930e-08
       144 -6.288935e-08
       145 -2.603876e-08
       146 -6.858983e-09
       147 -2.645110e-08
       148  4.397092e-08
       149 -8.613763e-09
       150  2.267426e-09
       151  2.153927e-09
       152 -1.413670e-08
       153  1.093558e-09
       154 -1.876175e-08
       155 -3.582371e-08
       156 -2.739867e-09
       157 -2.598321e-08
       158 -7.728728e-08
       159 -1.918092e-08