       pos          info
         0  3.061745e-06
         1 -2.419973e-04
         2  7.541867e-05
         3 -4.508447e-05
         4  6.457944e-05
         5 -6.566015e-05
         6 -3.371592e-05
         7 -6.239783e-05
         8 -1.208190e-04
         9  2.052010e-05
        10 -1.781415e-06
        11  3.428645e-06
        12  4.615386e-04
        13  6.402659e-06
        14 -2.460256e-05
        15 -1.813538e-04
        16 -7.921381e-05
        17 -1.251229e-04
        18  4.319151e-06
        19 -8.268172e-05
        20 -1.088223e-06
        21  9.681138e-07
        22  3.924157e-04
        23  4.274870e-06
        24  1.619383e-04
        25  4.629245e-06
        26  9.367535e-05
        27 -4.189216e-05
        28  1.633778e-04
        29  7.835722e-05
        30 -5.359356e-06
        31 -3.750471e-05
        32  1.755888e-05
        33 -2.181783e-08
        34 -2.447598e-04
        35  6.645820e-06
        36  1.126169e-04
        37 -4.767779e-05
        38  1.061725e-05
        39 -2.184105e-05
        40 -1.191469e-04
        41  9.052464e-05
        42 -1.324323e-05
        43  1.251128e-04
        44 -4.019009e-05
        45  2.937637e-04
        46 -3.544027e-05
        47 -5.055731e-06
        48 -5.529182e-05
        49  3.970291e-04
        50 -2.072511e-06
        51 -4.606635e-06
        52 -1.590864e-04
        53  7.400871e-06
        54  1.408972e-04
        55  1.412195e-04
        56 -1.501537e-04
        57 -3.827000e-05
        58 -4.873739e-05
        59 -1.262268e-05
        60 -2.292401e-04
        61 -4.670943e-05
        62  1.363757e-04
        63  1.169668e-05
        64  5.682936e-07
        65 -1.875769e-04
        66  4.700587e-05
        67 -9.639578e-05
        68  2.394470e-05
        69  1.807995e-04
        70 -5.664404e-05
        71  4.339680e-04
        72 -8.162704e-05
        73 -3.227578e-06
        74 -1.112630e-04
        75 -3.040240e-05
        76  1.310615e-04
        77  1.339520e-05
        78  6.874018e-06
        79  9.931960e-05
        80 -6.258974e-06
        81 -9.720524e-05
        82 -3.436088e-05
        83  1.151288e-04
        84 -6.416805e-07
        85 -2.020432e-04
        86  2.639320e-04
        87 -5.054577e-05
        88 -4.913973e-06
        89 -2.738662e-05
        90  3.071660e-05
        91 -2.188112e-04
        92  1.042091e-03
        93  2.786006e-06
        94  3.089539e-04
        95 -6.679533e-06
        96 -1.255045e-05
        97  2.040277e-04
        98  7.998645e-05
        99 -1.701749e-04
       100 -1.008073e-04
       101  4.469537e-03
       102 -1.504043e-04
       103  5.790596e-05
       104 -1.655176e-06
       105 -2.426628e-05
       106 -6.418450e-05
       107  3.879469e-07
       108  9.547445e-06
       109  4.423368e-05
       110 -5.674598e-05
       111 -3.544916e-05
       112 -6.434775e-06
       113  1.859438e-04
       114  1.090085e-05
       115  4.259703e-07
       116 -1.164891e-04
       117  5.376286e-05
       118  3.574353e-06
       119 -2.994898e-04
       120  5.702580e-06
       121 -4.438125e-04
       122 -3.440040e-04
       123 -1.818090e-04
       124  2.288243e-04
       125  9.348568e-05
       126 -1.112028e-04
       127  4.788765e-05
       128  8.571883e-05
       129 -5.302065e-04
       130  2.066636e-05
       131  6.122601e-05
       132  2.834893e-06
       133  2.733279e-04
       134  2.509172e-04
       135  3.592128e-04
       136  1.900879e-04
       137 -6.003463e-05
       138 -4.386861e-06
       139 -2.277377e-05
       140 -2.937265e-06
       141  8.172839e-06
       142  4.026920e-04
       143 -1.370579e-06
       144 -6.193542e-09
       145  1.754132e-04
       146  3.480215e-05
       147 -4.172552e-06
       148  1.841958e-04
       149 -5.645742e-05
       150 -1.840605e-05
       151  7.915030e-05
       152 -2.360491e-05
       153 -2.923181e-05
       154  3.493335e-04
       155 -1.578355e-04
       156 -8.676267e-06
       157 -4.742621e-05
       158  5.410259e-05
       159  9.337498e-05