pos      val_A      val_C      val_G      val_T
   0  -0.001623   0.010320   0.003746  -0.012444
   1  -0.019150   0.012613  -0.001791   0.008329
   2   0.023020  -0.028245  -0.010338   0.015562
   3  -0.004957  -0.011422   0.010530   0.005848
   4  -0.025142   0.026497   0.003359  -0.004713
   5  -0.004040  -0.024712   0.007592   0.021160
   6  -0.019091  -0.034546   0.021916   0.031721
   7  -0.029287  -0.009009   0.065058  -0.026761
   8  -0.005103  -0.002643   0.004117   0.003628
   9   0.002153  -0.009736  -0.025981   0.033564
  10   0.035897  -0.021650  -0.021280   0.007034
  11   0.026275  -0.018569  -0.020602   0.012897
  12   0.038756  -0.035197   0.011861  -0.015420
  13  -0.013025  -0.002691  -0.002095   0.017811
  14  -0.052748  -0.139961   0.001119   0.191590
  15  -0.016770  -0.022882  -0.020139   0.059791
  16  -0.005738   0.004348  -0.010745   0.012135
  17   0.004851  -0.015869  -0.010276   0.021293
  18   0.004295  -0.015770  -0.013381   0.024856
  19   0.003003   0.009778  -0.030620   0.017839
  20   0.010242  -0.014050  -0.004146   0.007954
  21  -0.024732  -0.012539   0.012071   0.025199
  22  -0.008478  -0.010360   0.009452   0.009385
  23  -0.023464   0.019732  -0.019353   0.023085
  24  -0.020863   0.024088   0.002313  -0.005537
  25  -0.019012  -0.008130   0.018860   0.008282
  26   0.004355  -0.009488   0.025760  -0.020628
  27  -0.023860   0.000816   0.011875   0.011169
  28  -0.001758  -0.010736  -0.025360   0.037854
  29  -0.011312   0.020415   0.023209  -0.032312
  30   0.026964  -0.015901  -0.006025  -0.005038
  31   0.001179  -0.009724   0.003185   0.005360
  32  -0.025284   0.036861   0.008576  -0.020153
  33   0.043912  -0.022331  -0.006722  -0.014859
  34  -0.015818   0.014986  -0.013007   0.013839
  35  -0.012858   0.023879  -0.014810   0.003789
  36   0.030968  -0.029943  -0.019563   0.018538
  37  -0.004932   0.010506   0.001525  -0.007100
  38   0.017325   0.015288  -0.010718  -0.021895
  39   0.005799   0.006348   0.004905  -0.017053
  40  -0.015507   0.013991  -0.008907   0.010423
  41  -0.023767   0.044466   0.007141  -0.027840
  42   0.024836   0.001550  -0.017691  -0.008694
  43  -0.002248   0.013692  -0.001562  -0.009882
  44   0.005356   0.003324   0.005812  -0.014492
  45   0.004180   0.001025  -0.022332   0.017127
  46   0.016969  -0.041361   0.000131   0.024261
  47   0.033391   0.008049  -0.026692  -0.014749
  48   0.015883  -0.012245  -0.001977  -0.001661
  49   0.002702   0.010495   0.005803  -0.019001
  50   0.021971  -0.020468  -0.015792   0.014289
  51   0.002236  -0.002970   0.043700  -0.042967
  52  -0.011723  -0.010219   0.006393   0.015550
  53  -0.019057   0.021382   0.008576  -0.010901
  54  -0.008353   0.002784  -0.011074   0.016642
  55   0.015243   0.009637  -0.011868  -0.013013
  56   0.017447  -0.008506   0.004349  -0.013290
  57  -0.013222   0.052362  -0.010996  -0.028145
  58  -0.000981  -0.002193   0.010767  -0.007592
  59  -0.006888  -0.036312   0.036457   0.006743
  60   0.003194   0.016786  -0.013851  -0.006129
  61   0.043997   0.007900  -0.033460  -0.018437
  62   0.005433  -0.010017   0.011335  -0.006751
  63  -0.005428  -0.004210  -0.009589   0.019226
  64  -0.012352  -0.007238   0.018785   0.000805
  65  -0.013383  -0.003851   0.028349  -0.011116
  66   0.009036  -0.020344  -0.020615   0.031924
  67  -0.020577  -0.017019  -0.013949   0.051545
  68  -0.012907  -0.026314   0.046592  -0.007371
  69   0.034100  -0.009653  -0.008628  -0.015818
  70   0.009478   0.010345   0.007134  -0.026957
  71   0.020642  -0.013757  -0.017687   0.010802
  72  -0.012152  -0.003600   0.008975   0.006776
  73  -0.017702  -0.006666   0.013262   0.011106
  74   0.013576  -0.031807   0.016661   0.001570
  75  -0.014151  -0.021134   0.033467   0.001818
  76  -0.014668   0.005195   0.006487   0.002986
  77  -0.000674   0.001368   0.010796  -0.011490
  78   0.032042   0.010826  -0.024303  -0.018565
  79   0.013336   0.009816  -0.013877  -0.009276
  80  -0.021377  -0.002358   0.024395  -0.000659
  81  -0.029844  -0.010599  -0.013443   0.053886
  82   0.032125  -0.027429   0.011128  -0.015824
  83  -0.010780  -0.011080  -0.020428   0.042288
  84   0.019764  -0.014276  -0.026416   0.020927
  85   0.005891   0.004303  -0.000449  -0.009744
  86   0.018633  -0.021208  -0.015503   0.018078
  87   0.017298   0.002848  -0.002620  -0.017526
  88  -0.006275   0.006675  -0.013623   0.013223
  89   0.090684  -0.034777  -0.033226  -0.022681
  90   0.182146  -0.127452  -0.015072  -0.039623
  91   0.010694   0.013441  -0.011175  -0.012960
  92   0.024820  -0.005060  -0.001004  -0.018756
  93   0.004011  -0.025615   0.017129   0.004475
  94  -0.012450  -0.009444  -0.005831   0.027725
  95   0.035410  -0.013848  -0.014357  -0.007205
  96   0.001486  -0.035172  -0.005864   0.039549
  97   0.013792  -0.013150   0.003139  -0.003781
  98  -0.005747  -0.005914  -0.013206   0.024867
  99  -0.062912   0.004602   0.040052   0.018258
 100   0.000300  -0.010824   0.009391   0.001133
 101  -0.013317  -0.024100   0.013970   0.023447
 102  -0.006653   0.007287   0.023333  -0.023966
 103  -0.015377  -0.019861  -0.015293   0.050531
 104   0.009117   0.004632   0.006978  -0.020727
 105   0.019091   0.026994  -0.009604  -0.036480
 106   0.000380  -0.006299   0.027764  -0.021844
 107  -0.004554  -0.015517   0.007547   0.012524
 108  -0.009266  -0.011190   0.019395   0.001061
 109   0.031898  -0.010734   0.017786  -0.038950
 110   0.003091  -0.026739   0.018019   0.005629
 111  -0.018559  -0.008996   0.014064   0.013491
 112   0.017440  -0.004671   0.004728  -0.017497
 113  -0.009241  -0.006157   0.004873   0.010525
 114  -0.009986  -0.014917  -0.001321   0.026224
 115   0.020048  -0.002673  -0.008769  -0.008606
 116   0.001310  -0.006602   0.007765  -0.002472
 117  -0.018050   0.012037   0.032543  -0.026529
 118  -0.037690   0.002579   0.028722   0.006389
 119  -0.016273   0.015802  -0.005683   0.006155
 120  -0.014478  -0.008324   0.001388   0.021414
 121   0.007761   0.009442  -0.005842  -0.011361
 122  -0.005419   0.003169  -0.017981   0.020232
 123   0.055204  -0.060356  -0.008053   0.013204
 124  -0.006551  -0.002043  -0.009723   0.018317
 125  -0.010815   0.002481   0.027758  -0.019424
 126  -0.008802  -0.015688   0.007051   0.017439
 127  -0.009665  -0.021571   0.019468   0.011769
 128   0.016130  -0.019453   0.027727  -0.024404
 129   0.017277  -0.007150   0.001615  -0.011742
 130   0.002729  -0.004207  -0.006573   0.008051
 131  -0.017617  -0.012100   0.019308   0.010409
 132   0.014957   0.002377  -0.011961  -0.005373
 133   0.030160  -0.015286  -0.015225   0.000351
 134   0.000044   0.007608   0.017089  -0.024741
 135   0.002668  -0.008310  -0.007862   0.013505
 136   0.008624  -0.009737   0.014740  -0.013627
 137   0.018887   0.001282  -0.007230  -0.012939
 138   0.003428  -0.005086  -0.015890   0.017549
 139   0.015166   0.025708  -0.025380  -0.015494
 140   0.011581  -0.011568  -0.004720   0.004707
 141   0.025882  -0.028326   0.001603   0.000841
 142  -0.005046   0.014480  -0.008224  -0.001210
 143  -0.015755   0.013368   0.000584   0.001803
 144  -0.011589   0.021677  -0.017164   0.007076
 145   0.014396  -0.022210  -0.033533   0.041347
 146   0.036686  -0.043114   0.016329  -0.009901
 147  -0.004147  -0.009916   0.007209   0.006853
 148   0.000561  -0.018700   0.018841  -0.000702
 149   0.017117  -0.017056  -0.014186   0.014125
 150  -0.018207  -0.013330  -0.009435   0.040972
 151   0.008339  -0.020173  -0.030817   0.042652
 152  -0.025336  -0.009767   0.024874   0.010230
 153   0.002549  -0.021505  -0.003022   0.021978
 154  -0.002280   0.001879   0.006460  -0.006059
 155  -0.013652   0.034662  -0.025335   0.004325
 156   0.027151  -0.005068  -0.010059  -0.012024
 157  -0.021839  -0.016349   0.025419   0.012769
 158  -0.007399   0.014239   0.002483  -0.009323
 159  -0.014648   0.008889   0.011701  -0.005942
 160   0.008959  -0.016343   0.003943   0.003441
 161   0.011889  -0.016023   0.008452  -0.004319
 162   0.019705  -0.019828   0.002146  -0.002024
 163   0.016853   0.002780  -0.024392   0.004759
 164   0.006948  -0.005788  -0.004974   0.003814
 165  -0.003585   0.012446  -0.002828  -0.006032
 166   0.003000  -0.015311   0.000978   0.011334
 167   0.002325  -0.001759  -0.010429   0.009863
 168  -0.008256  -0.012793   0.016368   0.004681
 169  -0.017278  -0.008539   0.007206   0.018611
 170  -0.003245   0.001411   0.011123  -0.009289
 171   0.016129  -0.009213  -0.005746  -0.001170
 172  -0.006169  -0.006231   0.005977   0.006423
 173  -0.002323  -0.011580   0.011332   0.002571
 174   0.007795  -0.008474  -0.005423   0.006102
 175   0.011020  -0.005268  -0.013546   0.007793
 176   0.015647  -0.017717  -0.003121   0.005191
 177   0.003586   0.010504  -0.011494  -0.002596
 178  -0.002412   0.003135  -0.010684   0.009962
 179   0.007289   0.008588  -0.012536  -0.003340
