pos          info
        0 -9.605211e-06
        1  1.183940e-04
        2 -5.319108e-04
        3  1.759013e-04
        4 -2.499335e-06
        5 -4.953470e-05
        6  3.964202e-04
        7  1.358625e-03
        8 -1.751938e-08
        9  1.140820e-04
       10  1.442417e-04
       11  4.236740e-04
       12 -5.104196e-04
       13  3.373162e-05
       14 -3.037444e-03
       15 -1.847153e-04
       16 -2.003670e-05
       17  7.933509e-06
       18  8.051290e-05
       19 -3.049979e-05
       20  3.626473e-09
       21  1.790087e-05
       22  1.369007e-05
       23 -5.377256e-05
       24 -6.397736e-06
       25  1.772986e-04
       26  1.335079e-04
       27 -7.224570e-05
       28 -1.030113e-05
       29  6.543943e-04
       30  7.348728e-06
       31  7.766801e-05
       32 -7.115895e-06
       33 -2.500959e-04
       34 -3.373248e-05
       35 -3.529667e-05
       36  4.435654e-04
       37 -1.175067e-05
       38 -7.513917e-05
       39  1.100058e-04
       40  2.969510e-05
       41  4.660429e-04
       42  1.242159e-04
       43  1.216339e-06
       44 -4.292468e-05
       45  4.161862e-06
       46 -3.354271e-04
       47  7.450512e-05
       48 -1.695187e-04
       49 -8.813451e-05
       50  3.011151e-05
       51 -6.248297e-04
       52  9.275444e-05
       53 -2.876512e-06
       54  9.709607e-05
       55  2.537432e-04
       56 -1.395149e-04
       57  5.922397e-04
       58  2.315230e-05
       59 -1.936265e-04
       60  5.755004e-05
       61  7.339514e-05
       62 -9.261228e-05
       63  2.057661e-04
       64 -1.384534e-07
       65 -5.573811e-05
       66  9.672068e-05
       67  1.746127e-04
       68  5.764356e-04
       69 -1.293761e-04
       70 -3.399036e-07
       71  1.920208e-05
       72 -9.116719e-06
       73  1.233046e-07
       74 -3.690638e-04
       75 -6.831770e-05
       76  1.145534e-05
       77 -2.323618e-04
       78 -2.320300e-04
       79 -1.437472e-05
       80 -3.754840e-08
       81  1.076377e-03
       82 -3.268922e-05
       83  1.068878e-03
       84 -3.076867e-04
       85 -2.856435e-06
       86  4.800202e-05
       87 -1.709762e-05
       88  1.689858e-04
       89 -3.896292e-04
       90 -3.943657e-03
       91  1.449666e-06
       92  3.246085e-04
       93 -2.189316e-05
       94  3.675303e-04
       95  1.463133e-04
       96 -1.929125e-05
       97 -1.931526e-04
       98 -7.699371e-05
       99 -5.513846e-04
      100  5.141069e-05
      101  2.212444e-04
      102  9.430494e-08
      103  7.842700e-04
      104  3.273925e-05
      105  1.384342e-05
      106 -2.088844e-04
      107 -1.078019e-05
      108 -6.532356e-05
      109 -4.772070e-04
      110 -9.268423e-05
      111 -1.376239e-04
      112  2.242007e-05
      113 -1.958751e-05
      114  2.404461e-06
      115  3.639625e-05
      116 -9.499215e-05
      117 -4.170518e-04
      118 -1.042700e-04
      119  1.219464e-08
      120  7.034730e-05
      121 -7.349732e-05
      122  3.650841e-04
      123 -1.621828e-03
      124 -1.109823e-06
      125  2.196477e-06
      126 -5.766330e-07
      127  9.787561e-05
      128 -1.455510e-05
      129 -8.312445e-05
      130  2.984605e-05
      131 -4.603870e-06
      132 -8.628084e-05
      133  2.097532e-04
      134 -3.582984e-04
      135 -1.415768e-06
      136 -7.959561e-06
      137  5.714268e-05
      138  1.088209e-04
      139  1.839572e-05
      140  6.380123e-05
      141  1.540750e-06
      142  2.460871e-05
      143 -2.139638e-08
      144 -9.768576e-05
      145  3.459166e-06
      146 -3.871662e-04
      147 -7.223724e-07
      148  7.423164e-07
      149 -1.452472e-04
      150  4.953180e-04
      151  2.270199e-04
      152 -8.947993e-05
      153  3.128381e-04
      154  1.195804e-05
      155  2.857279e-04
      156  2.366344e-05
      157  3.059739e-04
      158  1.794839e-08
      159  7.606063e-05