pos       info
        0   0.000098
        1   0.000128
        2   0.000017
        3   0.000021
        4  -0.000007
        5   0.000236
        6   0.000231
        7   0.000340
        8   0.000155
        9   0.000211
       10   0.000010
       11  -0.000030
       12  -0.001058
       13  -0.001088
       14  -0.001168
       15  -0.000107
       16   0.000077
       17   0.000153
       18   0.000120
       19   0.000065
       20   0.000102
       21   0.000036
       22   0.000029
       23   0.000142
       24   0.000155
       25   0.000113
       26  -0.000105
       27  -0.000097
       28  -0.000063
       29   0.000138
       30  -0.000006
       31  -0.000186
       32  -0.000394
       33  -0.000304
       34  -0.000045
       35   0.000038
       36   0.000083
       37   0.000013
       38   0.000002
       39   0.000058
       40   0.000074
       41   0.000113
       42   0.000068
       43  -0.000014
       44  -0.000291
       45  -0.000313
       46  -0.000252
       47  -0.000028
       48   0.000036
       49  -0.000142
       50  -0.000120
       51  -0.000165
       52   0.000034
       53   0.000074
       54   0.000035
       55   0.000177
       56   0.000135
       57   0.000128
       58   0.000003
       59   0.000020
       60   0.000032
       61   0.000023
       62   0.000014
       63  -0.000043
       64   0.000195
       65   0.000194
       66   0.000377
       67   0.000061
       68   0.000057
       69  -0.000030
       70   0.000035
       71   0.000074
       72   0.000033
       73  -0.000076
       74  -0.000086
       75  -0.000093
       76  -0.000294
       77  -0.000329
       78  -0.000308
       79   0.000356
       80   0.000354
       81   0.000881
       82   0.000422
       83   0.000287
       84  -0.000225
       85  -0.000178
       86   0.000128
       87  -0.000083
       88  -0.001146
       89  -0.001303
       90  -0.000832
       91   0.000255
       92   0.000412
       93   0.000223
       94   0.000238
       95  -0.000032
       96  -0.000118
       97  -0.000569
       98  -0.000464
       99  -0.000285
      100   0.000168
      101   0.000433
      102   0.000299
      103   0.000294
      104   0.000022
      105  -0.000008
      106   0.000095
      107   0.000052
      108  -0.000005
      109  -0.000259
      110  -0.000173
      111  -0.000126
      112   0.000030
      113   0.000018
      114  -0.000309
      115  -0.000381
      116  -0.000412
      117  -0.000192
      118  -0.000105
      119  -0.000123
      120   0.000139
      121  -0.000510
      122  -0.000493
      123  -0.000639
      124   0.000052
      125   0.000072
      126   0.000078
      127   0.000019
      128   0.000073
      129   0.000066
      130  -0.000037
      131  -0.000100
      132  -0.000064
      133   0.000042
      134   0.000024
      135   0.000090
      136   0.000145
      137   0.000159
      138   0.000059
      139   0.000049
      140   0.000109
      141   0.000173
      142   0.000093
      143   0.000084
      144  -0.000119
      145  -0.000057
      146  -0.000110
      147  -0.000034
      148  -0.000007
      149   0.000065
      150   0.000078
      151   0.000023
      152  -0.000037
      153   0.000021
      154   0.000094
      155   0.000079
      156   0.000065
      157   0.000000
      158   0.000000
      159   0.000000