pos          info
        0  4.943475e-05
        1 -4.864835e-05
        2  1.537857e-04
        3 -7.366679e-05
        4  2.556955e-05
        5  9.001815e-06
        6 -2.016482e-04
        7 -9.824805e-04
        8 -1.290136e-08
        9 -3.044867e-04
       10 -2.072356e-04
       11 -2.705395e-04
       12  1.205428e-04
       13 -6.016282e-05
       14  4.118217e-03
       15  1.143941e-04
       16  1.124901e-04
       17 -7.936357e-07
       18 -9.463636e-05
       19 -2.009950e-07
       20 -2.369457e-05
       21 -1.353067e-05
       22 -2.726480e-05
       23  1.486943e-04
       24  3.356043e-06
       25 -7.241716e-06
       26 -2.577830e-06
       27  2.364364e-04
       28  3.124111e-05
       29 -1.894768e-04
       30 -1.597543e-07
       31 -5.130370e-06
       32  9.786230e-06
       33  3.003279e-04
       34  1.099464e-04
       35 -4.483283e-07
       36 -2.261268e-04
       37  4.420271e-05
       38  1.523379e-05
       39 -2.134633e-05
       40  1.136135e-05
       41 -3.988472e-04
       42 -1.193298e-04
       43 -1.227663e-05
       44 -5.069923e-05
       45 -3.667785e-05
       46  3.538633e-04
       47 -1.324341e-04
       48  1.114686e-08
       49 -2.138036e-05
       50 -9.314916e-05
       51  2.982785e-04
       52 -2.138179e-06
       53  1.721996e-05
       54 -4.928899e-05
       55 -1.360925e-04
       56  5.221261e-05
       57 -3.764091e-04
       58 -7.603483e-05
       59  4.231918e-04
       60 -5.406612e-06
       61 -1.006642e-04
       62 -3.367105e-06
       63 -4.466625e-05
       64  1.416348e-07
       65  6.097754e-06
       66 -2.189238e-04
       67 -2.908234e-04
       68 -4.792728e-04
       69  5.979412e-05
       70 -2.861459e-05
       71 -1.994760e-08
       72 -4.122830e-07
       73 -4.051609e-05
       74  3.442650e-04
       75  1.323161e-05
       76  7.441942e-07
       77  1.218117e-05
       78  2.214391e-04
       79  1.103011e-04
       80 -3.692921e-06
       81 -5.916861e-04
       82  1.038384e-04
       83 -5.447729e-04
       84  9.919247e-05
       85  6.346841e-07
       86 -3.303530e-05
       87  7.441102e-05
       88 -3.336545e-05
       89  2.469449e-04
       90  4.014243e-03
       91 -3.036437e-05
       92 -1.004219e-04
       93  1.423603e-05
       94 -1.538503e-04
       95 -2.449525e-04
       96  7.852199e-05
       97  2.358125e-04
       98  8.939742e-05
       99  1.034706e-03
      100  6.440227e-06
      101 -2.067388e-04
      102 -2.434892e-06
      103 -9.360278e-04
      104 -2.083548e-04
      105  5.338673e-05
      106  1.898357e-04
      107  9.062615e-05
      108  4.482761e-05
      109  2.606771e-04
      110  2.588550e-04
      111  3.283215e-05
      112 -2.619793e-05
      113  1.839630e-05
      114  2.436795e-05
      115 -6.829080e-05
      116  3.240809e-05
      117  7.440380e-05
      118  1.841699e-04
      119 -1.411277e-06
      120 -1.327231e-04
      121  6.553915e-06
      122 -1.203693e-04
      123  1.644115e-03
      124  5.217720e-05
      125 -3.339043e-06
      126 -2.448152e-05
      127 -4.002631e-06
      128  2.291311e-05
      129  9.793983e-05
      130 -1.163730e-05
      131 -7.344309e-06
      132  8.111339e-05
      133 -1.400963e-04
      134  8.820514e-05
      135  1.669612e-05
      136  1.261591e-04
      137 -1.737884e-04
      138  2.622427e-06
      139 -1.413031e-05
      140 -1.283711e-05
      141 -2.161078e-07
      142 -7.388432e-06
      143 -6.254953e-06
      144  4.271999e-06
      145 -1.054140e-05
      146  4.369662e-04
      147  8.976798e-06
      148 -5.070759e-06
      149  7.009131e-05
      150 -9.176806e-05
      151 -3.761113e-04
      152  3.977052e-04
      153 -2.345569e-04
      154 -1.300866e-04
      155 -8.637464e-05
      156 -2.841247e-04
      157 -1.566728e-04
      158  5.929261e-07
      159 -5.809342e-05