pos      val_A      val_C      val_G      val_T
   0  -0.000537   0.033930  -0.005119  -0.028274
   1   0.014992  -0.033127   0.020127  -0.001992
   2  -0.006587   0.032641  -0.036813   0.010759
   3  -0.008758   0.004656  -0.004339   0.008441
   4  -0.050063   0.025033  -0.016833   0.041863
   5   0.026593  -0.029583  -0.013302   0.016292
   6  -0.001882  -0.032361   0.010394   0.023849
   7  -0.013385   0.018558  -0.011337   0.006164
   8   0.025971   0.036310  -0.043267  -0.019013
   9  -0.011566   0.024701  -0.002249  -0.010887
  10  -0.010679  -0.007430   0.017295   0.000814
  11   0.020006   0.010873  -0.024380  -0.006499
  12   0.024875  -0.002834   0.001193  -0.023234
  13  -0.001625   0.005310   0.003553  -0.007238
  14   0.009183   0.018085  -0.050714   0.023445
  15   0.014200   0.013711  -0.018334  -0.009578
  16   0.000310  -0.025768  -0.004323   0.029781
  17  -0.006301   0.011118  -0.025918   0.021101
  18   0.023194  -0.026508   0.036289  -0.032976
  19  -0.004289   0.016768  -0.002253  -0.010226
  20  -0.000061  -0.019027   0.040240  -0.021153
  21  -0.012447  -0.019657   0.035572  -0.003468
  22   0.011226  -0.015513   0.019326  -0.015040
  23   0.006961  -0.016227   0.006447   0.002818
  24  -0.006935   0.002491  -0.004739   0.009183
  25  -0.036381   0.018897   0.015093   0.002391
  26   0.015646  -0.002243  -0.003406  -0.009997
  27  -0.030833  -0.008099   0.008576   0.030356
  28   0.025706  -0.021351  -0.027582   0.023227
  29   0.013558  -0.007594  -0.016415   0.010452
  30  -0.019904  -0.007813   0.011047   0.016670
  31   0.014665   0.001348  -0.015756  -0.000258
  32   0.033388  -0.016819  -0.013224  -0.003345
  33   0.038343  -0.004328  -0.024560  -0.009455
  34   0.042966  -0.021861   0.021608  -0.042714
  35   0.001985   0.030100  -0.014147  -0.017938
  36  -0.005004  -0.002543  -0.019600   0.027148
  37   0.022068  -0.061750  -0.002628   0.042310
  38   0.025936  -0.019888   0.016954  -0.023002
  39   0.011818   0.003220  -0.019373   0.004335
  40  -0.002861  -0.012640   0.025635  -0.010134
  41  -0.006867   0.015795  -0.033618   0.024690
  42   0.024517   0.002772   0.001809  -0.029098
  43   0.006551  -0.013789   0.013400  -0.006162
  44   0.034042   0.016793  -0.014613  -0.036221
  45  -0.006677   0.034612  -0.014982  -0.012953
  46  -0.004246   0.010645   0.011441  -0.017840
  47   0.010858  -0.005540  -0.011149   0.005830
  48   0.028171  -0.008402  -0.009284  -0.010485
  49  -0.009990  -0.029552  -0.003543   0.043084
  50  -0.004703  -0.010650   0.029236  -0.013884
  51   0.002648  -0.001058  -0.007989   0.006398
  52   0.055008  -0.004410  -0.036423  -0.014175
  53   0.022178   0.000712  -0.013452  -0.009438
  54   0.010122   0.003764   0.020000  -0.033886
  55  -0.057184   0.009854   0.039691   0.007639
  56  -0.018785   0.007799   0.004653   0.006332
  57   0.024380   0.009680  -0.023626  -0.010434
  58   0.013588   0.012002  -0.019165  -0.006425
  59  -0.031100   0.045045  -0.008605  -0.005340
  60   0.007785   0.008324   0.022357  -0.038466
  61   0.010713   0.010689  -0.022580   0.001178
  62   0.008562   0.024512  -0.002373  -0.030701
  63  -0.006632   0.005141  -0.017402   0.018893
  64  -0.018262   0.002012  -0.001067   0.017317
  65   0.014227  -0.029137   0.008694   0.006216
  66  -0.033114   0.010426   0.041467  -0.018779
  67  -0.045248   0.055145  -0.022166   0.012268
  68   0.039992  -0.008403  -0.046822   0.015233
  69   0.040397  -0.019875   0.002956  -0.023478
  70   0.022738   0.001344  -0.008898  -0.015184
  71  -0.008572   0.004600   0.004563  -0.000591
  72  -0.033953   0.012804   0.003751   0.017398
  73   0.038961  -0.035711   0.003328  -0.006579
  74   0.002594   0.008273  -0.034811   0.023944
  75   0.014583  -0.054812   0.015511   0.024718
  76  -0.012617  -0.000098  -0.001592   0.014306
  77  -0.007148  -0.010217  -0.015853   0.033218
  78  -0.010123  -0.018668  -0.005174   0.033965
  79  -0.013651  -0.015296   0.013193   0.015753
  80  -0.026317   0.011522  -0.018868   0.033663
  81  -0.009713  -0.035110   0.042149   0.002674
  82  -0.008042  -0.023948   0.020902   0.011088
  83   0.053170  -0.015926  -0.032197  -0.005047
  84  -0.007574  -0.044948   0.028780   0.023742
  85  -0.003712  -0.002669  -0.019637   0.026018
  86  -0.024618   0.009038   0.019093  -0.003513
  87   0.002916  -0.014952  -0.007351   0.019388
  88   0.038416   0.011817  -0.032494  -0.017739
  89   0.005929   0.021971  -0.053956   0.026057
  90   0.001174  -0.014424  -0.008531   0.021782
  91   0.042724  -0.060684   0.010951   0.007009
  92  -0.030210   0.028526  -0.015239   0.016923
  93   0.026228  -0.002371  -0.061154   0.037297
  94  -0.022603   0.007822   0.017758  -0.002977
  95  -0.043017   0.031259  -0.003240   0.014997
  96   0.015352   0.008470  -0.017472  -0.006350
  97   0.057507  -0.049871   0.024763  -0.032398
  98   0.004253  -0.009338   0.031092  -0.026007
  99  -0.005630  -0.013745   0.028836  -0.009461
 100  -0.019195  -0.017211  -0.025349   0.061755
 101   0.004104   0.033916  -0.042404   0.004384
 102   0.021398  -0.010071  -0.007790  -0.003537
 103  -0.001481  -0.010732   0.011514   0.000699
 104   0.003774  -0.002587  -0.005132   0.003945
 105  -0.012137  -0.001971   0.014005   0.000103
 106  -0.009866  -0.025082  -0.013879   0.048826
 107  -0.003063  -0.011680  -0.021705   0.036448
 108  -0.016911   0.011180   0.026920  -0.021189
 109  -0.043393   0.009837  -0.006661   0.040217
 110  -0.042269   0.008530   0.004456   0.029283
 111   0.010229  -0.018829  -0.004380   0.012980
 112   0.014672   0.024133  -0.023912  -0.014892
 113   0.010853   0.009736  -0.017285  -0.003304
 114  -0.055485   0.018114   0.001506   0.035865
 115   0.011380   0.008829  -0.016283  -0.003926
 116  -0.008338   0.009625  -0.015986   0.014699
 117  -0.017924  -0.014910   0.005567   0.027267
 118   0.031559  -0.012896  -0.028806   0.010143
 119  -0.008023   0.002617  -0.039902   0.045308
 120  -0.012128   0.032338   0.021126  -0.041336
 121  -0.007945   0.051809  -0.034125  -0.009740
 122  -0.005625   0.003484  -0.025664   0.027805
 123   0.003694  -0.016565  -0.011934   0.024806
 124   0.002153   0.009110   0.007856  -0.019119
 125  -0.009355  -0.002891   0.010297   0.001948
 126  -0.022299  -0.022897   0.025408   0.019788
 127   0.003399  -0.043288   0.041654  -0.001765
 128  -0.030048  -0.047236   0.039083   0.038201
 129   0.016430  -0.015411   0.050006  -0.051025
 130   0.012357  -0.016755   0.007606  -0.003208
 131  -0.018581   0.023987   0.004865  -0.010272
 132   0.009846  -0.011698   0.000805   0.001047
 133   0.002021  -0.026076  -0.001877   0.025932
 134  -0.012184  -0.001816  -0.009775   0.023775
 135   0.006792   0.017597  -0.025164   0.000775
 136  -0.014766   0.030635   0.018607  -0.034476
 137   0.016987  -0.008734  -0.034853   0.026600
 138  -0.023404  -0.010433   0.008609   0.025228
 139   0.006282   0.011027  -0.031379   0.014071
 140   0.011683   0.014130  -0.026848   0.001035
 141   0.009812   0.001581  -0.031442   0.020048
 142   0.019960   0.004250  -0.025854   0.001645
 143  -0.011712  -0.003674   0.020368  -0.004982
 144   0.032818   0.001755  -0.017448  -0.017126
 145   0.006504   0.000426  -0.042707   0.035778
 146   0.055192  -0.016919   0.010184  -0.048457
 147   0.044814   0.014378  -0.017755  -0.041437
 148   0.007970   0.004548  -0.000516  -0.012002
 149  -0.046498  -0.013422   0.010495   0.049425
 150  -0.033089  -0.015212   0.039340   0.008961
 151   0.021932  -0.029510   0.037879  -0.030301
 152   0.004867  -0.035859   0.011637   0.019355
 153  -0.023486  -0.011992   0.030482   0.004997
 154  -0.044901  -0.032054   0.042017   0.034939
 155  -0.014172  -0.004366   0.027217  -0.008680
 156  -0.021834   0.007448   0.009304   0.005081
 157   0.015085  -0.047338   0.034615  -0.002362
 158   0.003473   0.007215  -0.025151   0.014463
 159  -0.012981  -0.015266   0.053306  -0.025059
 160   0.012720  -0.045437   0.057498  -0.024781
 161   0.005412  -0.018232   0.036954  -0.024134
 162  -0.014701  -0.048493   0.102684  -0.039490
 163   0.011702  -0.045368   0.057638  -0.023973
 164  -0.024109   0.010427   0.003196   0.010486
 165  -0.023800  -0.022573   0.035648   0.010725
 166  -0.047006   0.060695  -0.035623   0.021934
 167  -0.008537  -0.001376  -0.009297   0.019210
 168  -0.047779  -0.012461   0.012761   0.047479
 169  -0.014820   0.061194  -0.023989  -0.022385
 170  -0.013535   0.011629   0.012306  -0.010400
 171  -0.007013  -0.023910   0.031594  -0.000672
 172   0.036338  -0.002729   0.001243  -0.034853
 173   0.023224  -0.004887  -0.010561  -0.007776
 174  -0.011426   0.025254   0.049414  -0.063242
 175   0.023992  -0.005240  -0.051942   0.033191
 176   0.023319  -0.013362   0.007828  -0.017785
 177   0.038994  -0.033463  -0.012149   0.006618
 178   0.002518  -0.011290   0.004725   0.004047
 179  -0.037023   0.025884  -0.004667   0.015806
