pos       info
        0  -0.000575
        1   0.002133
        2  -0.006287
        3   0.008666
        4   0.002516
        5   0.004877
        6   0.001538
        7  -0.004156
        8   0.002294
        9  -0.002199
       10  -0.003173
       11  -0.001487
       12  -0.004314
       13  -0.005489
       14  -0.007290
       15  -0.001030
       16  -0.012211
       17  -0.000620
       18  -0.005044
       19  -0.017939
       20  -0.013082
       21  -0.021090
       22  -0.015939
       23  -0.007409
       24   0.014694
       25  -0.006920
       26  -0.000014
       27  -0.013888
       28   0.005750
       29   0.000383
       30   0.010626
       31   0.005984
       32   0.011413
       33   0.007761
       34   0.002722
       35   0.006299
       36   0.008165
       37  -0.002882
       38  -0.001527
       39  -0.010373
       40   0.010496
       41   0.012363
       42  -0.004543
       43  -0.002661
       44  -0.018194
       45  -0.003722
       46   0.003099
       47  -0.015939
       48  -0.000237
       49  -0.008762
       50  -0.003629
       51   0.002476
       52   0.013877
       53   0.007275
       54  -0.004784
       55   0.022081
       56   0.003824
       57  -0.002822
       58  -0.001795
       59  -0.006859
       60  -0.011294
       61  -0.016910
       62  -0.021054
       63  -0.007874
       64   0.013408
       65   0.006536
       66   0.010569
       67   0.012528
       68  -0.017140
       69  -0.004901
       70  -0.001444
       71  -0.001216
       72  -0.008786
       73  -0.002400
       74  -0.009733
       75  -0.008326
       76  -0.003136
       77  -0.024735
       78  -0.001195
       79   0.004006
       80   0.013615
       81  -0.013949
       82  -0.008943
       83  -0.004829
       84  -0.009385
       85  -0.002874
       86  -0.001729
       87   0.013645
       88   0.006085
       89   0.002202
       90  -0.013384
       91  -0.012095
       92  -0.014843
       93  -0.024719
       94  -0.000118
       95  -0.008171
       96  -0.008397
       97  -0.014366
       98  -0.016778
       99  -0.010791
      100  -0.005044
      101  -0.002995
      102  -0.011765
      103  -0.001326
      104  -0.001396
      105  -0.018648
      106  -0.012958
      107  -0.010623
      108   0.009091
      109   0.005898
      110   0.025690
      111   0.011124
      112   0.011318
      113  -0.006823
      114  -0.015883
      115  -0.002662
      116  -0.006325
      117  -0.000753
      118  -0.007124
      119  -0.011747
      120   0.005464
      121  -0.000266
      122  -0.001201
      123  -0.007873
      124   0.003923
      125   0.026320
      126   0.005952
      127   0.002121
      128  -0.000497
      129  -0.004927
      130  -0.006879
      131  -0.000609
      132   0.007230
      133   0.004736
      134   0.012630
      135  -0.002504
      136  -0.002083
      137  -0.007194
      138  -0.006158
      139  -0.013148
      140  -0.015479
      141  -0.006566
      142  -0.003979
      143   0.000853
      144  -0.017365
      145  -0.003643
      146  -0.001206
      147   0.008935
      148   0.011703
      149   0.013286
      150  -0.003826
      151   0.005466
      152   0.002033
      153   0.008089
      154   0.002881
      155  -0.005959
      156   0.003188
      157  -0.002124
      158  -0.007224
      159  -0.009223