pos      val_A      val_C      val_G      val_T
   0   0.017887   0.008468   0.009798  -0.036153
   1   0.008534   0.017031   0.008463  -0.034027
   2   0.016602  -0.016523  -0.004391   0.004313
   3   0.057932  -0.009074  -0.014152  -0.034707
   4  -0.040130   0.017421   0.033663  -0.010954
   5  -0.001011   0.023467  -0.014606  -0.007850
   6  -0.001050   0.005030  -0.007676   0.003696
   7   0.017934   0.022975  -0.045461   0.004553
   8   0.000693  -0.024993  -0.001933   0.026234
   9  -0.017514  -0.015759   0.027867   0.005407
  10  -0.019731   0.030790  -0.010678  -0.000382
  11  -0.007343  -0.027795   0.042244  -0.007106
  12  -0.066731   0.042700   0.031228  -0.007197
  13  -0.008626  -0.018010   0.009317   0.017319
  14  -0.006924   0.022722  -0.005123  -0.010676
  15  -0.017019   0.049968  -0.014050  -0.018898
  16   0.026906  -0.024508   0.009845  -0.012243
  17   0.038908   0.016146  -0.039625  -0.015429
  18   0.000647   0.032111  -0.019581  -0.013176
  19   0.010400  -0.023521   0.018817  -0.005695
  20  -0.001317  -0.011937  -0.026652   0.039907
  21   0.000158  -0.028416   0.032403  -0.004145
  22   0.032645  -0.006146   0.002356  -0.028855
  23  -0.014948   0.005335   0.008020   0.001593
  24   0.007791   0.002267  -0.024890   0.014831
  25  -0.052209  -0.009252   0.066425  -0.004964
  26  -0.008381  -0.031903   0.018200   0.022084
  27  -0.007011   0.012939   0.013885  -0.019812
  28   0.027310  -0.035051   0.011391  -0.003650
  29  -0.017738   0.006839  -0.022889   0.033788
  30  -0.014385   0.019163  -0.009770   0.004992
  31   0.019155  -0.001612  -0.003784  -0.013760
  32   0.005275   0.042712  -0.025241  -0.022746
  33  -0.009928  -0.022694  -0.003917   0.036540
  34   0.002042   0.004622   0.010104  -0.016768
  35   0.017450  -0.025174  -0.012032   0.019756
  36  -0.017092   0.008326   0.005466   0.003300
  37  -0.015643   0.014455   0.037372  -0.036183
  38  -0.004724  -0.009022   0.004443   0.009303
  39  -0.014488  -0.042299   0.037439   0.019348
  40  -0.037310   0.020794   0.023270  -0.006755
  41   0.002622   0.019559  -0.003273  -0.018908
  42  -0.032726   0.035984   0.029085  -0.032343
  43  -0.007674   0.017301   0.011210  -0.020837
  44  -0.021551  -0.008817   0.032295  -0.001927
  45   0.002514  -0.001843  -0.007208   0.006538
  46   0.048068   0.007553  -0.048605  -0.007017
  47  -0.005673   0.007881  -0.027859   0.025652
  48   0.013461  -0.027679   0.002910   0.011308
  49  -0.038979  -0.004401   0.011932   0.031448
  50  -0.012113   0.030366  -0.010280  -0.007974
  51  -0.003041   0.035451  -0.011804  -0.020606
  52   0.022423  -0.037274   0.014867  -0.000016
  53   0.031362  -0.014669  -0.002252  -0.014441
  54   0.012867   0.046150  -0.034846  -0.024171
  55  -0.033683   0.021602   0.015167  -0.003087
  56   0.000966  -0.024743  -0.013832   0.037609
  57  -0.037077   0.003759  -0.032002   0.065320
  58  -0.015941   0.023614  -0.011242   0.003570
  59   0.024748  -0.014787   0.003778  -0.013740
  60  -0.001921  -0.024472  -0.017148   0.043541
  61  -0.005312   0.005736   0.024524  -0.024947
  62  -0.031075   0.061953  -0.015623  -0.015255
  63   0.010804  -0.008275  -0.006819   0.004290
  64  -0.034393   0.023626   0.023851  -0.013084
  65   0.015980  -0.026103   0.033343  -0.023220
  66   0.021754  -0.004181  -0.018048   0.000475
  67   0.020558  -0.015729  -0.025515   0.020685
  68  -0.025767   0.006298   0.018702   0.000767
  69  -0.018040  -0.002379  -0.012726   0.033145
  70  -0.017047  -0.014603   0.040255  -0.008605
  71  -0.017350   0.028515   0.010892  -0.022056
  72   0.044617  -0.060409   0.018431  -0.002639
  73   0.008166  -0.042005   0.011789   0.022049
  74   0.088863  -0.012522  -0.030463  -0.045878
  75   0.011078  -0.002199  -0.031186   0.022307
  76  -0.037670   0.024252  -0.006364   0.019782
  77  -0.023769  -0.005423   0.036522  -0.007330
  78  -0.043361   0.008844   0.063996  -0.029479
  79   0.005467   0.000713   0.003025  -0.009205
  80   0.052970  -0.031983  -0.005160  -0.015827
  81   0.039852  -0.004515  -0.043533   0.008195
  82   0.027300  -0.008340   0.009036  -0.027996
  83   0.015271  -0.013805   0.023287  -0.024753
  84  -0.000244   0.021331   0.017751  -0.038839
  85  -0.057268   0.016505   0.011519   0.029244
  86  -0.011155   0.054402   0.002161  -0.045407
  87  -0.004084   0.015215   0.003663  -0.014794
  88  -0.012285  -0.044592   0.018159   0.038717
  89  -0.029748   0.058468  -0.026954  -0.001766
  90  -0.033670   0.000454   0.040883  -0.007668
  91   0.015035  -0.023595   0.001597   0.006963
  92  -0.011765   0.002534  -0.016470   0.025701
  93   0.018712   0.005381  -0.005348  -0.018744
  94  -0.031101   0.000668   0.001217   0.029216
  95  -0.092138   0.000589   0.044758   0.046790
  96   0.047764  -0.042038  -0.014427   0.008701
  97  -0.013333   0.007825   0.024746  -0.019238
  98  -0.043723   0.000814   0.033895   0.009013
  99   0.016311   0.041850  -0.055234  -0.002927
 100  -0.001395   0.011856  -0.007620  -0.002842
 101  -0.028465   0.013474  -0.027702   0.042693
 102   0.025554   0.014858   0.008322  -0.048734
 103  -0.012533  -0.002659  -0.021393   0.036585
 104   0.033199   0.019919  -0.031041  -0.022077
 105   0.016696   0.020866  -0.008708  -0.028853
 106   0.002069   0.032881  -0.017366  -0.017583
 107  -0.005642   0.004518   0.029448  -0.028324
 108  -0.035148  -0.002073   0.029257   0.007964
 109   0.013139  -0.022032   0.004016   0.004877
 110  -0.001208  -0.028123  -0.041182   0.070514
 111  -0.071620   0.015229   0.023620   0.032771
 112   0.038150  -0.045498  -0.008440   0.015789
 113   0.001171   0.011395  -0.020258   0.007693
 114  -0.019478   0.007063   0.016128  -0.003714
 115   0.023149   0.014541  -0.020495  -0.017195
 116   0.016691   0.026326  -0.035146  -0.007871
 117   0.003323   0.014563   0.009595  -0.027482
 118  -0.012665   0.056235  -0.039399  -0.004170
 119  -0.013627  -0.005792  -0.006838   0.026257
 120   0.017393  -0.011300   0.013758  -0.019851
 121   0.028967  -0.014520   0.007107  -0.021555
 122  -0.010513   0.026521  -0.038122   0.022115
 123  -0.004225  -0.000335  -0.015987   0.020547
 124   0.000445  -0.015909  -0.006816   0.022280
 125   0.057158  -0.009006  -0.021890  -0.026263
 126   0.042140  -0.001527  -0.022390  -0.018223
 127  -0.024645  -0.052858   0.018063   0.059440
 128  -0.044437   0.005705   0.014429   0.024303
 129   0.017322  -0.014656  -0.005230   0.002564
 130  -0.027246   0.002778   0.034117  -0.009649
 131  -0.030788  -0.007717   0.002402   0.036103
 132   0.020829  -0.000595  -0.034588   0.014353
 133   0.020144   0.015680   0.001292  -0.037116
 134  -0.037056   0.006109  -0.002367   0.033313
 135   0.041309  -0.021198  -0.020100  -0.000011
 136   0.009172  -0.020870   0.009223   0.002474
 137   0.023963   0.020585  -0.011022  -0.033525
 138   0.037361   0.035261  -0.046260  -0.026363
 139   0.004077  -0.003051   0.015458  -0.016485
 140   0.011065  -0.012115  -0.003527   0.004577
 141  -0.005607  -0.033584   0.017869   0.021322
 142  -0.039940  -0.010794   0.007366   0.043369
 143   0.016277  -0.011571  -0.031762   0.027056
 144   0.005366   0.014235   0.011793  -0.031393
 145  -0.061770  -0.004333   0.028561   0.037542
 146  -0.036113   0.018316  -0.016593   0.034389
 147  -0.018578   0.038463   0.002530  -0.022415
 148  -0.008796   0.031860  -0.034416   0.011352
 149   0.053465  -0.031397   0.029160  -0.051228
 150   0.011323   0.016411  -0.006277  -0.021457
 151  -0.030695   0.016363   0.022589  -0.008257
 152   0.022364  -0.002472  -0.041030   0.021138
 153  -0.007996   0.036203   0.010145  -0.038353
 154   0.032576  -0.034783  -0.028823   0.031030
 155   0.024711  -0.003869   0.006127  -0.026970
 156   0.016994  -0.029759   0.026118  -0.013353
 157  -0.003017  -0.005000   0.010073  -0.002056
 158   0.021018  -0.006590   0.003772  -0.018200
 159   0.021190   0.013536  -0.013861  -0.020865
 160  -0.035052  -0.006240  -0.007518   0.048810
 161  -0.032951  -0.040807   0.048537   0.025220
 162   0.002091  -0.042165   0.003035   0.037038
 163  -0.000962   0.038136  -0.089151   0.051978
 164   0.069419  -0.024245  -0.037427  -0.007747
 165   0.018718   0.000427  -0.004456  -0.014690
 166  -0.042635   0.032905  -0.003136   0.012865
 167   0.001914   0.014924   0.009679  -0.026517
 168  -0.049770   0.026129   0.014906   0.008734
 169  -0.005703  -0.002177  -0.006432   0.014312
 170  -0.030667   0.022199  -0.014074   0.022542
 171   0.006411  -0.014030   0.032174  -0.024556
 172  -0.014071   0.010047  -0.017767   0.021791
 173  -0.040782   0.010795   0.028403   0.001584
 174   0.005374  -0.000813  -0.002666  -0.001896
 175  -0.018729   0.015554  -0.020293   0.023469
 176  -0.016191   0.043971  -0.022562  -0.005218
 177  -0.030196  -0.044166   0.037133   0.037230
 178   0.026355  -0.006117   0.006313  -0.026552
 179  -0.015714  -0.035743   0.100689  -0.049232
