pos          info
        0  1.026593e-06
        1  5.265447e-09
        2  9.479023e-07
        3  1.732854e-07
        4  6.784494e-06
        5  6.967267e-07
        6  2.291809e-06
        7  3.111276e-06
        8  4.918454e-08
        9  4.423932e-08
       10  1.715297e-06
       11  2.974807e-06
       12  1.347700e-04
       13 -5.755150e-05
       14  2.457098e-07
       15  6.779215e-05
       16  6.108352e-07
       17  2.175577e-06
       18  6.920171e-06
       19  3.406188e-08
       20  2.552484e-05
       21  2.671215e-05
       22  2.347560e-05
       23  5.782363e-09
       24  1.918876e-09
       25  5.450327e-05
       26  2.666975e-07
       27  4.003540e-06
       28  1.431742e-06
       29  8.538213e-08
       30  2.187493e-06
       31  1.018270e-06
       32  2.875938e-08
       33  3.212168e-07
       34  1.618419e-08
       35  2.629010e-07
       36  4.728185e-05
       37  5.088383e-07
       38  1.637354e-06
       39  9.370692e-07
       40  2.142110e-06
       41  4.045736e-05
       42  1.641077e-09
       43  5.473388e-06
       44  3.287438e-06
       45  1.660139e-06
       46  1.252431e-06
       47  7.653166e-08
       48  5.103014e-08
       49  4.023985e-06
       50  1.091217e-05
       51  3.366678e-05
       52  2.867458e-07
       53  7.639221e-05
       54  2.237027e-07
       55  4.464416e-06
       56  4.413648e-06
       57  4.703988e-06
       58  5.500208e-08
       59  1.751640e-06
       60  1.057444e-06
       61  3.787864e-06
       62  2.419018e-07
       63  5.190416e-06
       64  2.329000e-09
       65  2.753166e-07
       66  2.817957e-06
       67  1.865451e-06
       68  1.864587e-05
       69  2.938517e-06
       70  1.845026e-06
       71  1.892795e-07
       72  1.314547e-05
       73  7.319189e-05
       74  6.782859e-06
       75  9.365023e-06
       76  8.223212e-06
       77  1.778446e-05
       78  3.496784e-05
       79  3.502873e-08
       80  5.596359e-06
       81  3.382461e-07
       82  8.075839e-07
       83  9.588820e-06
       84  1.232291e-07
       85  1.832768e-07
       86  2.195493e-05
       87  2.897578e-06
       88  2.396523e-06
       89  1.035329e-05
       90  9.896776e-08
       91 -2.159790e-05
       92  2.479658e-07
       93  3.863077e-05
       94  2.758686e-06
       95 -1.208534e-06
       96 -6.066073e-05
       97  4.099590e-05
       98  1.410491e-05
       99  1.211618e-07
      100  3.609648e-05
      101  1.778067e-07
      102  1.521255e-05
      103  4.951445e-08
      104  1.133611e-08
      105  3.586315e-06
      106  2.032764e-06
      107  4.413537e-09
      108  7.028653e-08
      109  9.937694e-05
      110  1.414048e-05
      111  2.388804e-06
      112  1.144105e-05
      113  3.854523e-06
      114  2.160739e-06
      115  5.393233e-06
      116  1.764150e-06
      117  4.678786e-05
      118  7.893855e-08
      119  1.300609e-06
      120 -3.906024e-05
      121  2.378393e-05
      122 -2.965889e-05
      123  9.182905e-07
      124  2.071389e-05
      125  1.896128e-08
      126  4.438006e-08
      127  1.066817e-06
      128  9.012211e-06
      129  1.902102e-08
      130  3.034815e-06
      131  1.200997e-06
      132  5.611773e-06
      133  2.407023e-07
      134  4.902288e-06
      135  8.643869e-07
      136  4.632594e-06
      137  9.918415e-07
      138  1.805851e-07
      139  4.866244e-06
      140  3.638924e-05
      141  7.717708e-06
      142  7.507975e-06
      143  4.212240e-06
      144  2.209884e-06
      145  1.438643e-06
      146  1.763013e-05
      147  1.513979e-06
      148  1.303937e-06
      149  1.429215e-05
      150  8.945648e-06
      151  1.627713e-05
      152  1.228021e-05
      153  2.803678e-06
      154  3.113554e-06
      155  7.099576e-06
      156  4.345230e-05
      157 -2.661442e-06
      158 -6.288059e-08
      159 -5.458018e-06