pos          info
        0 -4.846595e-04
        1 -8.612908e-04
        2 -6.829126e-04
        3 -3.688370e-05
        4 -3.450772e-03
        5 -4.769247e-04
        6 -2.247177e-04
        7 -4.712151e-04
        8 -1.195004e-02
        9 -8.622214e-04
       10 -1.364250e-03
       11 -3.180387e-05
       12 -1.189011e-03
       13 -4.039250e-04
       14 -9.056415e-04
       15 -1.321803e-04
       16 -1.621229e-04
       17  2.652857e-03
       18  7.140175e-04
       19  2.558060e-04
       20 -2.002291e-03
       21 -2.639670e-04
       22 -9.282621e-05
       23 -2.286153e-06
       24 -4.605856e-05
       25 -2.339324e-03
       26 -2.348696e-04
       27 -3.626835e-03
       28 -3.709329e-03
       29 -3.988130e-04
       30 -6.914882e-06
       31 -5.448030e-03
       32 -6.810763e-04
       33 -1.522063e-03
       34 -1.601277e-02
       35 -2.472453e-03
       36 -8.643212e-05
       37 -1.740692e-02
       38 -8.136828e-04
       39 -9.986698e-04
       40  1.792206e-04
       41  1.264589e-03
       42  1.658598e-03
       43  1.052018e-03
       44  5.880847e-03
       45  1.096214e-02
       46  9.601837e-05
       47  2.214075e-02
       48 -7.515900e-04
       49 -2.297951e-04
       50 -1.787994e-03
       51 -6.592509e-05
       52 -4.114145e-04
       53 -1.538004e-03
       54 -6.884314e-04
       55 -2.384965e-03
       56 -2.048122e-03
       57 -3.485242e-03
       58 -6.358085e-03
       59 -5.362994e-05
       60 -9.377426e-05
       61 -3.055644e-03
       62 -2.197649e-03
       63 -3.228154e-03
       64  1.095568e-04
       65  2.481491e-03
       66  7.458004e-03
       67  3.491357e-04
       68  2.736130e-03
       69  4.710122e-03
       70 -7.440750e-05
       71 -1.353778e-03
       72 -2.819022e-06
       73  3.132265e-04
       74 -6.517240e-04
       75  4.806636e-04
       76 -3.891494e-03
       77 -3.017472e-07
       78 -1.539540e-03
       79 -3.834253e-02
       80 -5.699834e-02
       81 -2.891695e-02
       82 -1.093090e-02
       83 -6.423642e-03
       84 -4.672829e-03
       85 -1.412243e-02
       86 -2.473139e-03
       87  1.676672e-03
       88  9.159666e-05
       89  4.308676e-03
       90 -1.176026e-03
       91 -4.821611e-04
       92  9.778623e-04
       93  5.743698e-04
       94  5.848966e-03
       95  2.627627e-03
       96 -4.615691e-03
       97  1.047407e-02
       98  1.596344e-03
       99  3.428761e-02
      100 -4.458465e-03
      101 -3.693710e-03
      102 -2.712309e-02
      103 -5.241394e-02
      104  1.093674e-02
      105 -1.392480e-02
      106  1.662875e-02
      107  5.446812e-02
      108  5.724848e-02
      109 -5.613816e-05
      110 -1.464494e-05
      111 -3.750097e-04
      112 -1.203123e-03
      113 -2.628824e-03
      114 -3.497157e-03
      115  2.750688e-06
      116 -3.160309e-03
      117 -1.924719e-03
      118  4.463837e-04
      119  1.409772e-03
      120 -5.185717e-04
      121 -1.634514e-03
      122 -2.173706e-03
      123 -1.505823e-03
      124 -3.950403e-05
      125 -1.780620e-03
      126  4.805294e-04
      127  1.270800e-03
      128  3.511006e-04
      129  8.039741e-03
      130 -4.202398e-05
      131 -5.270929e-04
      132 -2.165457e-04
      133 -1.602940e-03
      134 -4.114833e-05
      135 -2.282613e-03
      136 -2.812455e-05
      137  6.543179e-03
      138  1.384912e-04
      139  1.259637e-04
      140 -3.492269e-03
      141 -2.365185e-03
      142 -8.627464e-04
      143 -4.572134e-04
      144 -1.125141e-03
      145 -7.435796e-05
      146 -7.143384e-05
      147 -8.712964e-03
      148 -2.252853e-04
      149 -1.770435e-03
      150 -2.051059e-04
      151 -5.377061e-06
      152 -3.523890e-03
      153 -3.462258e-03
      154 -3.971885e-04
      155 -1.610682e-04
      156 -1.249496e-03
      157 -6.128829e-05
      158 -5.038083e-04
      159 -1.695006e-05