pos          info
        0  9.090368e-06
        1  2.263267e-05
        2 -9.574620e-05
        3 -8.281753e-05
        4 -1.070811e-04
        5  3.285264e-04
        6  3.141037e-04
        7  4.124056e-04
        8  8.400797e-05
        9 -8.949062e-06
       10 -9.971137e-05
       11 -1.574574e-04
       12 -6.130959e-05
       13 -6.627620e-05
       14 -3.215944e-05
       15 -9.272289e-05
       16 -4.491598e-05
       17 -7.100347e-05
       18 -1.108547e-05
       19 -1.882240e-04
       20 -1.986901e-04
       21 -1.849768e-04
       22  1.608821e-05
       23  1.626694e-04
       24  1.023981e-04
       25  4.115527e-05
       26 -6.089576e-05
       27 -8.940753e-05
       28 -8.670214e-05
       29 -6.705028e-05
       30  5.284242e-06
       31 -4.516630e-06
       32 -1.419797e-05
       33 -1.427038e-05
       34 -8.045991e-06
       35  5.056724e-05
       36  3.259427e-05
       37  7.275092e-04
       38  6.802019e-04
       39  8.141765e-04
       40  9.519313e-05
       41  8.743636e-05
       42 -4.342082e-05
       43 -1.910866e-05
       44  3.434444e-05
       45  5.183568e-05
       46 -6.508938e-05
       47 -1.137876e-04
       48 -7.902128e-05
       49  7.684950e-05
       50  9.278879e-05
       51  3.998793e-05
       52 -9.709732e-05
       53 -1.154755e-04
       54 -7.596293e-06
       55  1.321882e-05
       56  1.742241e-05
       57  2.205494e-04
       58  2.899514e-04
       59  2.783112e-04
       60 -1.412929e-05
       61 -1.079003e-05
       62  5.428062e-05
       63  4.987888e-05
       64  5.765256e-05
       65  3.613857e-05
       66  1.580823e-06
       67 -6.104474e-06
       68  1.469119e-05
       69  5.738476e-05
       70  1.511018e-04
       71  9.658059e-05
       72  4.117954e-05
       73 -2.422468e-04
       74 -2.948597e-04
       75  1.893195e-04
       76  3.747866e-04
       77  4.217684e-04
       78  6.329455e-05
       79  7.012711e-05
       80  8.339834e-05
       81 -4.770193e-05
       82 -5.463618e-05
       83 -7.889029e-05
       84 -2.260574e-05
       85 -1.284047e-05
       86 -3.709417e-05
       87 -4.413285e-05
       88 -4.703978e-05
       89 -6.364043e-06
       90  2.105013e-06
       91  1.069339e-06
       92  2.397703e-04
       93  2.535978e-04
       94  3.323474e-04
       95  1.005350e-04
       96  9.667814e-05
       97  1.540852e-05
       98  6.505301e-06
       99 -1.239264e-05
      100 -1.803655e-05
      101  2.357340e-05
      102 -2.676422e-06
      103  2.218467e-05
      104 -1.386129e-04
      105 -1.230417e-04
      106 -1.351976e-04
      107  1.547182e-04
      108  1.752321e-04
      109  3.468822e-04
      110  1.873600e-04
      111  1.834687e-04
      112  6.567544e-08
      113 -1.953822e-05
      114 -2.846678e-05
      115 -1.781715e-05
      116 -3.974238e-05
      117  1.777178e-05
      118  1.595711e-05
      119  1.332261e-05
      120 -7.944323e-05
      121 -9.904402e-05
      122 -6.453889e-05
      123 -1.110327e-05
      124  1.321884e-06
      125  5.441169e-05
      126 -4.568808e-06
      127 -1.816951e-05
      128 -2.611990e-06
      129  5.123525e-05
      130  6.167399e-05
      131 -1.553299e-05
      132 -7.884802e-05
      133 -6.667967e-05
      134 -5.943765e-05
      135 -5.778286e-05
      136 -7.153680e-05
      137 -7.141899e-05
      138  2.058172e-06
      139  1.107904e-05
      140  1.232737e-04
      141  1.046969e-04
      142  3.503659e-05
      143 -5.055348e-05
      144 -4.140249e-05
      145  1.415957e-05
      146 -1.719581e-05
      147  8.612221e-05
      148  1.025999e-04
      149  1.772180e-04
      150  6.487434e-05
      151  5.838859e-05
      152 -1.099213e-05
      153  6.118921e-05
      154  8.938816e-05
      155  7.842850e-05
      156  1.098754e-04
      157  0.000000e+00
      158  0.000000e+00
      159  0.000000e+00