pos      val_A      val_C      val_G      val_T
   0   0.024063   0.005665  -0.019701  -0.010027
   1  -0.004989   0.002586  -0.002607   0.005009
   2   0.002008  -0.013091   0.017337  -0.006254
   3   0.012895  -0.004473   0.007251  -0.015673
   4  -0.029926   0.011229   0.016989   0.001709
   5   0.011515   0.000055  -0.013530   0.001959
   6   0.007664   0.021288   0.013748  -0.042700
   7  -0.056835  -0.011197  -0.002712   0.070745
   8   0.001443  -0.008059   0.022490  -0.015874
   9  -0.007253  -0.012696   0.020948  -0.000999
  10  -0.040712  -0.009309   0.042985   0.007036
  11  -0.007188   0.021441   0.017615  -0.031868
  12  -0.036300   0.028596   0.010873  -0.003168
  13  -0.053623   0.007410   0.027827   0.018385
  14  -0.006434  -0.035957   0.021087   0.021304
  15   0.003555  -0.010359   0.026159  -0.019355
  16  -0.004264  -0.018549   0.024266  -0.001453
  17   0.001281  -0.015919  -0.029867   0.044504
  18  -0.013951   0.028376  -0.001662  -0.012764
  19  -0.005944   0.029320  -0.032996   0.009620
  20  -0.025018   0.015227   0.023942  -0.014152
  21   0.026147  -0.027696  -0.026513   0.028062
  22  -0.012578   0.007536  -0.003739   0.008781
  23  -0.023273   0.024417   0.010123  -0.011266
  24  -0.037895   0.021143   0.035516  -0.018764
  25  -0.014892   0.004118   0.029166  -0.018391
  26  -0.011368  -0.021271   0.031506   0.001133
  27  -0.007883   0.013441  -0.027102   0.021544
  28   0.006424  -0.015187  -0.002173   0.010937
  29  -0.047652   0.013322   0.031457   0.002873
  30   0.001713   0.011539   0.002304  -0.015557
  31  -0.027742   0.000142   0.038532  -0.010931
  32   0.000026   0.012952   0.005929  -0.018908
  33   0.009443   0.028004  -0.032899  -0.004547
  34  -0.037458   0.000405   0.003788   0.033265
  35  -0.017070   0.002036   0.019743  -0.004710
  36  -0.004158   0.020063  -0.021749   0.005845
  37   0.052716  -0.010375  -0.037782  -0.004560
  38  -0.019317   0.032979   0.015252  -0.028914
  39  -0.251906   0.040166   0.136117   0.075622
  40  -0.013023   0.003053   0.021028  -0.011058
  41   0.012067   0.026638   0.010535  -0.049240
  42  -0.017866   0.006168   0.024085  -0.012387
  43   0.015395   0.019325   0.004975  -0.039695
  44  -0.031607   0.037159  -0.023473   0.017921
  45  -0.003604   0.018009   0.011719  -0.026124
  46   0.002385  -0.001091   0.028019  -0.029313
  47  -0.013106   0.029767   0.009879  -0.026540
  48  -0.002441   0.035888   0.013471  -0.046918
  49  -0.002025  -0.037821   0.021902   0.017945
  50   0.007181  -0.009620  -0.016211   0.018651
  51   0.026996  -0.002110  -0.051177   0.026290
  52  -0.037398  -0.009403   0.001616   0.045185
  53  -0.015839   0.007435   0.003272   0.005133
  54   0.006764   0.011080   0.023605  -0.041448
  55  -0.027013   0.019061  -0.005461   0.013413
  56   0.021248   0.007203  -0.009289  -0.019162
  57  -0.038416   0.015005   0.019352   0.004059
  58   0.017314  -0.019413   0.011591  -0.009493
  59   0.069313   0.000238  -0.041166  -0.028385
  60  -0.014070   0.003894   0.022593  -0.012416
  61   0.017114  -0.005800  -0.003262  -0.008052
  62  -0.032162   0.008874   0.004005   0.019283
  63   0.028095  -0.025410   0.034169  -0.036854
  64  -0.024540   0.019233   0.014008  -0.008701
  65  -0.011244  -0.026858   0.005540   0.032562
  66  -0.000971  -0.035720   0.007097   0.029593
  67  -0.021263   0.045449  -0.028199   0.004012
  68  -0.034265   0.032635  -0.011265   0.012896
  69   0.010032   0.018755   0.007523  -0.036310
  70  -0.005903  -0.006465   0.002835   0.009533
  71  -0.010275  -0.019679   0.016836   0.013118
  72   0.006138   0.017184  -0.021553  -0.001769
  73   0.018761   0.010449  -0.013904  -0.015306
  74   0.032128   0.007719  -0.015814  -0.024033
  75  -0.022433   0.006781   0.015804  -0.000152
  76  -0.006893   0.007912  -0.012296   0.011277
  77  -0.008768   0.063535  -0.001461  -0.053305
  78   0.013967   0.015151   0.008163  -0.037281
  79   0.017474   0.015686  -0.038798   0.005639
  80  -0.007210   0.004455   0.016553  -0.013799
  81   0.006445   0.009269  -0.036395   0.020681
  82   0.000832   0.022652  -0.024036   0.000552
  83  -0.011405  -0.007387   0.021417  -0.002625
  84   0.003349   0.013388  -0.026629   0.009893
  85   0.036369  -0.007649  -0.021496  -0.007224
  86   0.012782  -0.004340  -0.030434   0.021993
  87  -0.003002  -0.002086   0.016520  -0.011432
  88  -0.018576   0.015950   0.004854  -0.002228
  89  -0.013873   0.029875  -0.001532  -0.014471
  90   0.006304  -0.024861   0.037779  -0.019222
  91  -0.049503   0.004352   0.001597   0.043554
  92   0.002990   0.004746  -0.002191  -0.005546
  93  -0.036852  -0.025873   0.030266   0.032459
  94   0.037229  -0.045317   0.017672  -0.009584
  95   0.014900   0.002596  -0.012069  -0.005428
  96   0.010579  -0.002666   0.035663  -0.043576
  97  -0.001335  -0.027942   0.015816   0.013461
  98   0.025338  -0.042043   0.011364   0.005341
  99   0.000926   0.020732  -0.015750  -0.005909
 100  -0.047052   0.026272   0.002556   0.018224
 101   0.001010  -0.011685   0.012495  -0.001820
 102   0.008108   0.028940   0.024939  -0.061986
 103  -0.006094   0.012117  -0.014298   0.008275
 104  -0.002956  -0.009265   0.019574  -0.007353
 105  -0.023826   0.021785  -0.016489   0.018530
 106   0.027605   0.008413   0.008975  -0.044993
 107   0.015736   0.006691   0.023745  -0.046172
 108   0.024522   0.008197  -0.037848   0.005128
 109   0.014616  -0.010215   0.014465  -0.018866
 110   0.012396  -0.029578   0.009599   0.007583
 111  -0.016223   0.023636   0.005127  -0.012539
 112  -0.025075  -0.003491   0.014126   0.014440
 113   0.006796  -0.033306   0.009539   0.016971
 114   0.007867   0.024851  -0.021340  -0.011378
 115  -0.022252   0.017767   0.010174  -0.005689
 116   0.028091  -0.002356   0.007335  -0.033069
 117   0.022331   0.013834  -0.037504   0.001339
 118   0.021446  -0.025587   0.042318  -0.038178
 119  -0.036236  -0.003024   0.012549   0.026711
 120  -0.035534   0.028889  -0.013814   0.020459
 121   0.043151   0.000003  -0.010125  -0.033029
 122   0.003059   0.028610  -0.005353  -0.026317
 123   0.021410   0.017341   0.002576  -0.041328
 124  -0.027172   0.013647  -0.013152   0.026678
 125  -0.016721   0.003734  -0.003079   0.016065
 126  -0.007224   0.031805   0.014196  -0.038777
 127  -0.009062  -0.016907   0.045894  -0.019925
 128   0.008427   0.010275  -0.015834  -0.002868
 129  -0.027242  -0.008657   0.026723   0.009176
 130  -0.009403   0.010398  -0.006162   0.005167
 131  -0.014595  -0.015563   0.011786   0.018372
 132   0.020020  -0.003647  -0.041377   0.025004
 133  -0.004694   0.023771  -0.001915  -0.017162
 134  -0.003379   0.001381  -0.003259   0.005256
 135   0.030724  -0.037387   0.008994  -0.002330
 136   0.030761  -0.005651  -0.003034  -0.022076
 137  -0.018298   0.029748  -0.009678  -0.001772
 138  -0.036180   0.018012   0.023024  -0.004856
 139  -0.010601   0.034551  -0.009318  -0.014632
 140   0.012784  -0.021403  -0.013411   0.022029
 141  -0.009144   0.015070   0.004727  -0.010654
 142   0.021188  -0.015192   0.022319  -0.028315
 143   0.007662  -0.010931   0.017255  -0.013986
 144   0.030043   0.029973  -0.006105  -0.053910
 145   0.007143  -0.007150   0.053260  -0.053254
 146  -0.021933   0.009844   0.046413  -0.034324
 147   0.014438  -0.018883   0.005674  -0.001229
 148  -0.018175   0.008786  -0.004142   0.013531
 149   0.010664   0.013307  -0.042830   0.018859
 150  -0.016869   0.009747   0.018982  -0.011860
 151  -0.031145   0.018996  -0.006939   0.019088
 152   0.022452  -0.030344   0.001896   0.005996
 153   0.010894   0.025484  -0.051600   0.015222
 154  -0.024366  -0.005255  -0.003507   0.033128
 155   0.002759   0.008521  -0.035254   0.023975
 156  -0.019041   0.016937  -0.002637   0.004742
 157  -0.015895  -0.014354   0.009585   0.020664
 158   0.018670  -0.018376   0.018577  -0.018871
 159  -0.034871   0.006918   0.008125   0.019828
 160  -0.004723   0.033124  -0.043936   0.015534
 161   0.012058  -0.005871  -0.019459   0.013272
 162   0.001287  -0.014620   0.003218   0.010115
 163  -0.007609  -0.003919   0.015282  -0.003754
 164  -0.018463   0.007003  -0.002438   0.013897
 165  -0.015064  -0.007586   0.014996   0.007654
 166   0.004713   0.007773  -0.013235   0.000749
 167  -0.012111   0.028853  -0.011075  -0.005667
 168  -0.029751   0.009342  -0.001701   0.022110
 169   0.006933  -0.003449  -0.010007   0.006524
 170  -0.033934   0.016944   0.011544   0.005446
 171  -0.019244   0.036433  -0.016978  -0.000211
 172  -0.034502   0.012161   0.013419   0.008922
 173  -0.027658   0.035035   0.005899  -0.013276
 174  -0.018548   0.019774   0.023678  -0.024903
 175  -0.045270   0.037383   0.018730  -0.010843
 176  -0.052914   0.021429   0.019234   0.012251
 177  -0.041572   0.021897   0.027194  -0.007520
 178  -0.043129   0.013631   0.048773  -0.019275
 179  -0.000749  -0.008562   0.053017  -0.043706
