pos      val_A      val_C      val_G      val_T
   0   0.011607   0.007075  -0.028234   0.009552
   1  -0.004512   0.002186   0.011715  -0.009388
   2   0.025112  -0.037650  -0.002790   0.015327
   3   0.014738   0.020197   0.012110  -0.047045
   4  -0.042880   0.013885   0.010172   0.018823
   5   0.020507   0.002412  -0.009310  -0.013610
   6  -0.015368   0.018253   0.017237  -0.020121
   7  -0.063686   0.002478  -0.004946   0.066155
   8  -0.001287   0.002587   0.011630  -0.012930
   9   0.013182  -0.020059   0.033546  -0.026669
  10  -0.020644  -0.008982   0.026914   0.002711
  11   0.005607   0.021913   0.010527  -0.038048
  12  -0.014159   0.009202   0.002394   0.002563
  13  -0.042212   0.004988   0.020086   0.017138
  14   0.008572  -0.025467  -0.000958   0.017853
  15  -0.030645  -0.007301   0.028546   0.009401
  16   0.019887  -0.015185   0.019811  -0.024513
  17  -0.004701  -0.009058  -0.005003   0.018762
  18  -0.006687   0.026855  -0.003721  -0.016447
  19  -0.031265   0.025198   0.003288   0.002779
  20  -0.009356   0.000437   0.002929   0.005990
  21   0.025434  -0.016807  -0.024556   0.015929
  22   0.008525   0.012204  -0.027771   0.007042
  23  -0.031658   0.006148   0.015237   0.010272
  24  -0.023306   0.023247   0.015717  -0.015658
  25  -0.006435  -0.024019  -0.002969   0.033423
  26  -0.008174  -0.017573   0.025352   0.000395
  27  -0.003204  -0.000739  -0.024109   0.028051
  28   0.026464  -0.019566  -0.003361  -0.003537
  29  -0.046481   0.017370   0.032588  -0.003477
  30   0.002493  -0.001127   0.006079  -0.007445
  31   0.001891  -0.007509   0.033871  -0.028253
  32  -0.006161   0.010026   0.018239  -0.022104
  33  -0.001081   0.023860  -0.017738  -0.005042
  34  -0.015751   0.016766  -0.019906   0.018891
  35  -0.009639   0.001505   0.016580  -0.008446
  36  -0.002371   0.013994  -0.012840   0.001217
  37   0.022084   0.006824  -0.037095   0.008187
  38  -0.033837   0.028271   0.025770  -0.020204
  39  -0.228413   0.038782   0.136353   0.053278
  40   0.005351   0.008374  -0.011976  -0.001749
  41  -0.008831   0.055985   0.018935  -0.066089
  42  -0.031693   0.012678   0.033866  -0.014852
  43   0.012029   0.016555  -0.002986  -0.025598
  44  -0.013507   0.006970  -0.010891   0.017428
  45  -0.010844   0.010690   0.025443  -0.025289
  46  -0.010498   0.031189   0.018727  -0.039418
  47  -0.014579   0.025099   0.011064  -0.021584
  48   0.009729   0.021932   0.020933  -0.052594
  49   0.003087  -0.013994   0.013165  -0.002259
  50   0.016452  -0.018844  -0.028440   0.030831
  51   0.005508   0.001262  -0.040947   0.034176
  52  -0.010342  -0.000798  -0.005802   0.016943
  53  -0.032724   0.017206   0.005354   0.010164
  54   0.003822   0.005208   0.033718  -0.042748
  55  -0.026160   0.009398   0.003183   0.013579
  56   0.023030   0.024087  -0.027934  -0.019183
  57  -0.042176   0.018228   0.023807   0.000141
  58   0.000458   0.010856  -0.010993  -0.000321
  59   0.074986   0.012251  -0.050770  -0.036467
  60  -0.016380   0.012038   0.009915  -0.005573
  61   0.012484  -0.013886   0.001344   0.000058
  62  -0.007842  -0.015664  -0.004637   0.028143
  63   0.011201   0.001539   0.016651  -0.029391
  64  -0.018781   0.009616   0.005702   0.003463
  65  -0.000669  -0.015158  -0.008637   0.024464
  66   0.008244  -0.003336  -0.022789   0.017881
  67  -0.013207   0.029266  -0.013785  -0.002275
  68  -0.007751   0.021422  -0.015170   0.001499
  69   0.012333   0.005435   0.008961  -0.026729
  70  -0.000284  -0.011666   0.003343   0.008606
  71   0.000261  -0.005915   0.006611  -0.000957
  72  -0.013382   0.033691  -0.014928  -0.005381
  73   0.027123   0.015961  -0.032755  -0.010330
  74   0.025271   0.015853  -0.032868  -0.008256
  75  -0.022465   0.008330   0.024142  -0.010008
  76   0.007997  -0.001495  -0.012864   0.006361
  77  -0.002703   0.085567  -0.011536  -0.071328
  78   0.007412   0.015228  -0.001964  -0.020676
  79   0.012429   0.005637  -0.040201   0.022134
  80   0.016850   0.008957  -0.027042   0.001234
  81  -0.002403   0.007384  -0.022780   0.017799
  82  -0.011274   0.028595  -0.005819  -0.011502
  83   0.003216  -0.018665   0.007692   0.007757
  84   0.013426   0.013839  -0.020291  -0.006974
  85   0.033806  -0.011873  -0.018426  -0.003507
  86   0.008183   0.004575  -0.016438   0.003680
  87  -0.001272  -0.000096  -0.003094   0.004461
  88   0.001527   0.017843  -0.014853  -0.004517
  89   0.003271   0.022329  -0.002224  -0.023377
  90  -0.003246   0.006966   0.019290  -0.023009
  91  -0.024382   0.007570  -0.001642   0.018454
  92   0.003786  -0.008045   0.011607  -0.007349
  93  -0.022742  -0.001511   0.014500   0.009753
  94   0.041957  -0.035064   0.001980  -0.008873
  95   0.003722  -0.002119   0.005812  -0.007415
  96   0.021070   0.015758   0.013469  -0.050297
  97  -0.028257  -0.003704   0.010868   0.021093
  98   0.013167  -0.011402   0.001848  -0.003614
  99  -0.015054   0.029010   0.004735  -0.018691
 100  -0.041547   0.006687   0.012317   0.022543
 101   0.013505   0.007634   0.005750  -0.026890
 102  -0.001425   0.013450   0.016850  -0.028875
 103  -0.004232   0.021992  -0.009441  -0.008319
 104  -0.002748  -0.000067   0.011465  -0.008650
 105  -0.016919  -0.000642  -0.005505   0.023066
 106   0.019908   0.007193   0.009281  -0.036383
 107   0.003950   0.004992   0.009140  -0.018082
 108   0.010299   0.022225  -0.018715  -0.013810
 109   0.008123   0.033948  -0.016251  -0.025819
 110  -0.006361  -0.000868   0.024085  -0.016855
 111  -0.022967   0.029217   0.002654  -0.008904
 112  -0.023975   0.019163   0.031913  -0.027102
 113   0.004076  -0.022117   0.012971   0.005069
 114   0.007778   0.024331  -0.007169  -0.024941
 115   0.012781   0.007247  -0.008432  -0.011596
 116   0.015002   0.015579  -0.015267  -0.015314
 117   0.002630   0.039930  -0.026890  -0.015669
 118   0.021133  -0.011083   0.015388  -0.025438
 119  -0.042686  -0.003020   0.027868   0.017839
 120  -0.035786   0.038233  -0.011024   0.008577
 121   0.027593  -0.013850  -0.003304  -0.010439
 122   0.016968   0.003454  -0.017369  -0.003053
 123   0.000825   0.006292  -0.004650  -0.002467
 124   0.000606   0.003743  -0.009823   0.005475
 125  -0.019560   0.024558  -0.013443   0.008445
 126  -0.005232   0.018268   0.003446  -0.016483
 127  -0.010851   0.014855   0.014306  -0.018311
 128   0.024268  -0.004031  -0.022449   0.002212
 129  -0.016762   0.001780   0.009360   0.005622
 130  -0.014157   0.000295  -0.018003   0.031865
 131  -0.049206   0.022500   0.028688  -0.001982
 132   0.015644   0.011222  -0.030577   0.003711
 133  -0.012689   0.000315   0.013891  -0.001517
 134  -0.000654   0.012466  -0.025145   0.013334
 135  -0.013464  -0.008563   0.001939   0.020088
 136  -0.002290   0.008634   0.005012  -0.011356
 137  -0.015190   0.019712   0.006768  -0.011290
 138  -0.041070   0.022911   0.013408   0.004751
 139  -0.010970   0.014998   0.005893  -0.009922
 140  -0.013662  -0.003267  -0.006066   0.022995
 141   0.002921   0.010612  -0.000660  -0.012873
 142   0.039049  -0.015543   0.001624  -0.025130
 143   0.002042   0.000996   0.019410  -0.022448
 144   0.005700   0.016345  -0.006633  -0.015412
 145   0.008232  -0.011472   0.040090  -0.036850
 146  -0.021942   0.017765   0.016569  -0.012392
 147   0.005376  -0.010805  -0.002666   0.008094
 148  -0.032390   0.025378  -0.010774   0.017786
 149   0.005798  -0.003186  -0.026704   0.024092
 150  -0.014388   0.005996   0.004251   0.004141
 151  -0.036151   0.019784   0.004287   0.012080
 152   0.007546  -0.008565   0.004876  -0.003857
 153   0.022880   0.015526  -0.028793  -0.009613
 154  -0.009548   0.002434  -0.001619   0.008732
 155   0.006990  -0.015691  -0.020599   0.029300
 156  -0.013252   0.004533   0.021522  -0.012804
 157  -0.003604  -0.008048  -0.000295   0.011947
 158   0.005907  -0.012972   0.006573   0.000492
 159  -0.012822  -0.009738   0.015701   0.006858
 160  -0.000454   0.029934  -0.034571   0.005091
 161   0.005388   0.004369  -0.026995   0.017238
 162  -0.015083   0.002189   0.000238   0.012656
 163   0.004976   0.007218   0.001188  -0.013381
 164  -0.008213  -0.004337  -0.006550   0.019100
 165   0.012118  -0.004602  -0.004421  -0.003095
 166  -0.012216   0.010424  -0.024839   0.026631
 167  -0.013433   0.022285  -0.029471   0.020619
 168  -0.009635   0.033197  -0.014887  -0.008675
 169  -0.002751   0.024119  -0.030214   0.008845
 170  -0.020585  -0.000180   0.003976   0.016789
 171  -0.023756   0.018352   0.004536   0.000867
 172  -0.022193   0.028152  -0.001295  -0.004665
 173  -0.025026   0.029758   0.002744  -0.007476
 174  -0.001016   0.022058  -0.002849  -0.018193
 175  -0.015357   0.012926   0.003216  -0.000785
 176  -0.008691  -0.005520   0.011297   0.002915
 177  -0.043680   0.014363   0.035581  -0.006263
 178  -0.036298   0.017304   0.015458   0.003536
 179  -0.019475   0.003270   0.040740  -0.024535
