pos          info
        0 -1.307340e-04
        1  6.830144e-05
        2  6.371143e-05
        3  8.119102e-05
        4  8.662291e-05
        5  1.211940e-04
        6  1.081734e-04
        7  4.766194e-05
        8 -3.437809e-05
        9  2.400506e-05
       10  8.752468e-05
       11  1.890956e-04
       12  1.707305e-04
       13  6.495889e-05
       14  8.982719e-06
       15 -1.767410e-05
       16  1.098787e-04
       17  1.198328e-04
       18  9.161429e-05
       19  2.713726e-05
       20 -3.090613e-04
       21 -3.057002e-04
       22 -3.589341e-04
       23 -7.402148e-05
       24 -2.422452e-05
       25 -2.084475e-05
       26  8.964090e-06
       27 -3.274887e-04
       28 -2.247378e-04
       29  1.077354e-05
       30  4.321415e-04
       31  3.308584e-04
       32  2.698622e-04
       33  3.793995e-04
       34  4.495306e-04
       35  4.796880e-04
       36  5.580691e-04
       37  5.200091e-04
       38  4.550541e-04
       39  1.917826e-04
       40  1.905574e-04
       41  7.840007e-05
       42  8.249640e-06
       43 -2.000096e-04
       44 -1.971307e-04
       45 -1.685407e-04
       46 -4.259866e-05
       47  2.617425e-04
       48  2.558257e-04
       49  4.339834e-04
       50  1.130977e-04
       51  2.012181e-04
       52  2.345429e-05
       53  1.959494e-05
       54 -1.908685e-04
       55 -1.154576e-04
       56 -1.158715e-04
       57  9.011290e-04
       58  6.190531e-04
       59  2.104919e-03
       60  1.740338e-03
       61  2.221897e-03
       62  1.322245e-03
       63  1.250960e-03
       64  1.287600e-03
       65  6.742037e-04
       66  1.478952e-04
       67 -1.019513e-04
       68 -3.965519e-05
       69  2.274257e-05
       70  1.027342e-04
       71  6.315115e-05
       72  7.114407e-05
       73 -1.517011e-04
       74 -8.677309e-05
       75  4.450388e-04
       76 -1.677280e-05
       77 -4.419060e-05
       78 -5.857219e-04
       79  3.024098e-05
       80 -2.758996e-04
       81  8.232984e-04
       82  7.425931e-04
       83  1.577925e-03
       84  5.049069e-04
       85  8.523095e-04
       86  2.532879e-04
       87  2.267861e-04
       88 -9.497524e-05
       89  4.503111e-05
       90  2.394231e-05
       91  1.208305e-04
       92  8.829632e-05
       93  8.597546e-05
       94  3.915455e-05
       95 -9.242175e-05
       96 -1.110977e-04
       97 -1.355210e-04
       98 -7.271100e-05
       99 -4.049052e-06
      100  2.233884e-05
      101  1.994672e-05
      102 -7.178609e-06
      103 -2.013248e-06
      104  3.954556e-05
      105  7.078161e-06
      106  1.085634e-05
      107 -2.930867e-05
      108  1.104586e-05
      109  5.364675e-06
      110 -4.900663e-05
      111  6.471303e-05
      112  5.851763e-05
      113  1.072220e-04
      114  5.095735e-05
      115 -4.921740e-05
      116  2.789232e-05
      117 -3.457880e-05
      118  1.211253e-05
      119 -3.063387e-05
      120 -1.145714e-04
      121 -9.228024e-05
      122 -1.249338e-04
      123 -1.176557e-05
      124  2.545893e-05
      125  1.905843e-05
      126 -2.185618e-05
      127 -2.264791e-05
      128 -2.119134e-04
      129 -1.694007e-04
      130 -2.312905e-04
      131 -3.179353e-05
      132 -6.263054e-05
      133 -2.528246e-05
      134 -1.158917e-05
      135 -6.672624e-07
      136  1.625520e-05
      137 -2.935506e-06
      138 -3.053013e-05
      139 -5.664857e-05
      140 -4.826841e-05
      141 -8.672056e-05
      142 -6.563317e-05
      143 -4.508224e-05
      144  1.691940e-05
      145  5.558296e-05
      146  3.147617e-05
      147  2.673440e-05
      148 -9.265677e-05
      149  6.208559e-05
      150  9.132096e-05
      151  2.147410e-04
      152  1.067635e-04
      153  9.995278e-05
      154  3.442686e-05
      155 -1.208579e-05
      156 -7.359344e-05
      157  0.000000e+00
      158  0.000000e+00
      159  0.000000e+00