pos      val_A      val_C      val_G      val_T
   0   0.050039   0.026760  -0.049468  -0.027331
   1  -0.014602   0.028998  -0.022337   0.007942
   2   0.010876   0.036823  -0.034700  -0.012998
   3   0.016909   0.021491  -0.018831  -0.019569
   4  -0.033017   0.037259   0.008489  -0.012731
   5  -0.003507  -0.014684   0.005648   0.012543
   6   0.011962   0.015199  -0.003836  -0.023326
   7  -0.024256   0.017433   0.010827  -0.004004
   8   0.002797  -0.028923   0.012542   0.013584
   9  -0.013666  -0.016043   0.025261   0.004448
  10  -0.004329  -0.003584  -0.004222   0.012136
  11  -0.010133   0.029513   0.009223  -0.028604
  12  -0.005467  -0.018737   0.046785  -0.022581
  13  -0.014370   0.029312   0.027343  -0.042284
  14  -0.017759   0.003018   0.006271   0.008469
  15  -0.001204  -0.001616   0.000190   0.002630
  16  -0.038952   0.021915   0.012162   0.004875
  17  -0.002895   0.017912  -0.034137   0.019120
  18   0.020976  -0.038184   0.013851   0.003357
  19  -0.016126   0.026960   0.002505  -0.013339
  20  -0.031292   0.022814   0.020684  -0.012207
  21  -0.013726   0.020995   0.010728  -0.017998
  22  -0.103188   0.014330   0.067404   0.021455
  23  -0.028833  -0.008870   0.045779  -0.008076
  24  -0.012800   0.017178   0.026108  -0.030486
  25   0.009790   0.008263  -0.004368  -0.013686
  26  -0.012363   0.014571   0.002247  -0.004455
  27   0.019073   0.010069  -0.031410   0.002268
  28  -0.005491   0.006235   0.012560  -0.013304
  29   0.010500   0.067361   0.000990  -0.078851
  30  -0.018918  -0.000326   0.020581  -0.001337
  31  -0.011726   0.027506   0.009557  -0.025337
  32  -0.018844  -0.000784  -0.016067   0.035694
  33  -0.011444  -0.011023   0.017386   0.005081
  34  -0.011085   0.011842  -0.000202  -0.000555
  35   0.016956   0.003461   0.012677  -0.033095
  36  -0.013776  -0.003022   0.005412   0.011386
  37   0.030201  -0.003710  -0.018113  -0.008378
  38  -0.016953   0.027079  -0.020824   0.010699
  39  -0.012554   0.005020  -0.016718   0.024252
  40   0.006770   0.047230  -0.039637  -0.014364
  41  -0.027536  -0.004144  -0.002862   0.034542
  42   0.019020   0.006463   0.009444  -0.034927
  43   0.013349   0.014652  -0.025509  -0.002491
  44  -0.009003  -0.024149   0.012062   0.021090
  45  -0.033368  -0.010952   0.029405   0.014915
  46  -0.036957   0.006040   0.042023  -0.011107
  47  -0.001073   0.012669  -0.017253   0.005657
  48   0.005802   0.010014   0.019479  -0.035296
  49  -0.030758   0.008744  -0.007826   0.029840
  50   0.005338   0.013263   0.001133  -0.019734
  51  -0.029985   0.017877   0.015353  -0.003244
  52   0.005501   0.011903   0.025425  -0.042828
  53  -0.003627  -0.000061   0.024324  -0.020637
  54  -0.028158   0.051700   0.018376  -0.041918
  55   0.008686  -0.007732   0.012586  -0.013540
  56   0.028133  -0.021285   0.030248  -0.037097
  57   0.016624   0.018529  -0.030828  -0.004326
  58   0.010033  -0.044824  -0.006747   0.041538
  59   0.036340   0.037100   0.026304  -0.099743
  60   0.025225   0.079066   0.075022  -0.179313
  61   0.056702   0.032328  -0.087043  -0.001986
  62  -0.078901   0.012733   0.041890   0.024278
  63  -0.033832  -0.030189   0.034441   0.029580
  64   0.006323   0.044881   0.036287  -0.087491
  65   0.020259  -0.010338   0.043001  -0.052922
  66   0.021299  -0.011053   0.041838  -0.052083
  67  -0.003157  -0.015051  -0.000861   0.019069
  68   0.024305   0.005524  -0.020528  -0.009301
  69   0.009362   0.003456  -0.009853  -0.002964
  70   0.029353   0.016002  -0.015625  -0.029730
  71   0.024682   0.002779  -0.017876  -0.009584
  72   0.014875  -0.028879  -0.007602   0.021605
  73  -0.023286   0.037102  -0.014722   0.000906
  74  -0.006894   0.033833   0.006966  -0.033905
  75  -0.033559  -0.004474   0.066633  -0.028600
  76  -0.032935   0.008498  -0.008317   0.032753
  77   0.053040   0.020711  -0.032639  -0.041112
  78   0.016271  -0.054771  -0.060951   0.099451
  79  -0.027261   0.039350  -0.024138   0.012050
  80   0.021043   0.027103  -0.053523   0.005376
  81   0.001470  -0.009460   0.001849   0.006141
  82   0.062410   0.084915   0.091182  -0.238507
  83  -0.074748   0.026274   0.034724   0.013749
  84   0.019386   0.045113  -0.004040  -0.060459
  85  -0.028687  -0.002352   0.039788  -0.008748
  86  -0.041919   0.003886  -0.012519   0.050552
  87  -0.010208   0.023919   0.025746  -0.039456
  88  -0.032769   0.002606  -0.012474   0.042637
  89   0.040551  -0.006928  -0.032584  -0.001040
  90  -0.060453   0.006514   0.011612   0.042326
  91   0.027601   0.012740  -0.013958  -0.026383
  92  -0.015328   0.011314   0.006451  -0.002437
  93   0.011484   0.009227  -0.009413  -0.011298
  94  -0.024710   0.006433  -0.003542   0.021819
  95  -0.001523   0.013336   0.024856  -0.036669
  96  -0.002949   0.026790  -0.017700  -0.006142
  97  -0.024006   0.023266   0.004292  -0.003551
  98  -0.015647   0.019871   0.027807  -0.032032
  99   0.013003  -0.048892  -0.016870   0.052759
 100   0.010929  -0.019127   0.016214  -0.008015
 101  -0.001620   0.040618  -0.027951  -0.011046
 102  -0.014036   0.006451   0.012581  -0.004996
 103   0.019279  -0.014384  -0.000855  -0.004040
 104  -0.011544   0.026767   0.010313  -0.025536
 105   0.016225  -0.009115   0.021162  -0.028272
 106   0.015340  -0.013390   0.005873  -0.007823
 107   0.040711   0.055243  -0.027545  -0.068409
 108   0.017242  -0.006101  -0.005771  -0.005370
 109  -0.025191   0.006733  -0.021876   0.040334
 110  -0.033979   0.040517  -0.023531   0.016993
 111  -0.024483   0.028872  -0.006051   0.001662
 112   0.001144   0.006429  -0.006269  -0.001304
 113   0.015690   0.023212   0.014890  -0.053793
 114   0.005512   0.028282  -0.000202  -0.033593
 115  -0.011687   0.020669   0.006567  -0.015549
 116   0.000347   0.034986  -0.017768  -0.017565
 117  -0.002288  -0.001962  -0.024750   0.029000
 118   0.031787  -0.002985  -0.004729  -0.024073
 119  -0.004981  -0.027873   0.006557   0.026297
 120  -0.028238   0.021999  -0.017015   0.023255
 121  -0.036344   0.004570  -0.003829   0.035604
 122  -0.024561   0.024702  -0.026208   0.026068
 123  -0.004405  -0.014152  -0.013373   0.031930
 124  -0.006856   0.033636  -0.007310  -0.019470
 125  -0.029413   0.042752  -0.008000  -0.005339
 126   0.026923  -0.025873   0.000710  -0.001760
 127  -0.000338   0.034417  -0.011076  -0.023003
 128   0.004321  -0.000220  -0.014962   0.010861
 129  -0.016960  -0.027521  -0.008703   0.053184
 130  -0.035595   0.037605   0.026230  -0.028240
 131  -0.031871   0.010601   0.021200   0.000070
 132  -0.012180  -0.008577   0.033565  -0.012808
 133   0.019472  -0.013915   0.004499  -0.010056
 134   0.011794  -0.002480   0.001075  -0.010390
 135  -0.016544   0.032406  -0.003259  -0.012603
 136  -0.016386   0.018521  -0.007692   0.005557
 137  -0.030537   0.030133   0.002554  -0.002151
 138  -0.039792   0.026245   0.000748   0.012799
 139  -0.008767  -0.013230   0.024720  -0.002723
 140  -0.000579   0.009753  -0.001075  -0.008098
 141  -0.019520  -0.018830   0.034828   0.003522
 142  -0.011825   0.030103   0.026164  -0.044442
 143   0.010033  -0.012866  -0.011543   0.014375
 144   0.033854  -0.006639  -0.035351   0.008137
 145  -0.000351   0.015336   0.028030  -0.043016
 146  -0.009700   0.005345  -0.008920   0.013275
 147   0.021905  -0.024668  -0.037606   0.040369
 148  -0.014522  -0.029222   0.053881  -0.010136
 149  -0.012093   0.011096  -0.004080   0.005077
 150   0.016903  -0.038274   0.048524  -0.027153
 151  -0.005482   0.014494  -0.025829   0.016817
 152  -0.011613  -0.016144   0.008982   0.018775
 153  -0.013391   0.030131  -0.003891  -0.012849
 154   0.011358  -0.004076  -0.002013  -0.005269
 155   0.007912   0.015832  -0.003493  -0.020251
 156  -0.056817   0.014505  -0.006960   0.049272
 157   0.024946  -0.010474  -0.012323  -0.002148
 158  -0.013443   0.030664  -0.000875  -0.016347
 159  -0.003437  -0.006236   0.029990  -0.020317
 160   0.006372   0.001583   0.001923  -0.009878
 161  -0.003269  -0.004680   0.002408   0.005541
 162   0.001987   0.003451   0.005497  -0.010935
 163  -0.005965  -0.003200  -0.000547   0.009713
 164  -0.008893   0.015866  -0.009800   0.002827
 165  -0.008969   0.015428  -0.001229  -0.005230
 166  -0.004006   0.009277  -0.004437  -0.000834
 167  -0.026574   0.021690   0.006781  -0.001896
 168  -0.012628   0.005196   0.002246   0.005186
 169  -0.030966   0.023316   0.008536  -0.000886
 170  -0.034005   0.020238   0.001828   0.011938
 171  -0.023763   0.009310   0.009115   0.005339
 172  -0.018893   0.011437   0.010649  -0.003194
 173  -0.021700   0.018877   0.013298  -0.010475
 174  -0.034515   0.013600   0.024052  -0.003138
 175  -0.029799   0.024580   0.020862  -0.015643
 176  -0.035650   0.019660   0.029817  -0.013827
 177  -0.051574   0.018875   0.047274  -0.014575
 178  -0.032823   0.018415   0.043522  -0.029114
 179  -0.028537   0.001940   0.056103  -0.029505
