pos      val_A      val_C      val_G      val_T
   0   0.051351   0.017803  -0.048442  -0.020712
   1  -0.002545   0.053452  -0.040787  -0.010121
   2  -0.010510   0.026768  -0.018158   0.001900
   3   0.011566   0.008140   0.004132  -0.023838
   4  -0.001512  -0.012662   0.018038  -0.003863
   5  -0.018286  -0.026499   0.023368   0.021417
   6   0.001156   0.019873   0.022426  -0.043455
   7  -0.017951   0.033274  -0.006679  -0.008644
   8   0.010698  -0.037375   0.007350   0.019327
   9  -0.001357  -0.014717   0.013930   0.002144
  10   0.006855  -0.022020  -0.003450   0.018616
  11   0.005458   0.010076   0.004543  -0.020077
  12  -0.032298  -0.010196   0.026964   0.015530
  13  -0.007298   0.021883   0.022341  -0.036926
  14  -0.010803  -0.030056   0.017733   0.023125
  15   0.021060  -0.024671   0.024488  -0.020877
  16  -0.003088   0.005671   0.008428  -0.011011
  17  -0.001853   0.016109  -0.041587   0.027331
  18   0.047109  -0.040826   0.000470  -0.006753
  19  -0.021240   0.036668  -0.009656  -0.005772
  20  -0.015628   0.014020   0.012850  -0.011243
  21  -0.019129   0.033009   0.017087  -0.030966
  22  -0.138958   0.029005   0.074858   0.035095
  23   0.004087  -0.007032   0.023353  -0.020408
  24  -0.008085  -0.002297   0.006022   0.004360
  25   0.004360   0.020025  -0.017825  -0.006559
  26   0.007390   0.025507  -0.007321  -0.025576
  27   0.008121   0.024834  -0.033493   0.000538
  28   0.005835  -0.020743   0.000130   0.014777
  29   0.016690   0.076284   0.021355  -0.114330
  30  -0.011150  -0.008283   0.009595   0.009838
  31  -0.022803   0.025316   0.022629  -0.025142
  32  -0.004475   0.010131  -0.039403   0.033748
  33  -0.023499   0.000197   0.031046  -0.007745
  34  -0.004811   0.014173  -0.001365  -0.007997
  35   0.032854   0.007905   0.005634  -0.046393
  36  -0.031826   0.015543   0.019258  -0.002975
  37   0.037728  -0.022308  -0.024823   0.009402
  38  -0.028347   0.018080  -0.009119   0.019386
  39   0.000603   0.005804  -0.051247   0.044839
  40  -0.007738   0.045120  -0.034640  -0.002742
  41  -0.000955   0.000730  -0.033398   0.033623
  42   0.044418  -0.006923  -0.013657  -0.023838
  43  -0.001668   0.011372  -0.013184   0.003480
  44  -0.033366   0.003541   0.005969   0.023856
  45  -0.032807   0.001948   0.042425  -0.011566
  46  -0.030907   0.018545   0.015758  -0.003396
  47   0.013095   0.013074  -0.028385   0.002216
  48   0.013297   0.011008   0.010465  -0.034769
  49  -0.052349   0.043056  -0.015247   0.024540
  50   0.015603  -0.000444   0.005205  -0.020364
  51  -0.029970   0.008013   0.007743   0.014213
  52  -0.003713  -0.003460   0.021299  -0.014126
  53  -0.026203   0.013430   0.016838  -0.004065
  54  -0.013549   0.035951   0.031144  -0.053546
  55  -0.006921   0.011155   0.015121  -0.019355
  56   0.037779  -0.042234   0.032799  -0.028345
  57  -0.011089   0.019164  -0.001058  -0.007017
  58   0.004981  -0.056129  -0.012392   0.063540
  59   0.045137   0.026893   0.019278  -0.091308
  60   0.032480   0.087042   0.058155  -0.177677
  61   0.065388   0.058024  -0.109996  -0.013416
  62  -0.083738   0.007625   0.050239   0.025873
  63  -0.046270  -0.010619   0.010755   0.046134
  64  -0.000164   0.043946   0.054160  -0.097943
  65   0.013341  -0.000341   0.054049  -0.067049
  66   0.046185  -0.032798   0.055182  -0.068570
  67  -0.003800  -0.009282  -0.000487   0.013569
  68  -0.007126   0.002784  -0.004887   0.009230
  69   0.017870   0.004829  -0.009992  -0.012707
  70   0.015689   0.010983  -0.015228  -0.011445
  71   0.057945  -0.019762  -0.024767  -0.013415
  72  -0.017352  -0.010608  -0.013514   0.041473
  73  -0.009135   0.045079  -0.024445  -0.011499
  74  -0.012149   0.021167   0.009761  -0.018779
  75  -0.043726   0.008417   0.040177  -0.004868
  76  -0.004443  -0.003219   0.009369  -0.001708
  77   0.056395   0.025535  -0.010943  -0.070988
  78   0.012418  -0.046362  -0.059419   0.093363
  79   0.007119  -0.001938  -0.029862   0.024681
  80  -0.002044   0.050823  -0.064394   0.015616
  81  -0.007127   0.022951  -0.031182   0.015359
  82   0.060464   0.102738   0.069214  -0.232415
  83  -0.084904   0.020261   0.063779   0.000864
  84   0.029549   0.041921   0.010252  -0.081723
  85  -0.056922   0.032334   0.031425  -0.006838
  86  -0.055479   0.015388  -0.020937   0.061028
  87  -0.014485   0.040855   0.006611  -0.032981
  88  -0.049077   0.034380   0.024972  -0.010275
  89  -0.004597   0.032886  -0.030291   0.002002
  90  -0.049753   0.028944   0.005160   0.015650
  91   0.010010   0.030944  -0.038302  -0.002653
  92  -0.022269   0.003121   0.012555   0.006593
  93  -0.000071   0.014891  -0.003856  -0.010964
  94  -0.008957  -0.008776  -0.013553   0.031286
  95   0.024414   0.006993   0.005678  -0.037085
  96  -0.004653   0.019548   0.016902  -0.031797
  97  -0.020313   0.032074   0.002923  -0.014684
  98  -0.035895   0.033587   0.028919  -0.026611
  99   0.019900  -0.045667   0.002963   0.022804
 100   0.032710  -0.036932   0.007136  -0.002914
 101   0.005623   0.012001  -0.023934   0.006310
 102  -0.032207   0.024242   0.011456  -0.003491
 103   0.014666  -0.007071  -0.011841   0.004246
 104  -0.044415   0.036392   0.009705  -0.001681
 105  -0.015015   0.027131   0.003849  -0.015965
 106   0.015881  -0.003584   0.017167  -0.029464
 107   0.030235   0.057790  -0.018190  -0.069834
 108   0.020088  -0.016387   0.016064  -0.019765
 109  -0.028443   0.013196  -0.000627   0.015875
 110  -0.035342   0.003311  -0.011273   0.043303
 111   0.002139   0.035555  -0.034538  -0.003156
 112  -0.009646  -0.001854  -0.003268   0.014768
 113   0.042421   0.020176  -0.006463  -0.056134
 114   0.014316   0.012498  -0.018441  -0.008374
 115  -0.015520   0.032125   0.015359  -0.031964
 116  -0.015839   0.047762  -0.021995  -0.009929
 117  -0.015477  -0.026019  -0.001411   0.042907
 118   0.029332  -0.010833   0.017169  -0.035668
 119  -0.009649  -0.023703   0.018552   0.014800
 120  -0.035464   0.016986   0.002807   0.015671
 121  -0.025257   0.010714  -0.019583   0.034125
 122  -0.004431   0.047022  -0.014686  -0.027905
 123  -0.032779   0.005974  -0.013125   0.039930
 124   0.006867   0.020123   0.000685  -0.027675
 125  -0.030634   0.029849   0.001007  -0.000223
 126   0.017608  -0.000517  -0.007874  -0.009217
 127   0.012246  -0.001229  -0.007776  -0.003241
 128   0.020822  -0.009841  -0.034908   0.023927
 129  -0.001394  -0.025649  -0.022426   0.049470
 130   0.002667   0.052419   0.004654  -0.059740
 131  -0.025854   0.008828   0.024193  -0.007168
 132  -0.010297   0.019291   0.026381  -0.035374
 133  -0.001465  -0.001640   0.005133  -0.002027
 134  -0.014321   0.008372   0.013152  -0.007202
 135  -0.012706   0.006930  -0.026852   0.032628
 136  -0.028410   0.042312  -0.011712  -0.002189
 137  -0.010575   0.000043   0.014727  -0.004195
 138  -0.004839   0.016365  -0.021311   0.009785
 139  -0.025584   0.006621   0.031593  -0.012630
 140  -0.027026   0.046476  -0.027445   0.007995
 141  -0.022304  -0.018204   0.022859   0.017649
 142  -0.008652   0.045617  -0.019219  -0.017747
 143   0.004413  -0.012877  -0.014362   0.022826
 144   0.003141  -0.006598  -0.007041   0.010498
 145  -0.004107   0.008373   0.018307  -0.022574
 146   0.016782  -0.027579  -0.006992   0.017789
 147   0.057555  -0.035725  -0.038544   0.016714
 148  -0.027308  -0.023870   0.039184   0.011994
 149   0.035167  -0.018948  -0.005727  -0.010492
 150  -0.002347  -0.011175   0.025465  -0.011943
 151   0.013551   0.041759  -0.050000  -0.005311
 152   0.019101   0.009778  -0.019544  -0.009335
 153   0.013298   0.028633  -0.020720  -0.021211
 154   0.014995  -0.016927   0.018985  -0.017053
 155  -0.015269   0.032795   0.001668  -0.019194
 156  -0.067569   0.031609  -0.005606   0.041566
 157   0.011987   0.004595  -0.021862   0.005281
 158   0.000461   0.019236   0.001446  -0.021143
 159  -0.004709  -0.014081   0.030673  -0.011883
 160   0.008632  -0.000549   0.001143  -0.009226
 161   0.003830  -0.000170  -0.007110   0.003450
 162   0.010774  -0.001097  -0.006955  -0.002722
 163  -0.004500  -0.008842   0.000862   0.012479
 164   0.002383  -0.005545  -0.014163   0.017324
 165  -0.011210   0.011284  -0.009778   0.009704
 166  -0.000743   0.012051   0.000017  -0.011324
 167  -0.012274   0.017291  -0.002421  -0.002597
 168  -0.019298   0.012146  -0.000493   0.007645
 169  -0.008888   0.009964  -0.002292   0.001215
 170  -0.023755   0.013752   0.001892   0.008111
 171  -0.013990   0.011364  -0.000016   0.002642
 172  -0.007519   0.007879   0.001274  -0.001634
 173  -0.010823   0.005765   0.008513  -0.003456
 174  -0.018192   0.004623   0.011476   0.002093
 175  -0.031517   0.015714   0.017122  -0.001319
 176  -0.024641   0.013204   0.024994  -0.013557
 177  -0.028280  -0.000122   0.038188  -0.009786
 178  -0.020604   0.001679   0.044512  -0.025587
 179  -0.006736  -0.001159   0.028203  -0.020308
