pos      val_A      val_C      val_G      val_T
   0   0.046184   0.021145  -0.057010  -0.010318
   1  -0.000697   0.025747  -0.020267  -0.004783
   2   0.002743   0.037343  -0.050630   0.010544
   3  -0.007408   0.004193   0.010623  -0.007409
   4  -0.030547   0.006980   0.022932   0.000635
   5  -0.030357  -0.018357   0.026086   0.022627
   6   0.015103   0.031974  -0.003998  -0.043079
   7  -0.011257   0.031670  -0.010436  -0.009977
   8   0.015781  -0.024301   0.008439   0.000081
   9   0.011502   0.015851   0.003000  -0.030353
  10  -0.004886  -0.012203  -0.006664   0.023753
  11  -0.029782   0.021083   0.004740   0.003959
  12  -0.033858  -0.002989   0.042494  -0.005647
  13  -0.023140   0.024119   0.031865  -0.032844
  14  -0.026115   0.000254   0.025311   0.000550
  15   0.023565  -0.005921  -0.010194  -0.007449
  16  -0.006312  -0.012332   0.017057   0.001587
  17  -0.013245   0.026656  -0.048862   0.035451
  18   0.039492  -0.044817  -0.000392   0.005717
  19  -0.022406   0.014821   0.003491   0.004093
  20  -0.011339   0.003520   0.005939   0.001879
  21  -0.002624   0.021807  -0.001092  -0.018091
  22  -0.115211   0.044841   0.074060  -0.003690
  23  -0.015657  -0.010179   0.062351  -0.036515
  24  -0.016345   0.004027   0.013256  -0.000937
  25  -0.015799   0.013025  -0.003219   0.005993
  26   0.013525  -0.010401   0.006983  -0.010108
  27   0.007821   0.014642  -0.014982  -0.007481
  28   0.011711  -0.010172   0.001294  -0.002832
  29   0.004560   0.062132   0.002052  -0.068744
  30  -0.021703   0.013092   0.016915  -0.008303
  31  -0.030105   0.017096   0.020838  -0.007828
  32  -0.030877   0.014579  -0.006342   0.022639
  33  -0.009767   0.004861  -0.007380   0.012286
  34   0.017036  -0.008754   0.023770  -0.032053
  35   0.044355  -0.000120  -0.026716  -0.017519
  36  -0.007424   0.007271   0.018710  -0.018556
  37   0.029036  -0.006735  -0.043555   0.021254
  38  -0.038814   0.013729  -0.002585   0.027670
  39   0.005604  -0.018006  -0.016689   0.029092
  40  -0.002064   0.015905  -0.028613   0.014772
  41  -0.018401  -0.014543  -0.007363   0.040307
  42   0.019236  -0.009590   0.006265  -0.015910
  43   0.013273  -0.003389  -0.028421   0.018536
  44  -0.033164  -0.014430   0.016860   0.030735
  45  -0.008197  -0.009344   0.061324  -0.043784
  46   0.007604  -0.020718   0.030625  -0.017511
  47  -0.006862   0.012032  -0.035808   0.030638
  48   0.023856  -0.003297   0.016938  -0.037497
  49  -0.043239   0.014510  -0.013946   0.042674
  50   0.004211  -0.003096   0.013460  -0.014575
  51  -0.045595   0.027276   0.010075   0.008243
  52  -0.009197   0.005602   0.024261  -0.020666
  53  -0.033919   0.031851   0.016906  -0.014838
  54  -0.042595   0.034497   0.025954  -0.017855
  55   0.001133   0.000345   0.023100  -0.024578
  56   0.026245  -0.034760   0.016987  -0.008471
  57  -0.020434   0.007016  -0.019225   0.032643
  58   0.033922  -0.072802  -0.014184   0.053064
  59   0.035811   0.035275   0.028602  -0.099688
  60   0.040430   0.069020   0.071614  -0.181064
  61   0.073324   0.052901  -0.095418  -0.030807
  62  -0.068714  -0.001504   0.026504   0.043714
  63  -0.036698  -0.043135   0.048797   0.031036
  64  -0.016086   0.034429   0.041011  -0.059354
  65   0.014815  -0.017393   0.071327  -0.068749
  66   0.012771  -0.009497   0.035307  -0.038581
  67  -0.010888   0.004388  -0.013622   0.020123
  68  -0.011976   0.029865  -0.021552   0.003662
  69   0.019344  -0.005889  -0.004553  -0.008903
  70   0.026469   0.012777  -0.013023  -0.026223
  71   0.041162  -0.014344  -0.022505  -0.004313
  72   0.009076  -0.043603  -0.001032   0.035560
  73  -0.018724   0.034932  -0.011364  -0.004844
  74  -0.026072   0.020371   0.005335   0.000367
  75  -0.036583   0.005667   0.059357  -0.028441
  76  -0.028869   0.009766   0.031836  -0.012732
  77   0.050179   0.003120  -0.009869  -0.043431
  78  -0.018491  -0.026762  -0.054192   0.099446
  79   0.013963  -0.004093  -0.041289   0.031419
  80   0.028676   0.030540  -0.072755   0.013539
  81  -0.000592   0.005794  -0.002929  -0.002273
  82   0.062784   0.089224   0.091917  -0.243925
  83  -0.093104   0.008843   0.077671   0.006591
  84   0.014313   0.046481   0.011892  -0.072685
  85  -0.038226  -0.017490   0.032109   0.023607
  86  -0.023548  -0.008345  -0.019885   0.051778
  87  -0.001827   0.035181   0.028785  -0.062139
  88  -0.048106   0.006244  -0.001222   0.043084
  89   0.006740   0.004984  -0.024117   0.012393
  90  -0.039519   0.017083  -0.002745   0.025181
  91   0.033884  -0.001384  -0.036910   0.004410
  92  -0.025189   0.010705  -0.002628   0.017111
  93  -0.010174   0.019359  -0.014658   0.005473
  94  -0.014706  -0.005587  -0.002274   0.022567
  95   0.021885  -0.005047   0.030279  -0.047116
  96  -0.029302   0.029191   0.013732  -0.013621
  97  -0.039898   0.028267   0.009857   0.001774
  98  -0.021123   0.017724   0.026946  -0.023547
  99   0.018905  -0.029609  -0.018038   0.028742
 100   0.030065  -0.046204   0.002310   0.013829
 101  -0.007508   0.040792  -0.023337  -0.009947
 102  -0.009484   0.010607  -0.000097  -0.001025
 103  -0.006040   0.011931  -0.001738  -0.004154
 104  -0.047405   0.028920   0.012512   0.005974
 105  -0.000740  -0.016075   0.027295  -0.010480
 106   0.017811  -0.003683   0.007266  -0.021394
 107   0.034832   0.061981  -0.018375  -0.078437
 108   0.039076  -0.015391  -0.007150  -0.016535
 109  -0.018395   0.044631  -0.026437   0.000201
 110  -0.034743  -0.007185   0.016186   0.025742
 111  -0.000546   0.019856  -0.030262   0.010952
 112   0.007017  -0.020298  -0.006566   0.019847
 113   0.011245   0.032030  -0.004032  -0.039243
 114   0.000223   0.017790  -0.016666  -0.001347
 115  -0.015236   0.028005   0.019802  -0.032570
 116  -0.012972   0.019191  -0.009748   0.003528
 117   0.013508  -0.013681  -0.026068   0.026241
 118   0.030863  -0.020787   0.007100  -0.017176
 119  -0.010908  -0.016890   0.018348   0.009449
 120  -0.041646   0.023545   0.001385   0.016716
 121  -0.011447  -0.004133  -0.022653   0.038233
 122  -0.022956   0.035243  -0.013690   0.001404
 123   0.001436  -0.027199  -0.020446   0.046209
 124   0.000430   0.014570  -0.015286   0.000287
 125  -0.042380   0.022357   0.020281  -0.000258
 126   0.037859  -0.015503  -0.016132  -0.006224
 127   0.011343  -0.004979  -0.010100   0.003736
 128   0.017452  -0.010705  -0.019970   0.013223
 129   0.003951  -0.004452  -0.028740   0.029241
 130  -0.003660   0.051329   0.004496  -0.052165
 131  -0.021686   0.009540   0.004323   0.007823
 132  -0.002415  -0.008312   0.019807  -0.009081
 133   0.025097  -0.011971   0.012718  -0.025844
 134  -0.015698  -0.010097   0.011366   0.014429
 135  -0.012419   0.014609  -0.018895   0.016705
 136  -0.044727   0.042312   0.010409  -0.007994
 137  -0.006504   0.002019  -0.013491   0.017976
 138  -0.014147   0.013614  -0.023017   0.023550
 139  -0.019308  -0.008611   0.030222  -0.002303
 140  -0.012797   0.042454  -0.023514  -0.006144
 141   0.005655  -0.024544   0.012130   0.006759
 142   0.011692   0.033617  -0.011678  -0.033632
 143   0.022240  -0.040083   0.004686   0.013157
 144   0.013546  -0.000694  -0.034252   0.021400
 145  -0.025475   0.022913   0.010518  -0.007956
 146   0.003163  -0.028619  -0.008800   0.034256
 147   0.022510  -0.025257  -0.023974   0.026720
 148  -0.020025  -0.013470   0.031032   0.002463
 149   0.025537  -0.023144   0.009523  -0.011917
 150   0.033594  -0.041900   0.027435  -0.019129
 151   0.026798   0.013652  -0.037379  -0.003071
 152  -0.000939  -0.004738  -0.011688   0.017365
 153  -0.007468   0.031120   0.005496  -0.029149
 154   0.013241  -0.000243   0.011468  -0.024466
 155   0.001982   0.021408   0.017348  -0.040737
 156  -0.063215   0.012148   0.001361   0.049706
 157   0.010954   0.017244  -0.022583  -0.005615
 158   0.004841   0.032580  -0.014953  -0.022469
 159  -0.002219  -0.012048   0.034948  -0.020681
 160  -0.003026   0.000517  -0.008760   0.011270
 161   0.011109  -0.014712  -0.006694   0.010296
 162   0.014127  -0.002136  -0.013311   0.001320
 163   0.010360  -0.005873  -0.006304   0.001817
 164   0.015838  -0.013364  -0.010006   0.007531
 165  -0.002147   0.000031  -0.012062   0.014178
 166   0.007400   0.000583  -0.007379  -0.000603
 167  -0.007500  -0.000524  -0.010325   0.018349
 168  -0.003366   0.006285  -0.010042   0.007123
 169  -0.005511   0.018639  -0.017086   0.003958
 170  -0.012729   0.016642  -0.007048   0.003135
 171  -0.003326   0.000069  -0.009419   0.012675
 172  -0.009356   0.001590  -0.001430   0.009196
 173  -0.014257   0.010443   0.001666   0.002147
 174  -0.010028   0.008755  -0.010991   0.012264
 175  -0.017181   0.008565   0.011573  -0.002958
 176  -0.017109   0.006576   0.000981   0.009552
 177  -0.013713  -0.005049   0.008454   0.010307
 178  -0.007632  -0.000988   0.014996  -0.006376
 179  -0.009293   0.002473   0.015182  -0.008361
