pos          info
        0  6.252952e-05
        1  4.915888e-05
        2 -1.824674e-04
        3 -1.593276e-04
        4 -6.657433e-05
        5  4.817984e-05
        6 -6.650130e-05
        7 -6.307997e-05
        8 -1.976221e-05
        9  8.961480e-05
       10  7.906775e-04
       11  1.128126e-03
       12  1.228103e-03
       13  1.375416e-03
       14  1.921665e-03
       15  1.806404e-03
       16  1.278585e-03
       17  4.132914e-04
       18  6.687929e-04
       19  2.751189e-04
       20  2.525964e-04
       21  2.642757e-05
       22  9.368801e-05
       23  9.318985e-05
       24  6.242099e-05
       25  1.616531e-04
       26  4.851338e-04
       27  5.371306e-04
       28  1.333195e-05
       29 -3.425674e-04
       30 -3.930897e-04
       31  1.611196e-05
       32  7.532604e-05
       33  8.497498e-05
       34  2.618569e-05
       35 -1.125433e-07
       36  1.656305e-05
       37 -2.630327e-05
       38 -1.987309e-05
       39 -4.527447e-05
       40  5.094392e-05
       41  5.172168e-05
       42  4.213296e-05
       43 -4.174970e-06
       44 -1.091853e-05
       45 -8.837554e-05
       46 -1.343031e-04
       47 -2.370855e-04
       48 -1.306423e-04
       49 -7.818491e-04
       50 -6.794915e-04
       51 -7.371040e-04
       52 -2.573996e-06
       53 -6.436768e-07
       54  3.298295e-05
       55  2.571422e-07
       56 -1.064793e-05
       57 -1.429115e-04
       58  1.600219e-05
       59  1.842024e-05
       60  1.545513e-04
       61 -1.315626e-04
       62 -1.107063e-04
       63 -9.966050e-05
       64  6.448789e-05
       65  9.887732e-05
       66  7.071992e-06
       67 -3.569617e-05
       68 -2.095878e-04
       69 -1.310139e-04
       70 -1.765212e-04
       71 -7.732346e-05
       72 -6.914132e-05
       73 -1.151212e-05
       74 -6.833701e-06
       75 -9.406999e-05
       76 -1.635508e-04
       77 -1.005111e-04
       78  1.708424e-05
       79  8.189753e-05
       80  5.575381e-05
       81  3.230320e-05
       82  2.649876e-05
       83 -4.886128e-05
       84 -5.539598e-05
       85  1.678536e-05
       86  1.157171e-04
       87  3.660141e-05
       88 -4.712501e-05
       89 -3.987817e-06
       90  1.361326e-04
       91  1.641357e-04
       92  2.903604e-04
       93  3.054574e-04
       94  2.908035e-04
       95  8.683753e-05
       96 -3.695994e-05
       97 -3.630926e-05
       98  5.238694e-05
       99  5.898394e-05
      100  5.212890e-05
      101  1.114825e-04
      102  1.133941e-04
      103  1.473331e-04
      104  2.389962e-05
      105  5.445703e-05
      106  1.202863e-04
      107  9.062564e-05
      108  1.082420e-04
      109  1.571375e-05
      110  1.454740e-05
      111 -2.142519e-05
      112 -2.984096e-05
      113  8.249781e-05
      114  5.952661e-05
      115  9.574393e-05
      116 -2.348552e-05
      117  8.782394e-06
      118 -2.765942e-05
      119 -1.877365e-05
      120  1.498404e-05
      121  2.242123e-05
      122 -5.374925e-06
      123 -3.235710e-05
      124 -3.195684e-05
      125  5.751183e-05
      126  1.345045e-04
      127  1.581333e-04
      128  8.637223e-05
      129 -1.558507e-05
      130 -1.238100e-04
      131 -1.140523e-04
      132 -1.528541e-04
      133  6.114797e-05
      134  1.188137e-04
      135  2.723669e-04
      136  3.263550e-04
      137  3.080003e-04
      138  2.751021e-04
      139  9.047755e-05
      140  1.067225e-04
      141  5.075660e-05
      142  6.196236e-05
      143  9.875333e-05
      144  8.153005e-05
      145  1.537925e-04
      146  5.964695e-05
      147 -2.008775e-05
      148 -1.061039e-04
      149 -2.535387e-05
      150  6.702504e-05
      151  4.870577e-05
      152 -3.026315e-05
      153 -2.091393e-05
      154 -9.895734e-05
      155 -9.926944e-05
      156 -9.993856e-05
      157  0.000000e+00
      158  0.000000e+00
      159  0.000000e+00