pos          info
        0  4.598721e-06
        1 -6.680716e-05
        2  2.089199e-04
        3 -1.651446e-05
        4 -2.694582e-04
        5 -6.820712e-05
        6 -5.964077e-05
        7 -3.471282e-05
        8 -1.432658e-04
        9 -4.221718e-04
       10 -5.039741e-08
       11 -5.012038e-04
       12 -3.374192e-03
       13 -2.746480e-03
       14 -2.506793e-03
       15 -7.535010e-03
       16 -5.191529e-03
       17 -5.313306e-06
       18 -1.868940e-03
       19 -4.790109e-04
       20 -3.406835e-03
       21 -6.225925e-07
       22 -3.492809e-04
       23 -8.075356e-06
       24 -1.331293e-04
       25 -6.575701e-06
       26 -6.074121e-05
       27 -5.049879e-04
       28  3.493971e-04
       29  4.886926e-06
       30  1.011647e-03
       31 -6.528370e-06
       32 -1.656838e-05
       33 -1.478213e-04
       34  8.252602e-07
       35  9.898460e-06
       36  3.996006e-06
       37  1.188059e-04
       38 -1.483533e-04
       39  1.432320e-05
       40 -2.006651e-08
       41 -1.900225e-05
       42 -4.867864e-04
       43  3.223922e-07
       44  3.949401e-05
       45 -6.569113e-05
       46 -3.796675e-06
       47 -2.499136e-04
       48  1.199740e-04
       49  2.481210e-04
       50  4.392020e-05
       51  1.092292e-03
       52  4.575891e-05
       53  5.804153e-05
       54  5.763211e-07
       55  1.261334e-05
       56  4.380754e-05
       57  5.651445e-06
       58  7.812247e-07
       59  8.010479e-04
       60 -2.153735e-04
       61  2.454536e-06
       62  4.886427e-05
       63 -6.902548e-07
       64  3.635882e-05
       65 -1.169841e-05
       66 -1.295867e-05
       67 -1.159405e-04
       68  1.002355e-05
       69  8.064999e-05
       70 -8.860144e-04
       71 -6.901848e-05
       72 -5.676837e-05
       73 -1.706028e-07
       74 -1.387294e-05
       75 -3.382221e-04
       76  4.925819e-05
       77 -6.467752e-05
       78 -4.414706e-05
       79 -2.785865e-05
       80 -1.469844e-05
       81 -7.863979e-06
       82 -2.081601e-05
       83  1.378830e-04
       84  6.452793e-06
       85  1.663032e-04
       86  2.168548e-06
       87  1.602476e-07
       88  3.760181e-05
       89  2.781957e-04
       90 -8.414947e-06
       91 -9.435885e-05
       92 -5.246997e-05
       93 -4.756284e-06
       94 -3.522224e-04
       95 -4.333361e-05
       96  6.738757e-05
       97  4.303519e-05
       98  2.180778e-04
       99  9.135844e-05
      100  2.014581e-05
      101 -1.606268e-05
      102  1.045284e-05
      103 -1.554815e-04
      104 -4.256809e-04
      105 -9.563772e-05
      106 -1.663700e-05
      107 -3.516581e-05
      108 -4.157498e-08
      109 -2.237411e-04
      110  7.008651e-08
      111  7.631486e-06
      112  1.910492e-04
      113  2.646312e-04
      114 -2.459285e-07
      115  2.285086e-05
      116  1.070080e-05
      117  7.356689e-07
      118  1.938983e-05
      119 -3.412712e-05
      120 -1.685793e-05
      121 -1.205816e-04
      122  8.213831e-05
      123  5.282257e-05
      124 -2.414342e-04
      125 -1.039449e-06
      126 -2.408709e-04
      127  9.702960e-07
      128 -1.680646e-04
      129  3.374243e-05
      130  4.664124e-05
      131  6.109272e-05
      132  3.226196e-04
      133  5.689209e-05
      134  1.764775e-04
      135 -6.682234e-05
      136 -1.246003e-04
      137 -7.024874e-05
      138  3.139510e-05
      139  7.963643e-05
      140 -2.470792e-04
      141  1.161628e-05
      142  5.067206e-05
      143  4.515198e-05
      144 -2.259870e-05
      145 -1.372578e-05
      146 -1.404996e-04
      147  3.003945e-05
      148  1.905763e-05
      149  1.429832e-05
      150  8.703536e-05
      151  6.121348e-05
      152  3.603794e-05
      153  1.466581e-04
      154  5.840766e-05
      155  4.831663e-07
      156  5.634604e-05
      157 -7.431309e-05
      158 -7.263938e-05
      159 -7.970085e-06