pos      val_A      val_C      val_G      val_T
   0   0.010505  -0.003779  -0.022087   0.015361
   1   0.021975  -0.005389   0.006366  -0.022952
   2  -0.016714  -0.001525   0.012342   0.005897
   3   0.001421   0.003074   0.023128  -0.027623
   4  -0.001360   0.033119   0.010834  -0.042592
   5  -0.003995   0.010918  -0.015947   0.009024
   6  -0.017770   0.001269  -0.011892   0.028392
   7   0.016187   0.020468  -0.029794  -0.006861
   8  -0.044820  -0.018876   0.030981   0.032715
   9   0.023375  -0.026458  -0.040582   0.043664
  10   0.002376  -0.016086  -0.014288   0.027997
  11  -0.010592  -0.012575   0.040777  -0.017610
  12  -0.022854  -0.025831  -0.048644   0.097329
  13  -0.009572  -0.018510   0.067911  -0.039829
  14  -0.014492   0.049340  -0.032693  -0.002155
  15  -0.022086  -0.053665  -0.028033   0.103784
  16   0.113327  -0.045227  -0.025875  -0.042225
  17  -0.001777  -0.012638  -0.015861   0.030277
  18   0.071076  -0.037791  -0.020270  -0.013015
  19   0.028459   0.047586  -0.039794  -0.036250
  20  -0.053919  -0.005829  -0.009919   0.069667
  21   0.022170  -0.017988   0.016617  -0.020800
  22   0.007283  -0.012089   0.009334  -0.004528
  23  -0.006080   0.014494  -0.013624   0.005210
  24   0.022954  -0.025601   0.003365  -0.000719
  25  -0.025703   0.005667   0.011304   0.008733
  26   0.003901  -0.008774   0.002893   0.001980
  27  -0.019630   0.004924  -0.007851   0.022556
  28  -0.002194  -0.026805   0.053508  -0.024509
  29  -0.001853   0.025817   0.002677  -0.026641
  30  -0.030795   0.115878  -0.018660  -0.066422
  31  -0.006250  -0.008600   0.023495  -0.008646
  32  -0.014693   0.018304  -0.006791   0.003180
  33   0.017315   0.024101  -0.020730  -0.020686
  34   0.008756  -0.022137  -0.002917   0.016298
  35   0.021791  -0.026726   0.012847  -0.007912
  36  -0.035530   0.035313   0.004960  -0.004743
  37  -0.003691  -0.009487   0.003306   0.009872
  38   0.027065  -0.045570   0.004475   0.014030
  39  -0.031462   0.001268   0.008925   0.021269
  40   0.045331  -0.002722  -0.002736  -0.039873
  41   0.013285  -0.020298   0.020357  -0.013344
  42   0.027683  -0.003362  -0.018450  -0.005871
  43   0.019715  -0.016016   0.017687  -0.021387
  44   0.021710   0.022241  -0.013081  -0.030869
  45  -0.003233  -0.000113   0.019865  -0.016519
  46   0.016654  -0.026957   0.015496  -0.005193
  47  -0.000874   0.010744   0.004226  -0.014097
  48  -0.023522  -0.002988   0.051512  -0.025002
  49   0.004073  -0.000599  -0.016923   0.013449
  50   0.011377  -0.028628   0.004647   0.012604
  51   0.180153  -0.025724  -0.044848  -0.109580
  52  -0.000885   0.010415   0.001336  -0.010865
  53   0.044283   0.002684  -0.017950  -0.029017
  54   0.035302  -0.044812   0.009143   0.000367
  55   0.019590  -0.003915  -0.019176   0.003501
  56  -0.018861  -0.029990   0.032971   0.015880
  57   0.033528  -0.028774  -0.001121  -0.003634
  58   0.006263  -0.017952  -0.001603   0.013293
  59   0.012016  -0.026049  -0.052983   0.067017
  60  -0.017660   0.003033  -0.013280   0.027907
  61   0.033530  -0.009594  -0.017103  -0.006833
  62   0.043907   0.008051  -0.028347  -0.023611
  63   0.036789  -0.028472  -0.013938   0.005621
  64  -0.006999  -0.009776   0.008986   0.007790
  65   0.008931  -0.017161   0.007478   0.000752
  66   0.006774  -0.021295   0.008312   0.006209
  67  -0.033699   0.024325   0.009054   0.000320
  68   0.011144  -0.026572   0.004379   0.011049
  69   0.048735  -0.024551  -0.013684  -0.010500
  70   0.006420  -0.055126  -0.000733   0.049439
  71  -0.024798   0.000872  -0.010588   0.034513
  72  -0.001222  -0.022217  -0.014324   0.037763
  73  -0.002827   0.017917   0.000108  -0.015198
  74   0.005508   0.009038  -0.007276  -0.007269
  75   0.012523  -0.024124   0.009180   0.002421
  76   0.017925  -0.001399  -0.015415  -0.001111
  77  -0.007394  -0.030804   0.030196   0.008002
  78  -0.000667  -0.029611   0.019356   0.010922
  79   0.007692  -0.020728  -0.010956   0.023992
  80   0.017366  -0.026604  -0.002248   0.011486
  81  -0.010942   0.004039  -0.011289   0.018192
  82   0.004577  -0.001266  -0.012648   0.009337
  83  -0.002566   0.020626  -0.009977  -0.008083
  84   0.029996  -0.008729  -0.005693  -0.015574
  85   0.016741   0.011923  -0.019486  -0.009178
  86   0.021003  -0.011238  -0.021388   0.011623
  87   0.017849  -0.002975  -0.022635   0.007762
  88  -0.010606  -0.004478  -0.001415   0.016500
  89   0.021802  -0.018011  -0.001379  -0.002413
  90   0.007997   0.013731  -0.023540   0.001813
  91  -0.005158  -0.018431   0.030972  -0.007383
  92   0.024049  -0.022400   0.006240  -0.007890
  93   0.014477  -0.020643  -0.013350   0.019515
  94   0.041434  -0.033228  -0.001771  -0.006435
  95   0.036239  -0.043864  -0.015393   0.023018
  96   0.007513  -0.008561  -0.008147   0.009196
  97  -0.000372  -0.003728   0.002447   0.001653
  98   0.014661  -0.005346   0.001269  -0.010583
  99  -0.023084   0.011680  -0.006144   0.017548
 100  -0.026621  -0.010180   0.022527   0.014274
 101  -0.016820  -0.017796   0.050584  -0.015968
 102  -0.007132   0.011172  -0.008130   0.004090
 103   0.031538  -0.018729  -0.004565  -0.008244
 104   0.012700  -0.003197  -0.036785   0.027281
 105   0.016195  -0.004588  -0.001274  -0.010333
 106   0.005028   0.000498  -0.021882   0.016356
 107   0.023003  -0.006291  -0.006644  -0.010068
 108   0.018115  -0.008168   0.018404  -0.028351
 109   0.019276  -0.013461  -0.009442   0.003628
 110  -0.008045   0.027311   0.006295  -0.025561
 111   0.012846  -0.046311   0.026060   0.007405
 112   0.023760  -0.009754  -0.034024   0.020018
 113  -0.004579  -0.028351   0.017514   0.015415
 114  -0.006949   0.009766  -0.005981   0.003164
 115   0.001758  -0.027658   0.002832   0.023068
 116   0.000034  -0.001914   0.003104  -0.001224
 117  -0.005282  -0.019827   0.024003   0.001106
 118   0.008741  -0.012588   0.015167  -0.011321
 119  -0.004125  -0.030249   0.035448  -0.001074
 120   0.000893   0.015924   0.001614  -0.018431
 121  -0.027072  -0.004147   0.042471  -0.011252
 122   0.021428  -0.024970  -0.011455   0.014996
 123  -0.010420  -0.011951   0.005957   0.016414
 124  -0.010877  -0.016574   0.009313   0.018137
 125  -0.028183   0.010199   0.013752   0.004231
 126  -0.004382  -0.001809   0.004178   0.002012
 127   0.004154  -0.022229   0.019621  -0.001545
 128  -0.003617  -0.039642   0.005420   0.037840
 129   0.031769  -0.017172  -0.010882  -0.003715
 130   0.008821  -0.014118   0.009642  -0.004345
 131   0.023484  -0.034043  -0.028117   0.038677
 132  -0.006697   0.010281  -0.024300   0.020717
 133  -0.003221   0.026348  -0.013811  -0.009317
 134  -0.001515  -0.031749   0.016086   0.017177
 135  -0.004695  -0.007169   0.013365  -0.001501
 136   0.016991  -0.028367  -0.005316   0.016691
 137  -0.009931  -0.000176   0.030664  -0.020558
 138   0.043732  -0.049428  -0.002090   0.007786
 139  -0.012127  -0.022328   0.020975   0.013480
 140  -0.001970  -0.011299   0.028214  -0.014946
 141  -0.006343   0.004828   0.006017  -0.004502
 142   0.023252  -0.003026  -0.005808  -0.014419
 143   0.008007   0.012204   0.014729  -0.034940
 144   0.001406  -0.003528   0.013170  -0.011047
 145  -0.006871   0.003911   0.019773  -0.016813
 146   0.005563  -0.017217   0.008870   0.002784
 147   0.037469  -0.006192  -0.014785  -0.016492
 148   0.004937  -0.017059   0.007080   0.005041
 149  -0.005258  -0.013190   0.029430  -0.010981
 150   0.007967  -0.014072  -0.000602   0.006707
 151   0.025755  -0.006651   0.004253  -0.023358
 152   0.002824   0.013458  -0.000001  -0.016281
 153  -0.006202   0.017897  -0.026243   0.014547
 154  -0.002051   0.008832   0.016481  -0.023262
 155  -0.008657  -0.016411   0.033280  -0.008212
 156   0.007144  -0.025210   0.001885   0.016181
 157  -0.022850  -0.004869   0.023534   0.004184
 158   0.010650   0.004180  -0.009738  -0.005092
 159   0.000469   0.009881  -0.003891  -0.006459
 160  -0.018778  -0.010749   0.050029  -0.020502
 161   0.002685  -0.018512   0.021715  -0.005888
 162   0.007107  -0.004820   0.014456  -0.016744
 163   0.008357  -0.028442   0.033324  -0.013239
 164  -0.000810  -0.010933   0.019441  -0.007699
 165   0.012329  -0.023290   0.016959  -0.005999
 166  -0.008837  -0.000211   0.024270  -0.015222
 167   0.001497  -0.017833   0.022126  -0.005789
 168  -0.002440  -0.010812   0.015399  -0.002148
 169   0.017333  -0.026955   0.014796  -0.005174
 170   0.030233  -0.036824   0.019041  -0.012450
 171   0.020019  -0.027860   0.011979  -0.004137
 172   0.026716  -0.017367   0.004171  -0.013520
 173  -0.000031  -0.021521   0.023960  -0.002409
 174   0.029891  -0.030491   0.005508  -0.004909
 175   0.018525  -0.012765  -0.016165   0.010405
 176   0.041647  -0.015415  -0.034370   0.008138
 177   0.019695  -0.013413  -0.023992   0.017711
 178   0.020522   0.001835  -0.032908   0.010551
 179   0.050472  -0.001043  -0.062443   0.013014
