pos      val_A      val_C      val_G      val_T
   0   0.023023   0.001345  -0.009512  -0.014856
   1   0.005212  -0.001406  -0.003613  -0.000192
   2   0.008019  -0.015506   0.001219   0.006267
   3   0.003914   0.008410  -0.011277  -0.001047
   4   0.008275   0.004201  -0.010523  -0.001953
   5  -0.009682   0.005524   0.015509  -0.011351
   6   0.018683   0.000515   0.004411  -0.023609
   7  -0.001648   0.002826  -0.009648   0.008471
   8   0.012443  -0.005198  -0.019407   0.012162
   9   0.021114  -0.022651  -0.004771   0.006307
  10   0.007965  -0.000794  -0.011318   0.004147
  11  -0.005336  -0.023307   0.007358   0.021285
  12  -0.011689   0.005588   0.006516  -0.000415
  13  -0.010711   0.001446   0.015407  -0.006142
  14  -0.003502  -0.019034   0.020795   0.001742
  15   0.003816   0.010753  -0.013172  -0.001397
  16  -0.009504   0.008427   0.004467  -0.003389
  17   0.007407   0.004165  -0.016584   0.005012
  18  -0.002186   0.005366   0.004435  -0.007615
  19  -0.002927   0.008940   0.012886  -0.018899
  20  -0.008877  -0.018532   0.020813   0.006595
  21   0.010509  -0.020524   0.001485   0.008530
  22   0.017679  -0.026848  -0.001589   0.010757
  23   0.016533  -0.004844   0.009202  -0.020891
  24  -0.005831   0.011798  -0.001257  -0.004710
  25  -0.002576   0.001394   0.001409  -0.000227
  26   0.002485  -0.025981   0.021833   0.001664
  27  -0.004748   0.002489  -0.011593   0.013851
  28   0.007001  -0.022330  -0.000813   0.016142
  29  -0.006995  -0.013588   0.008647   0.011935
  30   0.004206  -0.012281   0.001457   0.006618
  31  -0.009668   0.017727  -0.012115   0.004056
  32   0.001961   0.010025   0.000513  -0.012500
  33  -0.003267  -0.020687   0.016054   0.007900
  34  -0.018813   0.016282   0.021296  -0.018766
  35  -0.009834   0.002246   0.007485   0.000103
  36   0.009454  -0.003730  -0.006444   0.000720
  37   0.005989   0.014478  -0.019648  -0.000820
  38   0.005841  -0.011985   0.006232  -0.000089
  39   0.004653  -0.010852  -0.001610   0.007809
  40  -0.000302   0.004733  -0.006819   0.002388
  41  -0.018570   0.022280   0.004726  -0.008436
  42  -0.003642   0.004624  -0.015132   0.014151
  43   0.008942   0.001015   0.007698  -0.017656
  44   0.017296  -0.002450  -0.020098   0.005253
  45   0.006786   0.000509   0.001660  -0.008955
  46  -0.003591   0.004997  -0.006169   0.004762
  47   0.014955  -0.002894  -0.012027  -0.000034
  48   0.006068   0.005002   0.003492  -0.014561
  49  -0.004738  -0.010714   0.009295   0.006157
  50   0.009473   0.013354  -0.031634   0.008807
  51  -0.002839  -0.001548  -0.012353   0.016740
  52   0.001928  -0.025844   0.007276   0.016640
  53   0.014438  -0.010359  -0.000229  -0.003851
  54  -0.012794   0.010837   0.003113  -0.001156
  55   0.007914   0.014736  -0.021105  -0.001546
  56   0.012035  -0.004926  -0.014484   0.007375
  57  -0.003384   0.012327  -0.006624  -0.002319
  58   0.010393   0.012692   0.008968  -0.032053
  59   0.004847   0.000004  -0.006170   0.001319
  60   0.003987  -0.001206  -0.003826   0.001045
  61   0.009656  -0.018832   0.014912  -0.005737
  62  -0.021638  -0.001008   0.006796   0.015850
  63  -0.001152  -0.030507   0.014877   0.016783
  64   0.019654  -0.012569  -0.019176   0.012090
  65   0.003722   0.005868  -0.009846   0.000256
  66  -0.008297  -0.004410   0.013173  -0.000467
  67   0.008341  -0.000851  -0.002101  -0.005389
  68   0.007888  -0.007673   0.008405  -0.008620
  69   0.011125  -0.003563  -0.000820  -0.006742
  70  -0.008319   0.004586  -0.001023   0.004756
  71   0.009249   0.004899  -0.007387  -0.006761
  72   0.007910  -0.014206   0.001022   0.005274
  73  -0.017579   0.020113  -0.008465   0.005931
  74   0.001944  -0.014715   0.001952   0.010819
  75   0.018179   0.002458  -0.003334  -0.017303
  76   0.002274   0.014634  -0.016150  -0.000758
  77  -0.000779  -0.004474  -0.022876   0.028128
  78   0.004036   0.010620  -0.023824   0.009167
  79  -0.002086   0.001825  -0.016197   0.016457
  80   0.033535   0.001009  -0.017649  -0.016895
  81  -0.002659   0.033969   0.011694  -0.043004
  82   0.025883   0.011189  -0.027514  -0.009558
  83   0.017591   0.002012  -0.015580  -0.004023
  84  -0.000773  -0.015606   0.019536  -0.003156
  85  -0.003018  -0.005075   0.020823  -0.012729
  86  -0.008577   0.016424  -0.017823   0.009976
  87  -0.010949   0.012894  -0.001761  -0.000184
  88  -0.006601   0.004870   0.004019  -0.002288
  89  -0.017901   0.042318  -0.021021  -0.003396
  90   0.005812  -0.007667  -0.000024   0.001880
  91   0.011652   0.021584  -0.016907  -0.016329
  92   0.012759  -0.004429   0.003946  -0.012275
  93   0.000939   0.019253   0.010246  -0.030438
  94  -0.024495   0.003386   0.005191   0.015917
  95  -0.006631  -0.019687   0.028182  -0.001864
  96  -0.003117   0.019192  -0.013926  -0.002149
  97   0.000372   0.004243   0.002120  -0.006735
  98   0.009217   0.017177   0.012239  -0.038633
  99  -0.016276   0.011057  -0.011035   0.016253
 100  -0.003261  -0.000309   0.032844  -0.029275
 101   0.000258   0.017343  -0.014680  -0.002921
 102   0.005249  -0.020778   0.017263  -0.001734
 103   0.004426   0.034809   0.008981  -0.048216
 104  -0.036341   0.014377   0.011610   0.010355
 105  -0.003738   0.017706   0.006367  -0.020336
 106  -0.036674  -0.009031   0.008905   0.036800
 107   0.014094  -0.019303  -0.012139   0.017348
 108   0.021378   0.008716   0.015300  -0.045395
 109  -0.000823   0.006637  -0.003897  -0.001918
 110  -0.015927   0.008587   0.006731   0.000609
 111  -0.009264   0.019061  -0.020365   0.010567
 112  -0.009901   0.000129   0.005199   0.004573
 113  -0.005679   0.004117   0.012319  -0.010757
 114  -0.008209   0.038525  -0.005266  -0.025050
 115  -0.005818   0.020259  -0.009536  -0.004905
 116   0.001448  -0.006217  -0.021314   0.026083
 117  -0.013538   0.001568  -0.000061   0.012032
 118   0.012056   0.008258  -0.009689  -0.010625
 119   0.012788   0.014380  -0.007717  -0.019450
 120   0.011543  -0.006149  -0.005006  -0.000389
 121   0.014590  -0.009358   0.003805  -0.009036
 122   0.013707   0.015667  -0.020708  -0.008665
 123   0.007733  -0.008066   0.002043  -0.001711
 124  -0.008837   0.013006  -0.008263   0.004094
 125  -0.014988   0.013662   0.002250  -0.000924
 126  -0.020420   0.009109  -0.000065   0.011376
 127  -0.011722   0.004852   0.009858  -0.002989
 128   0.004348   0.006067  -0.023927   0.013513
 129   0.019028   0.003414  -0.039560   0.017119
 130  -0.006658   0.013860  -0.016201   0.008998
 131  -0.004822   0.002239   0.005197  -0.002614
 132  -0.010047  -0.003315   0.022762  -0.009400
 133   0.005658   0.005429   0.005352  -0.016439
 134   0.000178   0.007075  -0.008030   0.000777
 135  -0.012937  -0.000646   0.006958   0.006624
 136   0.006783  -0.013619  -0.017718   0.024554
 137  -0.011416   0.008375   0.004556  -0.001515
 138  -0.005526  -0.005752   0.007420   0.003858
 139   0.011122  -0.004420   0.006694  -0.013396
 140  -0.004859  -0.010656  -0.007424   0.022939
 141   0.022366   0.003332  -0.026447   0.000749
 142   0.012623   0.015174  -0.000108  -0.027689
 143  -0.013823   0.007546   0.006372  -0.000095
 144  -0.019138  -0.013225   0.032120   0.000243
 145  -0.008142   0.008815  -0.005528   0.004854
 146   0.011292   0.007846  -0.011575  -0.007564
 147   0.027295  -0.010797  -0.014041  -0.002456
 148   0.014064   0.002429  -0.005621  -0.010872
 149  -0.016020   0.001724   0.009808   0.004487
 150   0.006933  -0.003958  -0.006999   0.004024
 151  -0.004654  -0.006057   0.009024   0.001686
 152   0.003882  -0.009769   0.009434  -0.003546
 153  -0.003957   0.004897   0.002966  -0.003906
 154  -0.003879   0.011691   0.013077  -0.020888
 155  -0.001269  -0.003663   0.017075  -0.012143
 156  -0.002998  -0.000313  -0.000167   0.003479
 157   0.003131   0.018508  -0.015415  -0.006224
 158   0.010084   0.015591  -0.015404  -0.010272
 159   0.001174  -0.014106   0.004838   0.008094
 160  -0.010592   0.001386  -0.020774   0.029981
 161  -0.009965  -0.004837  -0.009206   0.024008
 162  -0.016627  -0.003422   0.030220  -0.010170
 163   0.016245   0.000340  -0.002718  -0.013867
 164  -0.010640   0.021062  -0.002971  -0.007451
 165   0.001667  -0.030291   0.020788   0.007836
 166   0.006562  -0.009601  -0.022497   0.025537
 167  -0.029501  -0.003937   0.010290   0.023147
 168  -0.025687   0.011252   0.007100   0.007335
 169  -0.018598  -0.013370   0.019446   0.012522
 170  -0.060660   0.018443   0.019484   0.022734
 171  -0.037483   0.019068   0.006030   0.012385
 172  -0.047502   0.030866   0.009912   0.006724
 173  -0.049233   0.031531   0.019047  -0.001345
 174  -0.043675   0.031412   0.043572  -0.031309
 175  -0.040131   0.008057   0.057385  -0.025311
 176  -0.044215   0.032932   0.050527  -0.039244
 177  -0.074368   0.013661   0.098022  -0.037315
 178  -0.040447  -0.007684   0.096111  -0.047979
 179  -0.036349  -0.015345   0.128493  -0.076799
