pos       info
        0   0.000013
        1   0.000049
        2   0.000057
        3   0.000032
        4   0.000030
        5   0.000009
        6   0.000116
        7   0.000219
        8   0.000271
        9   0.000155
       10   0.000053
       11  -0.000067
       12  -0.000066
       13   0.000089
       14   0.000197
       15   0.000196
       16   0.000020
       17   0.000019
       18   0.000097
       19   0.000117
       20   0.000081
       21   0.000025
       22   0.000035
       23   0.000025
       24   0.000196
       25   0.000035
       26  -0.000005
       27  -0.000152
       28  -0.000014
       29   0.000046
       30  -0.000001
       31   0.000022
       32   0.000032
       33   0.000026
       34   0.000052
       35   0.000102
       36   0.000104
       37   0.000069
       38  -0.000022
       39   0.000022
       40   0.000020
       41   0.000019
       42   0.000022
       43   0.000087
       44   0.000097
       45   0.000132
       46   0.000082
       47   0.000090
       48   0.000027
       49   0.000002
       50  -0.000091
       51  -0.000111
       52  -0.000080
       53   0.000037
       54   0.000041
       55   0.000098
       56   0.000128
       57   0.000146
       58   0.000079
       59   0.000075
       60   0.000058
       61   0.000113
       62   0.000021
       63  -0.000005
       64  -0.000073
       65   0.000010
       66   0.000047
       67   0.000078
       68   0.000022
       69   0.000012
       70   0.000033
       71   0.000061
       72   0.000099
       73   0.000050
       74   0.000037
       75  -0.000112
       76  -0.000171
       77  -0.000346
       78  -0.000269
       79  -0.000063
       80   0.000018
       81   0.000074
       82   0.000182
       83   0.000116
       84   0.000071
       85  -0.000089
       86   0.000071
       87  -0.000030
       88  -0.000127
       89  -0.000016
       90   0.000214
       91   0.000231
       92   0.000120
       93   0.000009
       94   0.000148
       95   0.000149
       96   0.000179
       97   0.000005
       98  -0.000412
       99  -0.000351
      100  -0.000124
      101   0.000641
      102   0.000690
      103   0.000495
      104  -0.000044
      105  -0.000179
      106   0.000057
      107   0.000239
      108   0.000240
      109  -0.000008
      110  -0.000013
      111   0.000096
      112  -0.000020
      113   0.000005
      114  -0.000046
      115   0.000072
      116   0.000181
      117   0.000203
      118   0.000230
      119  -0.000024
      120  -0.000100
      121  -0.000121
      122   0.000042
      123   0.000032
      124   0.000028
      125  -0.000009
      126  -0.000002
      127   0.000150
      128   0.000175
      129   0.000185
      130   0.000028
      131   0.000056
      132   0.000045
      133   0.000048
      134   0.000076
      135   0.000077
      136   0.000060
      137  -0.000016
      138  -0.000080
      139   0.000062
      140   0.000059
      141   0.000242
      142   0.000096
      143   0.000099
      144  -0.000077
      145  -0.000280
      146  -0.000276
      147  -0.000192
      148   0.000061
      149   0.000059
      150   0.000082
      151   0.000053
      152   0.000055
      153   0.000048
      154   0.000106
      155   0.000055
      156   0.000077
      157   0.000000
      158   0.000000
      159   0.000000