pos      val_A      val_C      val_G      val_T
   0   0.003624  -0.003837   0.011413  -0.011199
   1  -0.006398   0.056249  -0.039219  -0.010633
   2   0.007547  -0.023435   0.012374   0.003514
   3  -0.007617   0.018039  -0.000719  -0.009702
   4   0.008011  -0.007109  -0.006869   0.005967
   5   0.021371   0.002745   0.000186  -0.024302
   6   0.007569   0.001279   0.005698  -0.014546
   7   0.015636  -0.001279  -0.018831   0.004474
   8  -0.004359   0.006818  -0.020053   0.017594
   9   0.005626  -0.007252  -0.006385   0.008012
  10   0.003352  -0.012371   0.011258  -0.002238
  11  -0.013775   0.013211  -0.004332   0.004896
  12  -0.008251   0.013468  -0.017100   0.011883
  13  -0.018433   0.014946  -0.004439   0.007926
  14  -0.010740  -0.008545   0.021397  -0.002112
  15   0.014027   0.030131  -0.060106   0.015948
  16  -0.013345   0.003505   0.003317   0.006523
  17   0.018219  -0.008996  -0.005307  -0.003916
  18  -0.004405   0.014283   0.002644  -0.012522
  19  -0.004707   0.005125   0.014037  -0.014455
  20  -0.010727  -0.002580   0.019529  -0.006222
  21  -0.020642   0.000070   0.019815   0.000757
  22   0.011156  -0.027029   0.016280  -0.000408
  23   0.012770  -0.022537  -0.004267   0.014034
  24  -0.008373   0.010077   0.010113  -0.011817
  25   0.002741  -0.006122   0.011263  -0.007882
  26   0.006861  -0.018838   0.008981   0.002997
  27  -0.012900  -0.007224  -0.008306   0.028431
  28   0.026127  -0.017500  -0.002361  -0.006266
  29  -0.001981   0.005338  -0.007776   0.004418
  30  -0.007288   0.034953  -0.017737  -0.009928
  31  -0.015836   0.002942   0.001596   0.011298
  32   0.014840   0.005020   0.011515  -0.031375
  33  -0.013739   0.006769   0.005426   0.001545
  34   0.010886  -0.011034   0.018905  -0.018757
  35   0.008701   0.002117  -0.001709  -0.009109
  36   0.007037  -0.002691  -0.007363   0.003018
  37  -0.002381  -0.002811   0.006959  -0.001767
  38  -0.001262  -0.011794   0.023729  -0.010673
  39  -0.001851  -0.001161   0.003961  -0.000949
  40   0.001543   0.024073  -0.019024  -0.006592
  41   0.016040   0.013159  -0.002003  -0.027195
  42  -0.015908   0.001729   0.007984   0.006195
  43   0.052164  -0.012162  -0.029634  -0.010368
  44   0.012414  -0.000089  -0.028402   0.016077
  45   0.005987   0.009840  -0.001842  -0.013986
  46  -0.008404   0.015786   0.000170  -0.007552
  47   0.009118   0.002423  -0.002373  -0.009168
  48  -0.005764  -0.011491   0.009568   0.007687
  49   0.002830   0.010520  -0.002060  -0.011290
  50  -0.002849   0.007447  -0.016984   0.012386
  51  -0.014292   0.001537  -0.004694   0.017450
  52   0.003666  -0.017130   0.002835   0.010629
  53   0.006024  -0.023849   0.026088  -0.008263
  54  -0.007591  -0.001076  -0.003121   0.011789
  55  -0.003754  -0.004314   0.006979   0.001088
  56   0.022329  -0.014141  -0.015738   0.007550
  57  -0.015273   0.011481   0.004037  -0.000245
  58   0.007049  -0.002814   0.001278  -0.005513
  59   0.003700  -0.005156   0.004667  -0.003211
  60   0.012705  -0.003410  -0.000950  -0.008345
  61   0.016017  -0.013531   0.002605  -0.005091
  62   0.006672  -0.004609  -0.015658   0.013595
  63   0.026569  -0.033096   0.009149  -0.002622
  64   0.020573  -0.014455  -0.014828   0.008710
  65   0.020552   0.002484  -0.012113  -0.010923
  66  -0.017034  -0.004714   0.025587  -0.003839
  67   0.027074  -0.007251   0.004864  -0.024687
  68   0.018526  -0.002990   0.001094  -0.016630
  69   0.012903   0.000191  -0.023860   0.010766
  70   0.001070  -0.007046   0.010047  -0.004072
  71   0.003443   0.017198  -0.013745  -0.006895
  72  -0.008548  -0.016062   0.015692   0.008918
  73  -0.016497   0.005847   0.003653   0.006997
  74  -0.009943   0.012701  -0.005900   0.003142
  75   0.018536  -0.000692   0.000711  -0.018555
  76  -0.009249   0.010526  -0.014885   0.013608
  77  -0.003195  -0.011728  -0.000832   0.015756
  78  -0.004209   0.007068  -0.025006   0.022146
  79  -0.009025   0.018680  -0.023186   0.013532
  80   0.017693   0.014550  -0.015481  -0.016762
  81  -0.005299   0.032668   0.003742  -0.031112
  82   0.028071   0.006378  -0.038355   0.003905
  83   0.013324   0.003125  -0.018752   0.002304
  84  -0.000843  -0.020037   0.008737   0.012144
  85  -0.011507   0.000575   0.026793  -0.015862
  86   0.001700   0.002588  -0.012900   0.008612
  87  -0.006296   0.008724  -0.007460   0.005032
  88  -0.008014  -0.005932   0.003388   0.010558
  89   0.001745   0.021944  -0.011983  -0.011707
  90   0.006393  -0.025750  -0.010810   0.030167
  91   0.018743   0.025832  -0.039448  -0.005127
  92  -0.000035   0.001334   0.008808  -0.010107
  93   0.012695   0.016657   0.002148  -0.031500
  94  -0.008546   0.002457  -0.015101   0.021190
  95  -0.019023  -0.006082   0.011822   0.013283
  96   0.000876   0.005326  -0.012983   0.006781
  97  -0.003530   0.014919  -0.005333  -0.006057
  98   0.006945   0.005375   0.003665  -0.015984
  99  -0.011623   0.006061  -0.022657   0.028218
 100  -0.028897  -0.000066   0.063234  -0.034270
 101   0.005015   0.032268  -0.021300  -0.015983
 102  -0.008524  -0.000799   0.005776   0.003547
 103   0.014156   0.027782   0.021163  -0.063101
 104  -0.031636   0.017882   0.016925  -0.003172
 105  -0.012966   0.019069   0.001827  -0.007929
 106  -0.051036   0.004012   0.008245   0.038779
 107  -0.037166   0.010793   0.013236   0.013137
 108   0.014806   0.016430   0.004720  -0.035956
 109  -0.009281   0.008680   0.014644  -0.014043
 110  -0.018068   0.006928   0.012787  -0.001647
 111  -0.009648   0.007327   0.004727  -0.002407
 112  -0.013364   0.012364   0.001804  -0.000804
 113  -0.009791   0.016780   0.001164  -0.008153
 114  -0.020943   0.036565   0.012040  -0.027661
 115  -0.014754   0.021414  -0.007478   0.000819
 116  -0.004743  -0.002278   0.003599   0.003422
 117  -0.010936  -0.000045  -0.010367   0.021348
 118   0.008224   0.003907  -0.001970  -0.010161
 119   0.000095   0.026288  -0.003740  -0.022643
 120   0.005133  -0.019055   0.011121   0.002800
 121   0.004868  -0.011683   0.003673   0.003142
 122   0.007978   0.017019  -0.009146  -0.015851
 123  -0.000131   0.004972  -0.019296   0.014456
 124  -0.009045   0.014201  -0.005573   0.000418
 125   0.004699  -0.007758   0.025584  -0.022525
 126   0.003316  -0.007747  -0.004761   0.009192
 127   0.011120   0.004054  -0.003880  -0.011294
 128   0.003321  -0.009205  -0.014990   0.020875
 129   0.018907  -0.005669  -0.012989  -0.000249
 130  -0.011830   0.015141  -0.007897   0.004586
 131  -0.024555   0.003331   0.008593   0.012632
 132  -0.010685  -0.001372   0.012759  -0.000702
 133   0.031137  -0.005773   0.004008  -0.029372
 134   0.001975   0.013070  -0.008740  -0.006305
 135  -0.008731   0.007858  -0.007670   0.008542
 136   0.011436  -0.019246  -0.000595   0.008406
 137  -0.031146   0.007005   0.000453   0.023688
 138  -0.000449  -0.001246   0.007372  -0.005676
 139   0.024264  -0.012851  -0.006271  -0.005142
 140  -0.011641   0.019148  -0.024059   0.016553
 141   0.018996   0.021426  -0.033694  -0.006728
 142   0.022216   0.003580   0.000308  -0.026104
 143  -0.015418  -0.008997   0.002315   0.022100
 144  -0.015820  -0.003693   0.005561   0.013953
 145  -0.016001   0.001506   0.016640  -0.002145
 146   0.029374  -0.001601  -0.006350  -0.021424
 147  -0.007793  -0.015317   0.009637   0.013473
 148   0.018677   0.007470  -0.023093  -0.003054
 149  -0.007369   0.002952   0.010133  -0.005716
 150   0.005390   0.001521   0.002374  -0.009285
 151  -0.017390   0.026181  -0.001019  -0.007772
 152  -0.001774   0.000340  -0.000373   0.001807
 153   0.019859   0.017585  -0.001818  -0.035626
 154   0.002429  -0.018234   0.025295  -0.009490
 155  -0.009424   0.016301   0.016234  -0.023111
 156  -0.011345  -0.004402   0.018089  -0.002341
 157   0.005918   0.002321  -0.014579   0.006339
 158   0.014896   0.015215  -0.014216  -0.015894
 159  -0.008993   0.004048  -0.005617   0.010562
 160  -0.026427   0.003711   0.003195   0.019520
 161   0.003144  -0.024108  -0.012110   0.033074
 162  -0.024283   0.011803   0.024478  -0.011997
 163   0.008496  -0.019674   0.005050   0.006129
 164   0.001162   0.004470   0.017687  -0.023319
 165   0.018823   0.012699  -0.014100  -0.017422
 166  -0.025695   0.022027   0.007128  -0.003460
 167  -0.027159   0.048382  -0.012105  -0.009118
 168  -0.038551  -0.008477   0.010684   0.036344
 169   0.009140   0.018331   0.011063  -0.038535
 170  -0.029943   0.020636   0.003161   0.006146
 171  -0.013404   0.015929   0.001166  -0.003691
 172  -0.062692   0.040840   0.029875  -0.008024
 173  -0.047620   0.059871  -0.009940  -0.002310
 174  -0.037216   0.004665   0.060076  -0.027526
 175  -0.016704   0.029469   0.029401  -0.042166
 176  -0.057380   0.008437   0.073305  -0.024362
 177  -0.074698   0.041724   0.058891  -0.025917
 178  -0.034575   0.005852   0.062071  -0.033348
 179  -0.007489  -0.028452   0.056979  -0.021038
