pos          info
        0 -3.581618e-05
        1  2.679263e-04
        2  1.292446e-04
        3  5.957417e-04
        4 -3.030212e-05
        5 -1.013749e-04
        6 -1.059216e-04
        7 -3.001352e-04
        8  2.454174e-04
        9 -1.137451e-04
       10  2.180830e-05
       11  1.682369e-06
       12 -1.558124e-05
       13  7.230955e-06
       14 -2.814917e-04
       15  3.257621e-04
       16  1.140824e-03
       17  6.102218e-06
       18  4.382845e-06
       19  1.813701e-05
       20 -2.999106e-04
       21  8.572182e-05
       22  1.679984e-04
       23 -4.115218e-05
       24  1.317327e-03
       25  3.503111e-05
       26 -7.356165e-05
       27 -8.819256e-04
       28 -1.563127e-04
       29  2.089349e-04
       30  1.998293e-04
       31 -1.291717e-04
       32  8.261974e-05
       33  2.338780e-04
       34  9.340984e-07
       35  3.230387e-04
       36  9.874454e-05
       37  4.847422e-04
       38  4.537917e-04
       39  3.546690e-04
       40 -2.343898e-05
       41 -7.266432e-08
       42 -1.592802e-04
       43  5.228700e-06
       44  6.855984e-05
       45  4.129702e-04
       46  4.797969e-04
       47 -3.186816e-06
       48  8.708362e-06
       49 -1.188648e-06
       50 -1.178193e-04
       51 -2.117863e-05
       52 -3.143128e-06
       53 -1.375932e-04
       54 -1.733614e-04
       55  1.048767e-03
       56 -7.591282e-04
       57 -1.209590e-04
       58 -2.712847e-06
       59 -2.021312e-04
       60  6.300539e-04
       61  3.618499e-04
       62  2.312150e-06
       63 -2.246211e-04
       64 -3.770671e-05
       65  6.490441e-06
       66  2.083927e-05
       67 -3.475136e-04
       68  1.615154e-04
       69  3.320994e-04
       70  4.033954e-05
       71 -1.077634e-06
       72  4.173224e-04
       73  1.211194e-05
       74 -4.257764e-05
       75  1.527984e-03
       76  4.485742e-05
       77  2.193249e-04
       78  1.924983e-04
       79 -1.252768e-04
       80 -4.548156e-04
       81 -7.634920e-04
       82 -7.528406e-04
       83 -4.291455e-05
       84  1.526747e-05
       85  3.153218e-05
       86  2.454282e-04
       87  4.174583e-05
       88 -2.974470e-04
       89 -5.914195e-05
       90  6.189732e-06
       91 -7.082764e-05
       92 -9.655055e-07
       93  1.875884e-04
       94  1.503826e-04
       95 -2.019590e-08
       96  5.365688e-05
       97  7.448455e-05
       98 -2.025880e-05
       99 -7.586241e-05
      100 -3.299349e-06
      101 -1.648179e-04
      102  1.102582e-03
      103  5.541512e-08
      104  3.771069e-04
      105  1.843946e-03
      106 -1.475964e-04
      107  2.029592e-06
      108 -2.303556e-04
      109 -7.326966e-04
      110  9.227727e-04
      111  2.333107e-09
      112 -1.668164e-05
      113  9.345142e-07
      114 -1.085119e-04
      115  1.010784e-04
      116  4.132286e-05
      117 -2.441115e-05
      118  4.800033e-04
      119 -3.207531e-04
      120 -5.128712e-05
      121 -3.738727e-04
      122 -7.830021e-07
      123  8.206351e-05
      124 -1.348594e-04
      125  2.684844e-07
      126 -1.847131e-04
      127  3.799632e-04
      128 -7.175753e-05
      129  7.413612e-08
      130 -1.215222e-05
      131 -1.670354e-05
      132  6.678848e-05
      133 -1.934385e-04
      134 -1.129297e-04
      135  4.108993e-05
      136 -8.040441e-08
      137  1.438907e-04
      138 -1.124606e-04
      139  3.761181e-04
      140 -4.231401e-04
      141 -1.944314e-04
      142  3.980958e-06
      143  1.820979e-05
      144  2.050879e-04
      145 -1.107644e-04
      146  2.637638e-04
      147 -6.017471e-05
      148  7.606251e-06
      149  4.751222e-05
      150  2.597214e-04
      151  3.234590e-04
      152 -1.052063e-04
      153 -6.388660e-05
      154 -4.873216e-06
      155  1.668623e-04
      156 -9.998549e-05
      157 -1.602151e-04
      158 -1.322139e-04
      159 -1.112878e-05