pos          info
        0  8.166764e-05
        1  3.114163e-04
        2  2.329104e-04
        3  2.037976e-04
        4 -6.557253e-05
        5 -9.194943e-05
        6 -2.253136e-05
        7 -1.880231e-05
        8  1.276740e-04
        9  9.246932e-05
       10  1.447287e-04
       11  8.590862e-05
       12  5.856727e-05
       13  1.615639e-04
       14  2.958896e-04
       15  3.171548e-04
       16  1.785093e-04
       17  6.589414e-05
       18  5.131571e-05
       19  7.050943e-05
       20  4.742160e-05
       21  5.358692e-05
       22  4.360211e-04
       23  4.088136e-04
       24  3.984777e-04
       25 -1.969460e-04
       26 -2.687881e-04
       27 -1.320369e-04
       28  1.942347e-04
       29  2.076448e-04
       30  1.443180e-04
       31  3.845848e-05
       32  7.366311e-05
       33  1.580323e-04
       34  1.464659e-04
       35  1.924755e-04
       36  1.360986e-04
       37  2.061604e-04
       38  1.366865e-04
       39  4.079822e-05
       40 -2.701337e-04
       41 -2.482646e-04
       42 -2.491746e-04
       43  4.248545e-05
       44  1.736376e-04
       45  1.781327e-04
       46  1.107326e-04
       47 -2.676659e-05
       48 -4.649096e-05
       49 -3.007489e-05
       50 -2.454048e-05
       51 -6.678945e-05
       52 -8.189242e-05
       53  4.293571e-04
       54  1.398685e-04
       55  1.278683e-04
       56 -3.582876e-04
       57 -5.916767e-05
       58  2.439852e-04
       59  2.665731e-04
       60  2.860848e-04
       61 -2.071876e-05
       62 -7.326808e-05
       63 -4.011219e-05
       64  3.738307e-05
       65  3.084296e-06
       66  1.361439e-04
       67  1.964810e-04
       68  2.484162e-04
       69  1.162084e-04
       70  1.675466e-04
       71  1.595748e-04
       72  7.668554e-05
       73  1.850081e-04
       74  1.804952e-04
       75  2.909658e-04
       76  1.197668e-04
       77  9.662959e-05
       78 -1.778232e-04
       79 -4.803143e-04
       80 -6.195183e-04
       81 -4.853373e-04
       82 -2.731676e-04
       83 -1.283987e-04
       84  2.819078e-04
       85  2.896110e-04
       86  1.941846e-04
       87 -1.323553e-04
       88 -1.878167e-04
       89 -7.427443e-05
       90 -4.641154e-05
       91  1.159447e-04
       92  1.221519e-04
       93  1.221982e-04
       94  7.473983e-06
       95  4.794708e-05
       96  6.082541e-05
       97  3.510147e-05
       98 -1.186064e-05
       99 -2.847539e-05
      100  1.328135e-04
      101  9.230059e-05
      102  1.735643e-04
      103  6.132484e-04
      104  6.028210e-04
      105  5.303704e-04
      106 -2.218286e-04
      107 -2.155725e-04
      108  1.683928e-04
      109  3.445100e-04
      110  3.892150e-04
      111  1.203038e-05
      112  1.167858e-05
      113  1.161830e-05
      114  5.107099e-05
      115 -1.058336e-05
      116  1.102213e-04
      117 -2.092231e-05
      118  3.188150e-05
      119 -2.468438e-04
      120 -1.811665e-04
      121 -1.466657e-04
      122  3.673571e-07
      123  7.636681e-06
      124 -1.818852e-05
      125  1.453045e-04
      126  8.674314e-05
      127  8.723325e-05
      128 -6.511000e-05
      129  6.674930e-05
      130  6.628428e-05
      131  4.970780e-05
      132 -4.187653e-05
      133  6.942450e-05
      134  8.693980e-05
      135  1.218190e-04
      136 -1.424348e-05
      137  9.977728e-05
      138  7.812877e-05
      139  9.116326e-05
      140 -5.621605e-05
      141 -3.242409e-05
      142  1.162768e-05
      143  4.278752e-05
      144  7.887429e-05
      145  4.174517e-05
      146  7.551651e-05
      147  2.418282e-05
      148  4.754945e-05
      149  1.214784e-04
      150  1.116968e-04
      151  9.403846e-05
      152 -1.703202e-05
      153  1.495246e-07
      154  1.434640e-05
      155 -1.848530e-05
      156 -2.534659e-04
      157  0.000000e+00
      158  0.000000e+00
      159  0.000000e+00