pos       info
        0   0.367361
        1   1.847570
        2   0.820471
        3  -0.016545
        4  -0.109394
        5  -0.409831
        6  -0.357698
        7  -0.365725
        8   1.826972
        9  -0.389584
       10  -0.382780
       11   0.068029
       12   0.126767
       13   0.016585
       14   0.305332
       15   0.984157
       16   1.481917
       17  -0.027575
       18  -0.365930
       19  -0.083136
       20  -0.380977
       21   0.083052
       22   1.600910
       23   0.221059
       24   1.968379
       25  -1.178424
       26  -0.345126
       27  -0.405534
       28   0.419682
       29   1.557362
       30   1.070861
       31  -0.344763
       32   0.483024
       33   0.000540
       34   0.149798
       35   0.082927
       36   0.095114
       37   1.856926
       38   0.800187
       39  -0.030646
       40  -0.000584
       41  -0.299798
       42  -0.400716
       43   0.139868
       44   0.249363
       45   1.048121
       46   1.835484
       47  -0.656950
       48  -0.065354
       49  -0.330986
       50  -0.327299
       51  -0.256332
       52  -0.059964
       53  -0.405224
       54  -0.226850
       55  -1.961843
       56  -0.421280
       57  -0.388420
       58   0.018377
       59   0.021946
       60   1.726585
       61  -0.171358
       62  -0.277140
       63  -0.298384
       64  -0.027471
       65  -0.344185
       66  -0.169299
       67   0.404769
       68   1.145941
       69   1.978844
       70  -0.036074
       71  -0.415818
       72   1.717339
       73   0.170280
       74   0.339530
       75   1.958026
       76   0.057846
       77  -0.050926
       78  -1.602097
       79  -0.384285
       80  -0.400845
       81  -0.405108
       82  -0.421469
       83  -0.408246
       84  -0.308862
       85  -0.401591
       86   1.723216
       87  -0.397213
       88  -0.372043
       89  -0.287480
       90  -0.309637
       91   0.311241
       92   0.191886
       93   1.719863
       94  -0.000801
       95  -0.396374
       96  -0.000416
       97  -0.355182
       98  -0.300638
       99  -0.359531
      100   0.191748
      101   0.385419
      102   1.716943
      103   0.343969
      104   0.194524
      105   1.975411
      106  -0.396453
      107  -0.191821
      108  -0.402120
      109  -0.406596
      110   1.957647
      111   0.357013
      112   0.030682
      113  -0.154583
      114   0.022413
      115   0.180788
      116   0.000974
      117  -0.357300
      118  -0.522550
      119  -0.403905
      120  -0.012023
      121  -0.412462
      122  -0.708257
      123  -0.014996
      124  -0.182031
      125   0.057263
      126  -0.342776
      127   1.520025
      128  -0.376391
      129   0.036935
      130   0.002469
      131   0.195571
      132  -0.122186
      133  -0.397742
      134  -0.397659
      135   0.474663
      136  -0.269593
      137  -0.614045
      138  -0.271812
      139  -0.023136
      140  -0.401691
      141  -0.300601
      142  -0.127701
      143  -0.312716
      144   0.801097
      145  -0.258274
      146  -1.227256
      147  -0.051805
      148   0.015271
      149   0.343495
      150   1.684237
      151  -1.193078
      152  -0.334369
      153   0.363712
      154   0.040337
      155   0.865856
      156  -0.000352
      157  -0.324731
      158  -0.202967
      159  -0.003624