pos          info
        0 -5.458892e-05
        1 -1.864852e-04
        2 -5.574218e-04
        3  3.145371e-04
        4  6.563196e-06
        5  5.558531e-04
        6 -9.940487e-05
        7 -6.998252e-05
        8 -1.159360e-05
        9 -2.807529e-04
       10  1.345370e-04
       11  1.633167e-05
       12  1.419191e-04
       13  1.750953e-06
       14  2.633827e-05
       15  1.058057e-07
       16  9.882733e-06
       17  1.713832e-05
       18  2.328472e-07
       19 -1.516000e-04
       20 -4.279844e-05
       21 -2.119340e-05
       22 -1.883508e-07
       23 -2.111786e-05
       24 -3.910960e-05
       25 -3.567464e-05
       26  3.817260e-06
       27  2.954016e-05
       28  4.650070e-05
       29 -7.499655e-05
       30 -1.288576e-09
       31 -3.695043e-05
       32  1.932898e-04
       33  1.259199e-04
       34  4.421595e-05
       35  1.569900e-05
       36 -3.643219e-05
       37 -2.290453e-05
       38  2.196905e-04
       39  5.846208e-06
       40 -8.071578e-05
       41 -4.470654e-04
       42 -5.967683e-04
       43  8.788902e-06
       44 -2.931188e-04
       45 -2.087192e-05
       46  5.803302e-06
       47 -4.438216e-05
       48 -2.507048e-04
       49 -2.645733e-04
       50  2.108775e-06
       51  8.068901e-05
       52  1.106295e-05
       53 -1.608024e-04
       54 -7.384350e-06
       55 -3.515308e-05
       56 -2.124874e-04
       57 -5.967384e-07
       58 -1.157262e-05
       59 -1.744428e-04
       60 -2.964293e-06
       61 -2.522988e-06
       62 -2.129688e-04
       63  5.611677e-05
       64  5.371571e-06
       65  4.137158e-04
       66 -1.890692e-04
       67 -5.064615e-10
       68 -3.873730e-04
       69  1.049742e-04
       70  2.156924e-05
       71 -5.425262e-05
       72 -6.131148e-05
       73 -4.416486e-04
       74 -8.918038e-06
       75  5.774059e-05
       76  4.546420e-07
       77  6.671421e-04
       78 -2.485546e-05
       79 -1.846180e-04
       80 -3.071211e-04
       81 -3.980724e-03
       82 -3.127364e-03
       83 -3.275654e-03
       84 -1.341257e-03
       85 -3.183432e-05
       86 -4.703991e-04
       87 -2.117867e-03
       88  1.287097e-04
       89  1.409031e-04
       90  6.538422e-04
       91  1.202453e-05
       92  3.676494e-04
       93  6.084780e-04
       94  2.738392e-03
       95  1.486939e-03
       96  2.641477e-05
       97 -8.077974e-04
       98 -2.033290e-04
       99 -1.847743e-03
      100 -4.604760e-04
      101 -1.170277e-04
      102 -2.291757e-05
      103 -1.616798e-04
      104 -7.366865e-04
      105 -2.409162e-03
      106 -2.097128e-03
      107  8.887843e-04
      108  9.568225e-04
      109  3.412334e-03
      110  4.158940e-04
      111 -3.977983e-04
      112 -4.879510e-05
      113 -1.344395e-05
      114 -1.740187e-04
      115  5.652986e-08
      116  2.339256e-04
      117 -5.303394e-05
      118 -3.039298e-04
      119 -9.899928e-05
      120 -9.649080e-06
      121 -3.691187e-05
      122 -2.983704e-05
      123  1.211872e-04
      124  9.371050e-07
      125 -2.450869e-06
      126 -5.926066e-05
      127 -3.811651e-05
      128 -5.194474e-04
      129 -3.168731e-04
      130 -1.231313e-05
      131 -7.953523e-05
      132  2.478797e-06
      133 -7.493035e-05
      134  9.437618e-05
      135  1.725597e-07
      136  7.942406e-04
      137  1.406698e-04
      138  9.483813e-05
      139  3.278547e-04
      140 -4.024678e-05
      141 -4.309620e-07
      142 -4.218113e-04
      143 -8.808555e-05
      144 -1.047422e-04
      145  1.043418e-04
      146  3.841102e-05
      147  1.112423e-04
      148  3.082632e-07
      149  1.274626e-04
      150  6.450960e-05
      151  4.709180e-05
      152  3.520633e-11
      153  5.816493e-07
      154  2.557183e-06
      155  3.293120e-05
      156 -3.183853e-05
      157 -1.675643e-05
      158 -1.642528e-06
      159 -7.505222e-08