pos          info
        0  2.672535e-04
        1  2.175909e-04
        2  3.571911e-04
        3 -1.802108e-04
        4 -2.436414e-04
        5 -2.940919e-04
        6 -5.631799e-05
        7  1.900833e-04
        8  1.773327e-04
        9  1.495636e-04
       10 -8.939497e-06
       11 -4.115805e-05
       12 -9.018495e-05
       13 -7.783211e-05
       14 -3.498734e-05
       15  4.133313e-05
       16  2.338739e-05
       17 -1.211207e-04
       18 -9.269651e-05
       19 -7.867265e-05
       20  2.686668e-05
       21  2.092937e-05
       22  3.214787e-05
       23  2.529517e-05
       24  5.978510e-06
       25 -8.649731e-06
       26  1.088868e-06
       27 -1.744529e-06
       28 -6.131578e-06
       29 -3.493084e-05
       30 -4.005891e-05
       31 -5.314431e-05
       32 -2.629445e-05
       33 -2.348563e-05
       34 -1.973098e-06
       35  5.828546e-06
       36  1.351629e-04
       37  1.471640e-04
       38  8.773492e-05
       39 -3.499595e-05
       40  8.728532e-05
       41  1.326168e-04
       42  7.556692e-05
       43 -1.209442e-05
       44 -1.510696e-05
       45  5.107141e-05
       46 -2.636488e-05
       47 -7.682600e-06
       48 -2.110111e-05
       49 -1.904274e-05
       50 -3.115632e-05
       51 -1.235250e-05
       52  1.814456e-05
       53  2.706829e-05
       54  2.852617e-05
       55  3.531435e-05
       56  3.181285e-05
       57  5.092338e-05
       58  2.981892e-05
       59  3.885818e-05
       60 -3.293652e-05
       61 -9.299656e-05
       62 -1.045384e-04
       63 -2.296985e-04
       64 -1.434109e-04
       65 -1.455629e-04
       66  1.618017e-04
       67  1.338216e-04
       68  1.098799e-04
       69 -5.045379e-05
       70 -9.883357e-06
       71  9.115608e-05
       72  1.027222e-04
       73  5.247622e-05
       74 -2.076369e-05
       75 -2.296663e-04
       76 -1.995780e-04
       77 -2.052198e-04
       78  5.374704e-05
       79  1.870072e-03
       80  3.265965e-03
       81  4.148048e-03
       82  2.905068e-03
       83  1.512903e-03
       84  6.286824e-04
       85  8.948458e-04
       86  7.879489e-04
       87  7.298390e-04
       88 -2.952677e-04
       89 -1.573287e-04
       90 -5.193432e-04
       91 -5.697069e-04
       92 -1.284751e-03
       93 -1.475014e-03
       94 -1.245889e-03
       95 -8.697781e-04
       96 -2.729365e-04
       97  3.207829e-04
       98  7.640561e-04
       99  6.610173e-04
      100  6.733159e-05
      101 -1.587110e-04
      102  4.828526e-04
      103  1.409282e-03
      104  9.762663e-04
      105  7.176588e-04
      106  7.184383e-05
      107 -3.321871e-04
      108 -7.786163e-04
      109 -1.178591e-03
      110 -2.097120e-04
      111 -7.625982e-05
      112  7.167953e-05
      113  3.058930e-05
      114 -2.955395e-05
      115 -6.342080e-05
      116 -1.005203e-05
      117  3.297909e-05
      118  3.224913e-05
      119 -4.237507e-05
      120 -2.328938e-05
      121  7.499964e-06
      122  2.561883e-05
      123  2.358884e-05
      124  7.345272e-06
      125  1.042569e-05
      126  1.513568e-04
      127  3.457987e-05
      128  3.442830e-05
      129 -1.086004e-04
      130 -2.027817e-06
      131  9.055371e-06
      132  1.211648e-05
      133  8.568215e-06
      134 -2.402056e-04
      135 -3.595484e-04
      136 -3.547873e-04
      137 -2.925358e-04
      138 -2.141158e-04
      139 -2.466425e-04
      140 -3.279523e-06
      141  2.851237e-05
      142  1.218338e-04
      143  1.482904e-04
      144  1.346415e-04
      145  7.154879e-05
      146 -5.564878e-05
      147 -4.998391e-05
      148 -5.439982e-05
      149 -1.322884e-04
      150 -1.177952e-04
      151 -1.106067e-04
      152  2.458401e-07
      153 -3.235809e-07
      154  2.909021e-05
      155  2.910963e-05
      156  5.009287e-05
      157  0.000000e+00
      158  0.000000e+00
      159  0.000000e+00