pos          info
        0  2.693086e-07
        1 -7.915637e-04
        2  6.032843e-04
        3 -1.806811e-05
        4  2.188984e-04
        5 -6.383377e-04
        6 -8.561554e-04
        7  2.943318e-04
        8 -3.430874e-07
        9  3.191982e-04
       10  3.244780e-04
       11 -4.402839e-06
       12 -1.842640e-04
       13  9.941776e-06
       14 -6.933009e-05
       15 -1.184343e-06
       16  6.170492e-06
       17 -7.423054e-05
       18 -2.263354e-05
       19 -1.139335e-04
       20  5.908557e-05
       21  8.522166e-05
       22 -5.782825e-06
       23  1.892069e-05
       24  1.303986e-04
       25 -5.136716e-07
       26 -2.859645e-05
       27 -9.337714e-06
       28  4.241944e-05
       29 -4.823263e-05
       30  2.679060e-05
       31 -1.492238e-04
       32 -1.255492e-04
       33 -3.471559e-06
       34 -5.076605e-05
       35 -1.790633e-05
       36  1.730612e-05
       37 -2.170991e-05
       38  9.548176e-05
       39  5.041831e-05
       40 -1.720101e-04
       41  3.768961e-04
       42  2.992643e-04
       43  1.170524e-05
       44 -4.286015e-04
       45  9.469426e-05
       46 -7.782537e-05
       47  1.548124e-04
       48 -6.764604e-04
       49  2.475286e-04
       50 -1.032558e-05
       51 -4.996200e-05
       52 -1.925500e-05
       53  3.236863e-04
       54  3.849170e-05
       55  2.744594e-05
       56  3.236817e-06
       57  4.583260e-05
       58  9.618368e-06
       59  3.240620e-04
       60 -3.620117e-05
       61  1.963761e-06
       62 -5.038631e-05
       63 -1.562038e-04
       64  4.901555e-06
       65 -2.850941e-04
       66  3.047841e-05
       67  4.133219e-06
       68  2.183422e-04
       69  4.597510e-06
       70 -1.169460e-05
       71 -1.323612e-05
       72  1.586195e-04
       73  1.684799e-04
       74  8.264216e-05
       75 -1.688014e-05
       76  3.584051e-05
       77 -4.616245e-04
       78  1.080731e-05
       79 -1.218959e-05
       80  2.974343e-04
       81  3.299156e-03
       82  2.676099e-03
       83  4.092929e-03
       84  1.871081e-03
       85 -8.148257e-06
       86  6.957662e-04
       87  1.479251e-03
       88 -3.469297e-04
       89 -4.488031e-05
       90 -2.846389e-04
       91  1.029172e-05
       92 -4.636533e-04
       93 -1.738431e-04
       94 -1.357081e-03
       95 -6.684808e-04
       96  5.300904e-06
       97 -1.126687e-03
       98  2.078182e-04
       99  1.453554e-03
      100  4.243069e-04
      101 -3.033335e-05
      102 -1.209963e-05
      103 -4.080959e-05
      104  1.678874e-03
      105  3.269239e-03
      106 -1.380502e-03
      107  1.011574e-03
      108  1.228132e-03
      109 -3.696918e-03
      110 -3.037565e-04
      111 -1.367688e-04
      112 -8.421164e-08
      113  1.809639e-05
      114  5.923947e-05
      115  1.029740e-04
      116 -4.149715e-04
      117 -6.766124e-05
      118  6.861694e-05
      119 -8.322879e-05
      120 -8.139897e-06
      121 -2.699805e-05
      122  6.824055e-07
      123  2.536930e-04
      124  1.264004e-06
      125  4.506672e-05
      126  1.645713e-05
      127  1.806624e-05
      128  4.099598e-04
      129 -1.138415e-04
      130 -1.617637e-06
      131  3.248463e-05
      132 -4.217270e-07
      133  1.941979e-05
      134 -1.569088e-05
      135 -9.351850e-06
      136 -7.546976e-04
      137 -5.630644e-05
      138  2.656488e-09
      139 -1.221716e-03
      140 -3.819249e-06
      141 -6.940698e-07
      142  3.025166e-04
      143 -4.915087e-06
      144  3.848514e-04
      145  8.846693e-05
      146 -7.503523e-05
      147  1.831823e-06
      148 -1.644540e-05
      149 -1.336512e-04
      150 -2.533717e-05
      151  3.990402e-08
      152  4.133634e-05
      153  5.233453e-06
      154 -6.358507e-06
      155  4.463249e-06
      156  2.664078e-04
      157  5.800316e-06
      158 -2.053900e-07
      159 -2.814783e-07