pos      val_A      val_C      val_G      val_T
   0  -0.000781  -0.018307   0.005553   0.013536
   1   0.015047   0.014899  -0.025073  -0.004874
   2  -0.011096  -0.008089  -0.010721   0.029907
   3   0.006180  -0.025227   0.014147   0.004901
   4   0.015655  -0.010511  -0.011311   0.006166
   5   0.016845  -0.025299   0.013077  -0.004623
   6  -0.001939   0.005376   0.013331  -0.016767
   7  -0.008216   0.017863  -0.005940  -0.003707
   8   0.025750   0.002373  -0.005280  -0.022844
   9   0.017501  -0.003703  -0.002179  -0.011620
  10   0.030428  -0.015489  -0.017314   0.002375
  11  -0.010480  -0.002730   0.001245   0.011965
  12   0.021793   0.002173  -0.007260  -0.016706
  13  -0.022318   0.018025  -0.008261   0.012554
  14  -0.004715   0.020726  -0.001210  -0.014801
  15   0.009219  -0.004308   0.031493  -0.036403
  16   0.012765   0.010425   0.002863  -0.026053
  17  -0.014751  -0.000519   0.013844   0.001427
  18  -0.002867  -0.017992   0.023704  -0.002846
  19   0.005176  -0.013401   0.001928   0.006297
  20  -0.016533   0.016175   0.011798  -0.011439
  21   0.018686   0.010295  -0.010281  -0.018699
  22   0.010336   0.003503  -0.008827  -0.005012
  23   0.018479  -0.009389  -0.000441  -0.008649
  24  -0.000187  -0.013928   0.009841   0.004274
  25   0.040092   0.016695  -0.039491  -0.017295
  26  -0.021151   0.011495   0.000278   0.009378
  27  -0.015426   0.011898  -0.008026   0.011554
  28   0.037924  -0.019212  -0.014860  -0.003852
  29   0.022237   0.002305  -0.003121  -0.021422
  30  -0.008245   0.038980  -0.009231  -0.021504
  31   0.000650  -0.007322  -0.014877   0.021549
  32   0.027265  -0.023880   0.020569  -0.023953
  33  -0.005893  -0.013935   0.030378  -0.010551
  34   0.008683  -0.005747   0.010263  -0.013199
  35  -0.002729   0.001630  -0.017083   0.018182
  36  -0.008092   0.003946   0.010828  -0.006682
  37   0.007471   0.013271  -0.016735  -0.004007
  38  -0.013193   0.016747  -0.006368   0.002814
  39  -0.006649   0.011148  -0.022922   0.018423
  40   0.022114   0.021630  -0.015280  -0.028464
  41  -0.005188   0.022709   0.005318  -0.022839
  42  -0.019374   0.016042  -0.033556   0.036888
  43   0.004318  -0.012042  -0.014051   0.021776
  44  -0.008721  -0.013817   0.011757   0.010782
  45   0.014325  -0.004983  -0.016659   0.007316
  46   0.004499  -0.005758   0.001672  -0.000413
  47   0.013153  -0.004707   0.009591  -0.018038
  48   0.015603  -0.027563   0.005992   0.005968
  49   0.029238  -0.012659  -0.012867  -0.003712
  50  -0.045277  -0.003143   0.014477   0.033944
  51  -0.006324   0.030289  -0.015649  -0.008316
  52  -0.002900  -0.000483   0.016453  -0.013069
  53   0.004616  -0.028388   0.000969   0.022803
  54  -0.007853  -0.020269  -0.003352   0.031474
  55  -0.005760   0.027039  -0.003941  -0.017337
  56  -0.015430  -0.018364   0.005774   0.028020
  57  -0.015223   0.035414  -0.001961  -0.018229
  58   0.029180  -0.011660  -0.013422  -0.004098
  59  -0.008633   0.011638   0.016245  -0.019250
  60   0.014126  -0.010531  -0.010429   0.006835
  61   0.000088   0.003796  -0.008667   0.004783
  62  -0.002264  -0.001771   0.006121  -0.002086
  63  -0.020249  -0.000491  -0.004776   0.025516
  64  -0.005772  -0.006770   0.003841   0.008700
  65  -0.007060   0.006291   0.019032  -0.018263
  66   0.038146  -0.001446  -0.023928  -0.012772
  67   0.008530  -0.001474   0.011949  -0.019004
  68  -0.036218  -0.005005   0.027478   0.013745
  69   0.017272  -0.004511  -0.020856   0.008095
  70   0.046770  -0.020629  -0.006897  -0.019244
  71  -0.019965  -0.001768  -0.005321   0.027054
  72   0.015897   0.006624  -0.026862   0.004341
  73  -0.006493  -0.018693  -0.011456   0.036642
  74  -0.007695  -0.001622  -0.020719   0.030036
  75  -0.020240  -0.010305  -0.002620   0.033165
  76  -0.004711  -0.004272   0.015770  -0.006787
  77   0.001325   0.013632   0.002421  -0.017379
  78  -0.005140   0.034276  -0.003197  -0.025939
  79  -0.005651  -0.026439  -0.015615   0.047705
  80  -0.120742  -0.037911   0.144301   0.014352
  81  -0.019124  -0.021199   0.046094  -0.005770
  82   0.004816   0.016546  -0.005503  -0.015859
  83   0.003218  -0.000269  -0.009738   0.006790
  84  -0.005289  -0.001293  -0.009341   0.015923
  85  -0.004906  -0.019750  -0.020479   0.045135
  86   0.003275   0.010480  -0.011763  -0.001991
  87  -0.023962   0.032395  -0.011220   0.002786
  88   0.022723   0.018166  -0.015384  -0.025505
  89   0.017385  -0.021431   0.008735  -0.004689
  90   0.007326  -0.004004   0.010501  -0.013823
  91   0.023551  -0.008174  -0.005520  -0.009857
  92  -0.008462   0.017335   0.003196  -0.012069
  93   0.015999  -0.011792   0.000213  -0.004420
  94  -0.005034  -0.005786   0.006767   0.004053
  95  -0.002147   0.005413  -0.003239  -0.000028
  96  -0.032636   0.011995   0.023364  -0.002723
  97  -0.021349   0.006581  -0.078604   0.093372
  98   0.021538  -0.014316   0.022713  -0.029936
  99  -0.019338  -0.022064  -0.008766   0.050168
 100  -0.026587  -0.022696   0.053473  -0.004191
 101   0.017214  -0.015720   0.000576  -0.002070
 102  -0.007859  -0.018074  -0.030486   0.056420
 103   0.050350  -0.018931  -0.018087  -0.013332
 104  -0.002888  -0.062209  -0.032876   0.097973
 105   0.065867  -0.063322  -0.003793   0.001248
 106   0.010864   0.009701  -0.017404  -0.003161
 107  -0.022785  -0.015484  -0.030225   0.068495
 108   0.010206  -0.042900   0.036855  -0.004162
 109   0.016984  -0.031561   0.003868   0.010710
 110   0.001911  -0.008637  -0.017291   0.024016
 111  -0.004682   0.020076  -0.036025   0.020631
 112   0.001362   0.000094   0.001193  -0.002649
 113   0.018649  -0.009932  -0.032910   0.024193
 114   0.011785  -0.010301  -0.004996   0.003513
 115   0.031397  -0.000795  -0.004891  -0.025710
 116  -0.005439   0.012155   0.011816  -0.018532
 117  -0.013645  -0.010283   0.011830   0.012098
 118   0.033170  -0.006549  -0.002979  -0.023642
 119   0.017749  -0.008218  -0.017112   0.007580
 120  -0.018402   0.029479  -0.009684  -0.001393
 121  -0.031005  -0.007153   0.020290   0.017868
 122  -0.015216  -0.010270   0.014927   0.010560
 123   0.007976   0.010423  -0.005795  -0.012605
 124   0.000265  -0.004983  -0.002189   0.006907
 125   0.007590   0.007451  -0.009755  -0.005285
 126  -0.013192  -0.028298   0.001053   0.040438
 127  -0.008921   0.003411  -0.016826   0.022336
 128   0.022156  -0.002163  -0.003742  -0.016251
 129  -0.009854   0.005589  -0.003516   0.007781
 130   0.021679  -0.023768  -0.003139   0.005228
 131  -0.017095  -0.003758   0.015207   0.005646
 132  -0.010953  -0.000693   0.021897  -0.010251
 133   0.026054  -0.019850  -0.007923   0.001719
 134   0.022646  -0.071164   0.024898   0.023619
 135   0.015512  -0.005033  -0.003413  -0.007066
 136   0.003466  -0.023475   0.040644  -0.020635
 137   0.015708  -0.029544  -0.007559   0.021395
 138  -0.013121  -0.004490   0.007065   0.010545
 139   0.017820   0.007959  -0.000693  -0.025087
 140   0.017464   0.007775  -0.010302  -0.014937
 141  -0.003620  -0.002134   0.000065   0.005690
 142   0.013929  -0.025524   0.005402   0.006194
 143  -0.015020  -0.012062   0.026814   0.000268
 144  -0.004809  -0.001353  -0.014427   0.020589
 145   0.000658   0.009335   0.005979  -0.015972
 146   0.040383  -0.024850   0.003006  -0.018538
 147  -0.005583   0.011495  -0.024549   0.018637
 148  -0.006096  -0.021224   0.045068  -0.017749
 149   0.000502  -0.003670   0.007241  -0.004073
 150  -0.007472   0.022149  -0.021697   0.007020
 151  -0.006091  -0.025138   0.015048   0.016181
 152   0.038018  -0.014814  -0.012280  -0.010924
 153   0.019611  -0.016411  -0.001691  -0.001509
 154   0.002360  -0.002047  -0.009602   0.009289
 155   0.004557  -0.005776   0.002580  -0.001361
 156  -0.005217  -0.007363  -0.003382   0.015963
 157  -0.009200   0.019301   0.008037  -0.018139
 158   0.019688  -0.001815   0.002598  -0.020472
 159   0.003578   0.007802  -0.007815  -0.003565
 160   0.006558  -0.019662   0.016640  -0.003536
 161   0.007116  -0.002936  -0.008045   0.003865
 162   0.016764  -0.006625   0.005439  -0.015579
 163  -0.031928   0.003391   0.022341   0.006196
 164  -0.007291   0.008759   0.006172  -0.007640
 165  -0.011569   0.008618   0.015284  -0.012332
 166   0.001293  -0.003894   0.000709   0.001891
 167   0.009331   0.012811   0.010654  -0.032797
 168   0.014286  -0.004019  -0.026277   0.016010
 169   0.006892  -0.030034   0.036028  -0.012886
 170  -0.007300   0.030706  -0.020770  -0.002635
 171  -0.000874  -0.022053   0.013417   0.009510
 172  -0.033652  -0.010432   0.030539   0.013544
 173  -0.011614  -0.006563   0.017119   0.001057
 174   0.001241  -0.031869  -0.001886   0.032514
 175   0.020932   0.006350  -0.027422   0.000140
 176   0.010407  -0.015538  -0.005560   0.010691
 177   0.004351  -0.026958   0.001023   0.021585
 178   0.015850   0.006828  -0.014102  -0.008576
 179  -0.006208  -0.011286   0.027539  -0.010045
