pos          info
        0 -2.463456e-06
        1  1.989877e-05
        2  5.367247e-06
        3 -2.307144e-05
        4  1.788718e-06
        5 -8.157385e-05
        6 -9.266755e-05
        7 -3.025814e-05
        8 -3.920580e-04
        9 -1.128458e-04
       10 -1.852338e-05
       11 -2.208820e-05
       12 -2.778739e-05
       13  3.233856e-05
       14  1.735902e-04
       15  4.144799e-04
       16  2.652452e-04
       17 -2.448265e-04
       18 -3.200787e-05
       19 -1.909067e-04
       20 -8.631806e-06
       21 -1.237037e-05
       22  5.613417e-08
       23  1.903031e-04
       24 -1.151680e-04
       25  1.637793e-04
       26 -1.660812e-05
       27  2.190281e-06
       28 -8.827286e-05
       29 -1.524692e-05
       30 -3.187965e-05
       31 -3.105492e-04
       32  1.965642e-04
       33  7.946793e-06
       34  5.199930e-07
       35  1.268983e-05
       36 -3.072736e-05
       37 -8.425072e-05
       38  1.111163e-04
       39  7.003819e-05
       40  3.371881e-05
       41  2.926635e-05
       42  3.095399e-04
       43 -4.169376e-05
       44  6.939912e-05
       45  2.048325e-05
       46  8.325047e-08
       47  4.426538e-05
       48  1.488228e-06
       49  2.666123e-04
       50  4.826287e-04
       51 -7.151531e-05
       52 -8.690387e-08
       53 -5.189144e-05
       54 -1.033648e-08
       55 -8.612209e-06
       56 -4.615321e-05
       57  1.323471e-04
       58  2.215378e-04
       59  3.485092e-05
       60 -3.470759e-05
       61 -2.841166e-06
       62  2.858653e-07
       63 -3.646591e-06
       64 -1.006126e-04
       65 -2.263184e-06
       66 -5.720624e-05
       67 -4.338735e-05
       68 -1.192791e-05
       69 -6.026059e-07
       70 -5.739551e-04
       71 -3.246276e-06
       72 -3.727967e-05
       73 -4.045229e-04
       74 -3.189533e-04
       75 -1.202093e-03
       76 -1.315299e-05
       77 -9.228037e-08
       78  6.200213e-04
       79  2.454678e-03
       80  3.874870e-03
       81  4.809895e-04
       82  1.108450e-03
       83 -1.999345e-04
       84 -1.168373e-04
       85 -7.035027e-04
       86 -3.189352e-06
       87 -1.970994e-05
       88 -1.410813e-05
       89 -4.920212e-06
       90 -3.825717e-04
       91 -3.808425e-05
       92 -1.085402e-04
       93 -1.730063e-05
       94 -4.206067e-05
       95  5.192128e-04
       96 -3.636673e-05
       97 -1.898965e-03
       98 -2.573642e-04
       99 -1.766014e-03
      100 -1.602708e-03
      101 -3.825296e-06
      102 -1.731103e-03
      103 -1.634166e-03
      104  5.223134e-04
      105 -1.073985e-03
      106 -3.892994e-05
      107 -3.727890e-03
      108  1.298823e-03
      109  6.205128e-04
      110  2.418598e-05
      111 -2.505864e-04
      112 -6.741141e-06
      113 -4.159642e-08
      114 -1.096123e-04
      115  3.602679e-04
      116  5.344730e-04
      117 -4.410671e-07
      118 -1.013825e-04
      119 -8.910127e-05
      120 -1.199442e-04
      121 -1.695968e-04
      122 -1.016871e-04
      123  7.058907e-05
      124  3.279863e-05
      125 -2.596074e-05
      126 -9.374495e-05
      127 -2.554659e-05
      128 -9.782339e-06
      129 -1.748499e-05
      130 -1.521040e-04
      131 -1.315437e-04
      132  1.878054e-05
      133  3.456949e-04
      134  2.843671e-04
      135  7.461884e-05
      136  1.173793e-04
      137 -2.216717e-05
      138 -5.936696e-05
      139 -4.136759e-04
      140 -2.487124e-05
      141 -4.506554e-05
      142 -6.406229e-06
      143  1.606888e-04
      144 -3.460923e-05
      145 -2.192204e-06
      146 -7.377876e-04
      147 -1.142092e-04
      148 -1.162210e-03
      149 -6.070485e-05
      150 -8.214503e-05
      151 -1.683169e-05
      152 -2.655460e-05
      153 -2.950800e-04
      154 -2.001397e-04
      155 -2.784614e-04
      156 -6.699017e-04
      157 -1.224829e-06
      158 -3.424702e-05
      159 -3.832284e-05