pos      val_A      val_C      val_G      val_T
   0   0.042396  -0.004421  -0.035910  -0.002064
   1   0.014066   0.032505  -0.029654  -0.016917
   2  -0.011420   0.017487  -0.006592   0.000525
   3   0.001818   0.004219   0.006392  -0.012429
   4   0.015225  -0.002988   0.005996  -0.018232
   5   0.008229  -0.016021   0.001061   0.006731
   6   0.007849  -0.042241   0.017952   0.016441
   7  -0.005489  -0.016709  -0.000030   0.022228
   8   0.032632  -0.011151  -0.006254  -0.015227
   9   0.020107  -0.009721  -0.020808   0.010421
  10   0.003882  -0.031875   0.020324   0.007669
  11  -0.011205   0.003580   0.016747  -0.009122
  12   0.008289   0.003318  -0.004766  -0.006841
  13  -0.038859   0.018025   0.015539   0.005294
  14  -0.021156   0.008093   0.013444  -0.000381
  15   0.008001  -0.008157   0.020368  -0.020212
  16   0.036708   0.003785  -0.006215  -0.034279
  17  -0.018186   0.027774   0.017076  -0.026664
  18  -0.002067  -0.033042   0.019942   0.015167
  19  -0.009917  -0.003522  -0.003790   0.017229
  20  -0.016223   0.007957   0.006219   0.002047
  21   0.001951   0.006752   0.010704  -0.019407
  22   0.017882   0.011641  -0.008705  -0.020818
  23  -0.019040   0.004098  -0.002669   0.017611
  24   0.016972  -0.009735   0.023591  -0.030828
  25   0.044120   0.010772  -0.026384  -0.028508
  26  -0.015533   0.022275  -0.011697   0.004955
  27   0.000019   0.029657  -0.032857   0.003180
  28   0.023281  -0.021139  -0.007359   0.005217
  29   0.004967  -0.026940   0.006144   0.015829
  30   0.001207  -0.008369   0.017727  -0.010565
  31  -0.010258  -0.025895   0.007405   0.028748
  32   0.012008  -0.031649   0.041019  -0.021378
  33  -0.008081  -0.028646   0.043886  -0.007158
  34   0.010911  -0.011484   0.007194  -0.006621
  35   0.015787  -0.003527  -0.016372   0.004112
  36  -0.014833  -0.009755   0.010299   0.014288
  37   0.022674   0.016415  -0.021637  -0.017451
  38  -0.015278   0.033608  -0.020192   0.001862
  39   0.012016   0.014669  -0.018191  -0.008495
  40   0.003687   0.034296  -0.021568  -0.016415
  41  -0.008877   0.027994  -0.008213  -0.010904
  42  -0.009123   0.004077  -0.015936   0.020982
  43   0.015165  -0.017842  -0.016741   0.019418
  44   0.005966  -0.008103  -0.004333   0.006470
  45   0.017714  -0.010713  -0.014405   0.007404
  46   0.016589  -0.017038   0.014450  -0.014001
  47   0.015250  -0.016529   0.006236  -0.004957
  48  -0.011007   0.009927   0.001437  -0.000357
  49   0.045438  -0.012855  -0.023280  -0.009302
  50  -0.059013   0.006196   0.015729   0.037088
  51  -0.009965   0.016390   0.010302  -0.016727
  52   0.009394   0.020124  -0.006219  -0.023300
  53   0.030936  -0.066063  -0.000476   0.035603
  54   0.018107   0.011584  -0.025336  -0.004356
  55   0.000815   0.007024  -0.007270  -0.000570
  56  -0.022334   0.002166   0.012753   0.007415
  57  -0.037676   0.028609   0.014113  -0.005046
  58   0.006964  -0.004525   0.015733  -0.018172
  59  -0.005148  -0.005949   0.022572  -0.011475
  60   0.012036  -0.013304  -0.004015   0.005284
  61  -0.001400   0.008814  -0.014082   0.006669
  62  -0.003079   0.004773   0.000125  -0.001820
  63  -0.015111  -0.000361   0.000240   0.015232
  64   0.012455  -0.006041   0.003152  -0.009566
  65  -0.006535  -0.001401   0.030600  -0.022664
  66   0.001360   0.002759  -0.019929   0.015810
  67   0.010744   0.001578   0.016446  -0.028767
  68   0.008456  -0.011555   0.007316  -0.004217
  69   0.035091  -0.034139  -0.004239   0.003286
  70   0.042702  -0.018552  -0.004968  -0.019182
  71  -0.009753   0.015644  -0.023737   0.017846
  72  -0.004736  -0.020208  -0.002085   0.027028
  73   0.010126  -0.003877  -0.054024   0.047775
  74  -0.009893  -0.010501  -0.044500   0.064894
  75  -0.040701  -0.008912  -0.012711   0.062324
  76   0.024864  -0.017001  -0.011780   0.003917
  77   0.022219  -0.000174   0.014411  -0.036455
  78  -0.003847   0.071937   0.003809  -0.071899
  79  -0.027947  -0.068049  -0.006355   0.102351
  80  -0.134604  -0.049461   0.152800   0.031266
  81  -0.011879   0.009159   0.050988  -0.048269
  82   0.013873   0.056447   0.002322  -0.072643
  83   0.035513  -0.004776  -0.010350  -0.020387
  84   0.018451  -0.009865  -0.019748   0.011163
  85   0.004412  -0.018749  -0.031614   0.045951
  86   0.003292  -0.007585  -0.015848   0.020141
  87  -0.011501   0.016199  -0.021545   0.016848
  88   0.007197   0.027790  -0.030836  -0.004151
  89   0.015958   0.006150  -0.010296  -0.011812
  90  -0.035464   0.023106   0.002640   0.009718
  91  -0.003292   0.003183  -0.018660   0.018770
  92  -0.001001   0.020524  -0.006877  -0.012646
  93   0.005286  -0.009473   0.001115   0.003072
  94   0.020600  -0.014456  -0.010944   0.004799
  95   0.032511  -0.051309   0.003914   0.014884
  96   0.005458   0.002067  -0.037019   0.029494
  97  -0.047461   0.026565  -0.085887   0.106783
  98   0.052904  -0.037340   0.037949  -0.053513
  99  -0.034389  -0.016255  -0.043741   0.094386
 100  -0.060481  -0.023141   0.097626  -0.014004
 101  -0.005010  -0.018448   0.011800   0.011658
 102  -0.016192  -0.049142  -0.024078   0.089413
 103   0.082736  -0.033602  -0.020119  -0.029015
 104   0.038543  -0.058353  -0.059736   0.079546
 105   0.086840  -0.053897  -0.015620  -0.017323
 106   0.054501  -0.023204  -0.035282   0.003986
 107  -0.046974  -0.034913  -0.048106   0.129992
 108   0.012842  -0.078612   0.064048   0.001722
 109   0.058157  -0.073598  -0.031142   0.046583
 110   0.021483  -0.022624  -0.010877   0.012018
 111  -0.024106   0.040018  -0.029652   0.013740
 112  -0.001569  -0.014126   0.005098   0.010597
 113   0.018316   0.002047  -0.044647   0.024284
 114  -0.009213   0.036855  -0.003900  -0.023742
 115   0.031109  -0.013895   0.006609  -0.023823
 116  -0.005070   0.024862   0.020492  -0.040284
 117  -0.022289  -0.000241   0.023403  -0.000873
 118   0.023093  -0.007843   0.005636  -0.020886
 119   0.030297  -0.034518  -0.012465   0.016686
 120  -0.003491   0.026151  -0.033541   0.010881
 121  -0.010588  -0.010095   0.017988   0.002694
 122  -0.006220  -0.001456   0.013531  -0.005855
 123  -0.003413   0.008158   0.011110  -0.015855
 124   0.001578  -0.004958  -0.003031   0.006411
 125   0.052881   0.000523  -0.027319  -0.026085
 126  -0.000998  -0.038851   0.000363   0.039486
 127  -0.005957   0.019775  -0.003452  -0.010366
 128   0.006068  -0.001852   0.014783  -0.018999
 129  -0.012565   0.010046   0.002153   0.000366
 130   0.011419  -0.036651   0.018246   0.006987
 131   0.000060  -0.013579   0.022423  -0.008904
 132  -0.024822   0.003445   0.018664   0.002714
 133   0.026516  -0.028301   0.005982  -0.004197
 134   0.018904  -0.027890  -0.006966   0.015952
 135   0.005729   0.003709   0.011657  -0.021095
 136   0.008387  -0.043110   0.039637  -0.004914
 137   0.020958  -0.008992  -0.002097  -0.009869
 138  -0.033470  -0.001981   0.037860  -0.002409
 139   0.045156  -0.004411  -0.024650  -0.016094
 140   0.032091  -0.004569   0.000248  -0.027769
 141  -0.012569  -0.015363   0.015472   0.012459
 142   0.026653   0.002735  -0.013243  -0.016145
 143  -0.010159  -0.024583   0.023664   0.011077
 144  -0.006529  -0.010741  -0.012636   0.029906
 145   0.001640   0.005751   0.000108  -0.007499
 146   0.044187  -0.024066   0.001072  -0.021193
 147   0.000166  -0.026060  -0.016230   0.042125
 148  -0.040624  -0.038537   0.082659  -0.003498
 149  -0.010453  -0.000949   0.012595  -0.001193
 150  -0.005035   0.023863   0.002313  -0.021141
 151   0.008950  -0.010292  -0.013610   0.014952
 152  -0.012714   0.018765  -0.002817  -0.003235
 153   0.037137  -0.028544   0.002760  -0.011353
 154  -0.001650  -0.005891  -0.009531   0.017072
 155  -0.000165  -0.014770   0.029894  -0.014959
 156  -0.026506  -0.014655  -0.001503   0.042664
 157   0.011587  -0.002604   0.010422  -0.019405
 158   0.013410  -0.023545   0.026499  -0.016363
 159  -0.001285   0.003409   0.014958  -0.017082
 160   0.011453  -0.016865   0.011462  -0.006050
 161   0.003047   0.001055   0.010048  -0.014150
 162  -0.010368   0.004724   0.035983  -0.030339
 163  -0.020192   0.014365   0.001494   0.004333
 164  -0.006043  -0.003118   0.022982  -0.013822
 165   0.002953  -0.004478   0.021386  -0.019860
 166  -0.001801   0.008822  -0.005820  -0.001202
 167  -0.004946   0.008523   0.010734  -0.014311
 168   0.020136  -0.028298   0.014230  -0.006068
 169  -0.002498   0.004528   0.017144  -0.019174
 170   0.008560   0.006117   0.007711  -0.022388
 171   0.003072   0.002658   0.002640  -0.008369
 172  -0.006610   0.011179   0.005973  -0.010542
 173   0.004770  -0.009924   0.006139  -0.000984
 174   0.016651  -0.013881   0.010843  -0.013613
 175   0.009586  -0.006535   0.006083  -0.009134
 176   0.012234  -0.017851  -0.008779   0.014396
 177   0.021730  -0.015796   0.003186  -0.009120
 178   0.015406  -0.003147  -0.012854   0.000595
 179  -0.004680   0.019459  -0.019027   0.004248
