       pos          info
         0 -3.568388e-05
         1  7.282762e-05
         2  7.382145e-05
         3  6.771464e-05
         4  4.988405e-06
         5  1.172028e-04
         6  1.628365e-04
         7  8.648674e-05
         8 -1.140929e-05
         9 -3.463263e-05
        10 -4.797273e-05
        11 -3.156414e-05
        12  1.903098e-04
        13  1.175009e-04
        14  1.146996e-04
        15 -1.118656e-04
        16 -3.168519e-05
        17 -1.992647e-05
        18 -1.031771e-05
        19  2.651004e-04
        20  1.699198e-04
        21  1.474385e-04
        22 -9.841737e-05
        23 -8.679239e-06
        24  2.945833e-05
        25 -1.186969e-05
        26  4.823573e-08
        27 -4.093780e-05
        28  1.161257e-05
        29 -8.603502e-05
        30 -6.804212e-05
        31 -4.203791e-05
        32  5.644428e-05
        33  1.310899e-04
        34  9.505060e-05
        35  7.581658e-05
        36  1.011526e-06
        37  3.517205e-05
        38  9.840433e-05
        39  1.000016e-04
        40  4.358653e-05
        41  1.623141e-06
        42  6.172671e-05
        43  8.274864e-05
        44  8.178690e-05
        45  2.111493e-05
        46  1.451446e-04
        47  1.985918e-04
        48  2.055984e-04
        49  9.244954e-05
        50 -4.304303e-05
        51 -5.472340e-05
        52 -1.453378e-04
        53 -8.689113e-05
        54 -4.727384e-05
        55  3.337135e-05
        56  2.108106e-05
        57 -1.427046e-05
        58 -1.102670e-04
        59  2.404732e-04
        60  2.397172e-04
        61  4.414069e-04
        62  7.269747e-05
        63  8.333132e-05
        64 -2.428483e-05
        65 -1.029470e-05
        66 -3.996929e-05
        67 -3.519398e-05
        68 -5.238064e-05
        69 -2.993698e-05
        70  2.977059e-05
        71  6.671256e-05
        72 -1.625954e-04
        73 -2.903744e-04
        74 -3.415592e-04
        75 -7.854956e-05
        76  2.459026e-06
        77  2.916839e-04
        78  2.580506e-04
        79  4.193757e-04
        80  1.070547e-04
        81  8.294824e-05
        82 -1.209913e-04
        83 -8.254705e-05
        84 -7.113268e-05
        85 -1.576029e-05
        86 -5.697011e-05
        87 -1.774540e-05
        88 -9.297499e-05
        89 -6.469913e-05
        90 -8.154288e-05
        91  2.806995e-05
        92  6.048280e-05
        93  4.423839e-05
        94  2.059589e-04
        95  2.723982e-04
        96  3.114226e-04
        97  5.958322e-05
        98  1.165699e-04
        99  8.076242e-05
       100  3.980879e-04
       101  1.431629e-04
       102  5.708956e-04
       103  2.804204e-04
       104  5.475071e-04
       105  1.599773e-04
       106  1.549045e-04
       107  3.580096e-05
       108 -2.984872e-06
       109 -2.922918e-04
       110 -2.985223e-04
       111 -2.727657e-04
       112 -1.192190e-05
       113  4.199799e-05
       114  9.451947e-06
       115  6.895228e-05
       116  1.097074e-04
       117  1.452379e-04
       118 -1.151015e-04
       119 -2.938216e-04
       120 -3.243606e-04
       121 -1.527978e-04
       122 -4.785181e-05
       123 -6.880994e-05
       124 -7.872514e-06
       125 -1.021528e-04
       126 -6.685569e-05
       127 -6.547582e-05
       128 -7.612699e-05
       129 -9.579489e-06
       130 -1.485221e-04
       131 -5.222073e-05
       132 -1.934995e-04
       133 -2.205416e-05
       134 -7.622108e-06
       135  4.614133e-05
       136  3.507371e-05
       137  1.879522e-05
       138  2.824224e-05
       139  1.584209e-05
       140  2.031860e-05
       141  1.179364e-04
       142  1.122148e-04
       143  2.681912e-06
       144 -9.744616e-05
       145 -3.305448e-04
       146 -2.427713e-04
       147 -2.397347e-04
       148 -7.970824e-07
       149 -1.258401e-04
       150 -1.909485e-04
       151 -1.981061e-04
       152 -1.406990e-04
       153 -2.786501e-05
       154 -2.813738e-05
       155 -6.787087e-05
       156 -1.130125e-04
       157  0.000000e+00
       158  0.000000e+00
       159  0.000000e+00