pos      val_A      val_C      val_G      val_T
   0   0.002250  -0.025034  -0.004147   0.026930
   1   0.017529  -0.000814   0.003986  -0.020701
   2  -0.015509   0.017906  -0.003331   0.000934
   3  -0.024280   0.003787  -0.003286   0.023779
   4   0.006013   0.007150  -0.009076  -0.004088
   5  -0.020760   0.009418   0.001910   0.009432
   6   0.015167   0.000098  -0.015604   0.000339
   7  -0.008374  -0.015896   0.020516   0.003754
   8   0.000409   0.008565   0.002516  -0.011490
   9  -0.019163  -0.000730   0.005450   0.014443
  10   0.009898   0.003356  -0.012312  -0.000942
  11   0.013059  -0.006019   0.002873  -0.009913
  12   0.021033  -0.015261  -0.008031   0.002258
  13  -0.003798  -0.013361  -0.002242   0.019401
  14  -0.023823  -0.007553   0.005667   0.025709
  15   0.014738   0.014363  -0.009767  -0.019335
  16   0.009629  -0.010043   0.015678  -0.015265
  17   0.016778  -0.007258  -0.017226   0.007706
  18  -0.012625   0.019346  -0.008053   0.001332
  19  -0.019078  -0.005272   0.030624  -0.006274
  20   0.002381   0.013900  -0.010017  -0.006264
  21   0.016505   0.017813  -0.014645  -0.019673
  22  -0.001623  -0.008975   0.000553   0.010045
  23  -0.013991   0.020561  -0.004855  -0.001715
  24   0.019813  -0.000546  -0.022433   0.003166
  25  -0.005209   0.017373   0.008139  -0.020304
  26   0.029141  -0.012358   0.006675  -0.023458
  27   0.007499   0.014540  -0.022188   0.000150
  28   0.008962   0.009922   0.001846  -0.020729
  29  -0.019369   0.012890   0.027602  -0.021124
  30   0.000556   0.014258  -0.003342  -0.011473
  31  -0.033550   0.024602   0.006920   0.002029
  32   0.003303   0.003298  -0.007986   0.001384
  33  -0.008693   0.008638   0.030691  -0.030635
  34  -0.003156  -0.012886   0.008061   0.007980
  35   0.003789  -0.020218  -0.000999   0.017428
  36  -0.011696  -0.001992   0.017085  -0.003397
  37  -0.007123  -0.009889   0.022529  -0.005517
  38   0.010273   0.006503  -0.021679   0.004902
  39   0.004127   0.001064  -0.004322  -0.000868
  40  -0.014443   0.002830  -0.010577   0.022190
  41  -0.004718   0.006725  -0.008487   0.006481
  42  -0.017228   0.004082   0.006366   0.006780
  43  -0.008898  -0.011337   0.009603   0.010632
  44   0.020329  -0.009723  -0.024102   0.013497
  45   0.004273  -0.023142   0.006359   0.012509
  46  -0.008283  -0.001627  -0.012734   0.022645
  47   0.012223   0.004886  -0.002260  -0.014849
  48  -0.005707   0.022444   0.001240  -0.017977
  49  -0.015179  -0.005447   0.029014  -0.008389
  50   0.000896   0.002700  -0.015086   0.011490
  51  -0.005236   0.001740   0.002436   0.001061
  52  -0.004760  -0.001448  -0.014206   0.020414
  53  -0.000367  -0.007967  -0.017220   0.025554
  54   0.017461  -0.022271   0.014787  -0.009977
  55   0.015034  -0.011584  -0.016138   0.012688
  56  -0.015096  -0.004873   0.041483  -0.021514
  57   0.007241  -0.021482   0.008103   0.006138
  58   0.010060  -0.005306  -0.025708   0.020954
  59   0.008741   0.026538  -0.004155  -0.031124
  60   0.024235  -0.006307  -0.012274  -0.005654
  61   0.007773  -0.017245  -0.005566   0.015038
  62   0.008054  -0.005425   0.011248  -0.013877
  63   0.007913  -0.001257  -0.011215   0.004560
  64   0.007321  -0.017158   0.001730   0.008107
  65  -0.011736   0.000489   0.003773   0.007473
  66  -0.005750   0.015612  -0.013814   0.003952
  67  -0.012988   0.017455  -0.012468   0.008000
  68  -0.044341  -0.007930   0.016638   0.035633
  69   0.003899   0.007994   0.000799  -0.012693
  70  -0.004147  -0.011819   0.019221  -0.003255
  71   0.014082  -0.000858  -0.013865   0.000641
  72   0.009014  -0.012212  -0.014898   0.018097
  73   0.000589  -0.010221   0.003279   0.006353
  74  -0.042363   0.009788   0.039297  -0.006721
  75  -0.011965   0.032509  -0.037062   0.016518
  76  -0.000214  -0.026689   0.015513   0.011390
  77   0.007819  -0.013677  -0.001498   0.007356
  78   0.009990   0.019865  -0.010068  -0.019787
  79  -0.036163   0.002608  -0.016890   0.050444
  80  -0.019917  -0.007431  -0.016868   0.044216
  81  -0.008718  -0.010964   0.030147  -0.010465
  82   0.093721  -0.068435  -0.026429   0.001143
  83   0.029518  -0.003476  -0.021008  -0.005034
  84   0.010560  -0.010537  -0.020095   0.020071
  85  -0.015128  -0.006789   0.017261   0.004657
  86   0.000914   0.002531   0.007142  -0.010587
  87   0.012625   0.006285  -0.016789  -0.002121
  88   0.001100  -0.003475  -0.010126   0.012501
  89   0.017216  -0.006157  -0.003045  -0.008014
  90  -0.007924   0.000566   0.016717  -0.009359
  91   0.013560  -0.016879   0.004140  -0.000821
  92   0.000065  -0.006769  -0.010078   0.016782
  93   0.006834  -0.008057  -0.005237   0.006459
  94  -0.003401  -0.024113   0.002806   0.024709
  95   0.028220  -0.024439  -0.011234   0.007453
  96   0.007750   0.026694  -0.012763  -0.021682
  97  -0.001877  -0.013279  -0.010984   0.026141
  98  -0.030509  -0.015095   0.031661   0.013943
  99  -0.020292  -0.012700  -0.044216   0.077208
 100  -0.000737  -0.030893   0.037693  -0.006064
 101  -0.021770   0.001906   0.013511   0.006353
 102  -0.017589  -0.024786  -0.018251   0.060626
 103   0.178757  -0.038330  -0.050112  -0.090315
 104   0.054224  -0.017432  -0.028966  -0.007825
 105   0.051997  -0.024321  -0.016217  -0.011459
 106   0.038318  -0.008296  -0.014159  -0.015863
 107   0.002060  -0.040532  -0.016646   0.055118
 108  -0.002683   0.022054  -0.017073  -0.002298
 109   0.001098  -0.019841   0.013022   0.005721
 110  -0.018264   0.014790  -0.012408   0.015882
 111  -0.081134  -0.010559   0.101327  -0.009634
 112   0.002819   0.020139  -0.007151  -0.015806
 113   0.005140   0.005043  -0.013033   0.002850
 114   0.002979  -0.008961   0.014135  -0.008153
 115   0.003772   0.018340  -0.017750  -0.004363
 116  -0.001576  -0.005443   0.016720  -0.009702
 117  -0.004953   0.012781   0.009628  -0.017456
 118  -0.022667  -0.010986  -0.002824   0.036476
 119   0.025454   0.011048   0.013289  -0.049791
 120  -0.031937   0.012328   0.006263   0.013347
 121  -0.032026   0.023139   0.014506  -0.005620
 122   0.008698  -0.029465  -0.007695   0.028462
 123   0.005843   0.007765  -0.003702  -0.009906
 124   0.008060   0.005741  -0.018102   0.004301
 125  -0.029530   0.012548  -0.005439   0.022422
 126  -0.011184   0.037494  -0.011184  -0.015126
 127  -0.019230  -0.018894   0.034712   0.003412
 128   0.005930  -0.004565   0.009741  -0.011106
 129   0.004436  -0.013338  -0.003027   0.011929
 130  -0.031946  -0.018017   0.056799  -0.006835
 131  -0.020418  -0.009196   0.025311   0.004303
 132   0.006016  -0.001455   0.002200  -0.006762
 133  -0.004801  -0.004282   0.011771  -0.002688
 134  -0.015799  -0.018224   0.012587   0.021437
 135   0.011727  -0.009800   0.013110  -0.015038
 136   0.013085  -0.003603   0.009299  -0.018781
 137  -0.011740  -0.006921   0.027681  -0.009020
 138  -0.002391   0.007727   0.006660  -0.011996
 139   0.001223   0.004733  -0.009523   0.003567
 140   0.009495  -0.014588   0.015885  -0.010792
 141   0.030419  -0.026313  -0.023817   0.019711
 142  -0.019533  -0.004435   0.017501   0.006466
 143  -0.008793  -0.009182  -0.030966   0.048941
 144  -0.016569   0.009735   0.006652   0.000181
 145  -0.000149  -0.002758  -0.003914   0.006821
 146   0.039980  -0.021591  -0.004474  -0.013915
 147   0.035143   0.023550   0.050070  -0.108763
 148  -0.008575  -0.012924   0.014394   0.007106
 149  -0.013318   0.008329  -0.000892   0.005881
 150  -0.018066   0.005835   0.033392  -0.021161
 151  -0.054015  -0.025298   0.096778  -0.017465
 152   0.008826   0.013195  -0.034158   0.012137
 153   0.033818  -0.021284  -0.016252   0.003717
 154   0.004216   0.004779   0.015738  -0.024733
 155  -0.014857  -0.027057   0.019909   0.022005
 156  -0.004288  -0.018484   0.014285   0.008488
 157  -0.009100  -0.006564   0.021289  -0.005624
 158   0.012588   0.001080  -0.009396  -0.004272
 159  -0.013001  -0.024992   0.020437   0.017557
 160  -0.003933  -0.006606   0.028884  -0.018346
 161  -0.001189  -0.000786   0.036634  -0.034658
 162  -0.005680  -0.014929   0.027850  -0.007241
 163   0.002568  -0.014288   0.018891  -0.007171
 164  -0.000322  -0.007708   0.017555  -0.009525
 165   0.013177   0.010334   0.008312  -0.031823
 166   0.001040   0.017555   0.000562  -0.019157
 167   0.014881  -0.004242   0.001642  -0.012281
 168   0.014593   0.003207  -0.001484  -0.016317
 169   0.005034  -0.011391   0.012350  -0.005992
 170   0.032780  -0.012903   0.013115  -0.032992
 171   0.031584  -0.024135   0.006849  -0.014298
 172   0.027452  -0.027250  -0.001949   0.001747
 173   0.038242  -0.019709  -0.016473  -0.002059
 174   0.040015  -0.010826  -0.018390  -0.010799
 175   0.030762  -0.020010  -0.032137   0.021385
 176   0.021310  -0.000656  -0.043606   0.022952
 177   0.032685  -0.016774  -0.057572   0.041661
 178   0.018111   0.002031  -0.068222   0.048081
 179   0.013297   0.037720  -0.075635   0.024618
