pos          info
        0  1.586920e-04
        1 -1.798369e-08
        2  4.109110e-10
        3  2.059469e-06
        4  1.256027e-05
        5 -1.118558e-04
        6 -5.797174e-08
        7  9.971010e-05
        8  2.089032e-05
        9  1.558432e-06
       10  4.765912e-06
       11  3.790901e-05
       12  9.085883e-05
       13  1.156565e-04
       14  1.165230e-04
       15 -8.478417e-05
       16  3.327662e-05
       17 -1.954443e-05
       18 -2.848374e-05
       19  2.574404e-04
       20  3.486806e-05
       21  7.118520e-05
       22 -3.963751e-05
       23 -4.447437e-05
       24  9.635389e-05
       25  7.993180e-05
       26  2.024476e-04
       27 -1.500065e-10
       28  2.630671e-06
       29 -1.030067e-04
       30  5.772590e-05
       31 -2.705978e-04
       32  3.235260e-07
       33  2.764381e-04
       34  1.507419e-05
       35  6.869289e-05
       36  6.159547e-05
       37  1.166088e-04
       38 -1.071097e-04
       39  7.020059e-07
       40  1.143991e-04
       41  1.280413e-05
       42  1.074343e-05
       43  2.488933e-05
       44  3.134068e-05
       45  5.385244e-05
       46  1.279309e-04
       47 -2.699535e-06
       48  1.147031e-04
       49  2.150834e-04
       50  9.150957e-07
       51 -7.906866e-06
       52 -2.929186e-07
       53  1.383804e-04
       54 -1.120573e-04
       55  6.934165e-05
       56  4.070276e-04
       57  1.112507e-05
       58 -2.191991e-04
       59 -6.440447e-06
       60 -2.262597e-05
       61  1.164909e-05
       62  1.403884e-05
       63 -1.955122e-06
       64 -4.267958e-05
       65  1.058025e-05
       66 -6.607340e-05
       67 -6.102783e-05
       68 -4.953662e-04
       69  2.436340e-06
       70 -3.180760e-06
       71  4.433847e-05
       72  1.840628e-05
       73 -5.281469e-07
       74 -4.242133e-04
       75 -3.706401e-04
       76 -2.073766e-04
       77  8.333546e-06
       78 -2.047613e-05
       79  5.585306e-04
       80  4.371109e-04
       81  2.341825e-04
       82 -1.149913e-03
       83 -5.306151e-07
       84 -6.957641e-05
       85 -7.585003e-06
       86  4.278730e-07
       87 -5.375578e-05
       88  2.266401e-05
       89 -6.851603e-06
       90 -8.163979e-06
       91  5.715279e-05
       92  5.556410e-05
       93  9.384695e-06
       94  1.482363e-04
       95  1.776939e-05
       96  1.866807e-04
       97  1.682916e-04
       98  2.402277e-04
       99 -3.570111e-05
      100  3.170787e-04
      101  1.844529e-06
      102  9.048916e-04
      103 -1.909696e-03
      104  6.371959e-04
      105 -6.251583e-05
      106  3.458939e-04
      107  6.791643e-04
      108 -7.929606e-05
      109  4.150142e-06
      110  4.896460e-05
      111 -1.544924e-03
      112  3.307960e-06
      113  4.990852e-06
      114  4.464498e-05
      115  6.408354e-06
      116  3.548179e-07
      117 -5.894404e-05
      118  2.906881e-04
      119 -5.898794e-04
      120 -2.597441e-04
      121 -2.694780e-04
      122 -2.365143e-04
      123  7.907771e-06
      124  6.654142e-06
      125 -1.768496e-04
      126 -7.094324e-05
      127 -8.317515e-05
      128 -1.083552e-06
      129 -5.273757e-05
      130 -2.942720e-04
      131  1.772505e-04
      132 -7.602621e-06
      133 -5.721657e-06
      134 -8.904948e-05
      135  3.708024e-05
      136  5.200502e-05
      137 -1.658297e-05
      138  6.842402e-06
      139 -2.595282e-05
      140 -4.678752e-05
      141  5.422108e-05
      142 -1.008178e-04
      143  6.212876e-04
      144  6.537817e-06
      145 -1.528871e-06
      146 -4.030223e-05
      147 -3.010230e-03
      148  1.129731e-05
      149  5.296327e-06
      150 -1.151805e-04
      151 -7.632265e-04
      152  3.226907e-05
      153  2.746857e-04
      154 -1.023179e-04
      155  1.472705e-04
      156  1.462299e-05
      157 -7.327727e-06
      158  2.465814e-05
      159 -1.441093e-04