pos          info
        0  4.986252e-05
        1  2.693220e-05
        2  8.277871e-07
        3 -3.743803e-06
        4 -1.975056e-05
        5 -1.719879e-05
        6  6.886695e-06
        7  4.923803e-06
        8 -6.906550e-06
        9  1.666033e-05
       10  2.561424e-05
       11  1.127040e-04
       12  2.383169e-04
       13  2.315693e-04
       14  1.462602e-04
       15 -7.998184e-06
       16 -4.436748e-05
       17 -1.256983e-05
       18 -2.364456e-07
       19  3.642909e-05
       20  1.906516e-06
       21  9.108685e-07
       22  1.777914e-05
       23  5.394685e-05
       24  1.276811e-04
       25  1.073195e-04
       26  9.294869e-05
       27  5.166863e-07
       28  2.187707e-05
       29 -1.675936e-04
       30 -1.431108e-04
       31 -4.538820e-05
       32  1.215522e-04
       33  1.837004e-04
       34  9.829553e-05
       35  1.049809e-04
       36 -9.883014e-06
       37 -4.247646e-05
       38 -4.270344e-05
       39 -3.446330e-06
       40  2.504396e-06
       41  3.115085e-05
       42  6.863412e-05
       43  8.565651e-05
       44  7.717958e-05
       45  4.729744e-05
       46  8.050456e-05
       47  5.396433e-05
       48  5.860499e-05
       49  6.356866e-06
       50  4.040091e-06
       51  7.192756e-05
       52 -1.289678e-04
       53 -8.021081e-05
       54  9.303348e-06
       55  2.085578e-04
       56  1.568004e-04
       57 -5.990235e-06
       58 -1.526628e-05
       59 -9.706321e-06
       60 -8.884034e-06
       61  7.027996e-07
       62 -1.029788e-05
       63 -8.230155e-05
       64 -1.061593e-04
       65 -9.611956e-05
       66 -1.561068e-04
       67 -7.617522e-05
       68 -9.856699e-05
       69  4.454581e-05
       70  5.916538e-05
       71  1.391836e-04
       72  7.194976e-05
       73 -1.204661e-04
       74 -2.137939e-04
       75 -1.592169e-04
       76 -5.798224e-05
       77  3.603997e-04
       78  5.709942e-04
       79  8.410600e-04
       80  9.646067e-05
       81 -1.143554e-04
       82 -4.265783e-04
       83 -6.153222e-05
       84 -5.706101e-05
       85 -3.610523e-05
       86 -3.867841e-05
       87 -4.278304e-05
       88 -1.557279e-06
       89  7.911835e-06
       90  9.055809e-06
       91  3.044782e-05
       92  9.897536e-05
       93  1.027899e-04
       94  1.164748e-04
       95  1.610753e-04
       96  2.787016e-04
       97  1.516470e-04
       98  2.284909e-04
       99  1.175251e-04
      100  5.885149e-04
      101 -4.841564e-04
      102 -1.881700e-04
      103 -5.871471e-04
      104  4.417295e-04
      105  3.810530e-04
      106  4.010565e-04
      107  2.560534e-04
      108  3.889097e-05
      109 -5.522802e-04
      110 -5.546228e-04
      111 -5.647906e-04
      112  2.729100e-05
      113  1.851796e-05
      114 -1.146835e-05
      115 -5.662475e-05
      116  1.301574e-04
      117  1.889847e-05
      118 -3.377117e-05
      119 -2.369173e-04
      120 -1.303935e-04
      121 -6.390444e-06
      122  1.614827e-05
      123  5.998952e-07
      124 -2.854129e-05
      125 -3.387507e-05
      126  8.443892e-06
      127  2.704097e-06
      128 -1.138363e-04
      129 -8.221382e-05
      130 -7.882438e-05
      131  3.713920e-05
      132 -1.459902e-04
      133 -1.333141e-04
      134 -1.195654e-04
      135 -1.793658e-05
      136 -2.583104e-05
      137 -3.914170e-05
      138 -6.470988e-06
      139 -7.276676e-06
      140 -2.898097e-05
      141  4.953543e-05
      142  4.851608e-05
      143  4.081254e-05
      144 -3.099385e-05
      145 -5.431926e-04
      146 -5.143943e-04
      147 -5.154107e-04
      148 -2.720472e-06
      149 -4.156515e-05
      150 -3.886470e-05
      151  1.258374e-04
      152  1.207382e-04
      153  1.694840e-04
      154  6.986514e-05
      155  1.127354e-04
      156  6.238513e-05
      157  0.000000e+00
      158  0.000000e+00
      159  0.000000e+00