pos          info
        0 -1.565829e-04
        1  9.967279e-05
        2  4.574250e-07
        3  1.419448e-05
        4  1.287985e-04
        5  4.168704e-05
        6  1.396749e-05
        7  4.374173e-05
        8  3.344710e-04
        9 -2.402700e-05
       10 -3.680940e-06
       11 -3.224549e-05
       12 -9.328965e-05
       13  4.658529e-04
       14 -4.101991e-05
       15 -8.159352e-06
       16 -3.046747e-05
       17 -3.832458e-05
       18 -8.429412e-05
       19  2.848257e-05
       20 -1.928823e-04
       21 -2.848740e-05
       22 -5.216735e-04
       23  2.776949e-05
       24  4.541852e-07
       25  6.245900e-06
       26 -1.933968e-07
       27 -1.944473e-04
       28 -5.583211e-05
       29 -2.507375e-04
       30 -7.057753e-05
       31 -7.235767e-06
       32 -7.927026e-05
       33 -3.090816e-04
       34 -4.415613e-08
       35 -1.636980e-05
       36 -3.980337e-05
       37  8.662290e-07
       38  8.064760e-05
       39  1.689557e-05
       40 -1.254580e-06
       41 -9.341934e-06
       42  8.451559e-05
       43  4.295827e-05
       44 -5.169076e-05
       45 -1.552158e-04
       46 -2.629020e-04
       47 -6.206514e-04
       48 -1.703769e-05
       49  4.647171e-05
       50 -5.077829e-07
       51 -1.638123e-05
       52 -3.274558e-04
       53 -7.773980e-05
       54  4.694599e-06
       55 -1.216328e-04
       56 -3.642851e-04
       57 -5.711334e-05
       58 -6.296162e-05
       59 -7.190380e-04
       60 -1.373320e-05
       61 -1.098410e-04
       62 -2.421171e-04
       63 -3.179056e-05
       64 -2.223019e-05
       65 -9.773762e-06
       66 -1.170901e-05
       67 -1.528065e-04
       68 -6.367708e-06
       69 -6.391356e-04
       70  1.613364e-04
       71 -1.043845e-04
       72 -4.329810e-07
       73 -4.180037e-05
       74 -2.152798e-04
       75  1.660176e-04
       76  3.523678e-05
       77  1.406217e-04
       78  1.692909e-04
       79 -6.549574e-06
       80 -1.905614e-04
       81 -5.204286e-04
       82 -4.841150e-04
       83 -1.666266e-04
       84  4.327501e-05
       85  5.750768e-08
       86 -8.422521e-05
       87 -1.015238e-04
       88 -3.345983e-05
       89 -1.187594e-05
       90 -2.322470e-06
       91 -1.463081e-04
       92 -6.712980e-06
       93 -1.064556e-04
       94 -4.785110e-05
       95 -4.733279e-04
       96  9.231115e-05
       97 -1.796053e-04
       98 -6.491702e-07
       99 -4.029521e-04
      100  3.305764e-05
      101  1.989282e-04
      102 -3.076611e-04
      103 -1.788556e-04
      104 -9.849982e-04
      105  4.222200e-05
      106  1.395687e-04
      107  2.317140e-04
      108  4.732117e-05
      109  3.741714e-05
      110 -3.948914e-05
      111 -6.166453e-06
      112 -1.210022e-04
      113 -3.061801e-05
      114  1.420399e-04
      115 -1.318826e-04
      116  2.907675e-05
      117  1.000341e-04
      118  3.550318e-05
      119  1.685242e-04
      120  2.190472e-04
      121 -5.488259e-05
      122 -3.214287e-05
      123 -4.484391e-04
      124 -1.102103e-05
      125  1.685808e-04
      126  2.470049e-04
      127  1.834827e-04
      128 -1.110798e-04
      129  2.614508e-05
      130  8.319829e-06
      131  1.665400e-03
      132 -2.218829e-04
      133 -2.033558e-04
      134 -1.049631e-05
      135 -1.558142e-04
      136 -9.922678e-06
      137 -1.180741e-05
      138  1.044700e-06
      139 -4.192916e-05
      140 -1.827742e-06
      141 -1.327716e-05
      142 -1.450989e-05
      143 -1.046250e-04
      144  7.261440e-06
      145 -6.397929e-05
      146 -8.371142e-05
      147 -1.974963e-04
      148  3.416525e-04
      149  2.061257e-04
      150 -3.904730e-04
      151 -1.882522e-05
      152 -1.237199e-04
      153 -5.583957e-05
      154 -1.221556e-03
      155 -1.258227e-04
      156 -6.524635e-07
      157 -3.156650e-05
      158 -2.232502e-04
      159 -3.257687e-04