pos          info
        0  2.776732e-05
        1  3.875412e-06
        2 -1.509158e-04
        3  7.807165e-08
        4 -2.229543e-05
        5  2.267726e-04
        6 -2.426493e-05
        7 -3.342345e-04
        8  1.496588e-05
        9  2.755415e-04
       10  4.642659e-05
       11  1.145578e-04
       12 -1.514908e-05
       13 -9.330065e-08
       14  7.620881e-08
       15  3.185986e-04
       16  7.284141e-08
       17  4.308346e-04
       18 -1.805624e-04
       19  1.419050e-04
       20  3.742831e-04
       21  1.005561e-05
       22  1.955026e-05
       23 -2.079093e-04
       24  5.800342e-05
       25  2.264962e-05
       26 -5.065520e-05
       27 -3.027196e-06
       28 -4.768741e-05
       29 -9.334313e-05
       30 -7.373995e-06
       31  6.039297e-04
       32  8.328110e-06
       33  7.780044e-05
       34  1.591364e-04
       35 -6.496661e-08
       36 -1.185449e-04
       37  3.949701e-04
       38 -3.892603e-05
       39 -2.573557e-05
       40  4.658351e-05
       41  3.588167e-05
       42 -5.033471e-05
       43  1.725543e-06
       44 -3.307079e-05
       45  1.456477e-06
       46  3.131773e-07
       47  1.937510e-04
       48  8.999011e-05
       49 -1.753700e-06
       50 -8.219753e-05
       51 -8.013965e-05
       52 -9.735352e-05
       53  2.572969e-05
       54  1.283734e-06
       55  1.123610e-05
       56 -3.561087e-05
       57 -2.431510e-05
       58 -1.190560e-04
       59  4.744921e-05
       60 -6.440488e-05
       61  6.674933e-09
       62 -4.641542e-05
       63  1.597893e-07
       64 -3.785802e-04
       65  5.730019e-04
       66  9.986239e-08
       67 -1.580733e-04
       68 -5.115475e-04
       69 -3.980007e-05
       70 -1.396749e-04
       71 -4.942157e-05
       72 -2.111878e-04
       73  7.791338e-05
       74  9.806029e-04
       75  9.427462e-05
       76  3.947890e-06
       77  1.823014e-04
       78 -5.036915e-06
       79 -3.200335e-07
       80 -3.947052e-05
       81 -9.724940e-07
       82  1.136976e-05
       83 -1.033180e-07
       84  1.809389e-05
       85 -3.438374e-04
       86  3.266504e-05
       87  9.535712e-05
       88  2.100344e-04
       89 -1.262312e-04
       90  2.150979e-05
       91 -6.655110e-06
       92 -1.127282e-04
       93  2.421878e-06
       94 -2.966345e-04
       95  1.563480e-05
       96 -1.106869e-04
       97  3.197917e-05
       98 -1.426493e-04
       99  4.639859e-04
      100  1.366925e-04
      101  1.744014e-06
      102 -5.185817e-05
      103 -3.374146e-04
      104  1.424765e-04
      105 -2.239219e-03
      106  3.856719e-04
      107  3.758993e-05
      108 -1.803687e-04
      109 -7.471471e-04
      110 -7.671633e-04
      111 -1.074161e-04
      112  2.241078e-04
      113 -1.709455e-04
      114 -2.960308e-08
      115  3.871714e-04
      116 -1.967638e-05
      117 -4.199206e-04
      118  6.048789e-06
      119 -6.011355e-04
      120 -5.171821e-05
      121 -2.647197e-05
      122 -7.492483e-06
      123  1.932196e-04
      124  8.710231e-05
      125 -3.466580e-05
      126 -3.218806e-05
      127  1.047548e-05
      128 -2.485724e-04
      129 -1.610579e-04
      130  6.050080e-04
      131 -3.789336e-03
      132  2.771677e-04
      133  4.478116e-05
      134 -5.463776e-05
      135 -3.663092e-05
      136  2.202558e-05
      137  2.419520e-05
      138  1.602237e-04
      139  1.963584e-04
      140 -4.756581e-05
      141  1.169806e-04
      142 -3.792657e-06
      143 -1.539051e-04
      144  6.991750e-05
      145 -8.778050e-05
      146 -4.076247e-05
      147  3.891404e-05
      148  1.648138e-05
      149 -4.967051e-05
      150 -3.951336e-05
      151  1.483449e-05
      152 -9.211531e-04
      153  3.734158e-04
      154 -8.607116e-05
      155  2.406768e-04
      156 -4.683717e-06
      157 -4.429610e-04
      158  9.704235e-04
      159 -1.446043e-04