pos          info
        0 -8.491708e-04
        1 -3.845553e-04
        2  1.833569e-05
        3  9.776663e-06
        4  7.647457e-05
        5 -2.930902e-04
        6  6.018699e-05
        7  7.169903e-04
        8 -1.012402e-05
        9 -5.183248e-06
       10  1.714505e-05
       11  2.642111e-04
       12  1.314325e-06
       13  1.022367e-06
       14  5.219988e-04
       15 -2.745312e-05
       16  1.596641e-04
       17 -1.894519e-05
       18  4.021774e-04
       19 -1.124817e-05
       20 -1.731250e-07
       21  3.316261e-04
       22  4.897699e-06
       23 -3.702783e-05
       24 -1.760772e-04
       25 -1.073571e-04
       26 -3.378845e-06
       27 -1.731421e-04
       28 -2.603500e-04
       29 -1.311954e-04
       30  1.222221e-04
       31  1.660094e-04
       32  6.634056e-05
       33  5.498948e-05
       34 -1.658467e-04
       35  2.408805e-04
       36  7.571320e-05
       37  2.815159e-04
       38  5.279780e-04
       39 -1.003319e-04
       40  1.396229e-05
       41  5.924420e-05
       42  1.602793e-05
       43 -7.078764e-06
       44 -5.202046e-05
       45  2.410728e-04
       46  2.473180e-04
       47 -3.404937e-06
       48 -3.182503e-04
       49  1.081338e-04
       50  2.791634e-04
       51 -5.161710e-08
       52 -3.422781e-04
       53  1.191252e-05
       54  1.586835e-05
       55 -2.797301e-04
       56 -4.260570e-04
       57 -2.572565e-05
       58  1.467200e-04
       59 -3.865121e-04
       60 -4.611240e-07
       61 -7.740338e-07
       62 -9.995192e-05
       63  4.144637e-05
       64  2.768797e-05
       65  2.691026e-04
       66  1.599659e-04
       67 -7.070660e-06
       68  3.818137e-04
       69  2.039444e-04
       70 -9.301413e-04
       71 -3.294907e-05
       72 -2.660730e-05
       73  1.962273e-04
       74  1.175005e-04
       75 -4.236288e-07
       76  3.399684e-04
       77  4.229586e-04
       78  4.726233e-08
       79 -2.763215e-05
       80 -3.311614e-06
       81  2.966658e-05
       82  3.776731e-04
       83 -2.931761e-04
       84  1.543717e-06
       85  1.273030e-04
       86  1.811345e-05
       87 -7.290038e-04
       88 -1.074378e-03
       89 -5.054655e-04
       90  3.160195e-04
       91 -1.914843e-04
       92  4.507500e-05
       93  8.883831e-04
       94 -1.068630e-04
       95 -1.800715e-04
       96 -5.438145e-04
       97  5.276093e-04
       98  1.970152e-04
       99  1.075420e-06
      100  6.024400e-06
      101 -2.376355e-06
      102  2.563930e-04
      103  3.790445e-05
      104 -1.074275e-05
      105  1.047094e-04
      106 -9.130765e-05
      107  7.876325e-05
      108  1.524581e-05
      109  1.886982e-06
      110 -1.118022e-05
      111  7.698878e-05
      112  1.916425e-04
      113  7.344177e-05
      114 -8.685296e-05
      115  2.646403e-04
      116 -8.225379e-05
      117 -1.077661e-04
      118 -4.617894e-05
      119 -7.333056e-06
      120 -1.193992e-05
      121 -4.827679e-05
      122  4.564301e-04
      123  3.857799e-04
      124 -3.768726e-05
      125 -1.078062e-05
      126  1.244621e-04
      127 -1.900449e-05
      128 -5.101018e-05
      129 -3.312948e-05
      130 -5.358076e-05
      131 -1.604368e-05
      132 -4.885571e-04
      133 -5.530887e-06
      134 -3.065243e-06
      135  5.875887e-06
      136  4.920883e-04
      137 -1.029835e-05
      138  7.082178e-06
      139 -1.275260e-06
      140  6.345788e-05
      141 -1.832318e-06
      142 -3.527030e-05
      143 -3.105175e-05
      144  3.695654e-05
      145 -4.314180e-07
      146  8.545142e-05
      147 -8.507711e-07
      148 -1.203071e-06
      149 -4.201535e-05
      150  5.899241e-05
      151 -4.315826e-06
      152 -5.385853e-04
      153  6.276505e-05
      154 -3.777336e-05
      155 -3.469116e-05
      156  2.666824e-04
      157  2.561654e-05
      158  1.317266e-04
      159 -3.279366e-07