pos          info
        0  1.979295e-05
        1  1.083584e-05
        2  9.718500e-05
        3  5.165471e-05
        4  3.624560e-06
        5  4.964818e-05
        6 -2.878706e-04
        7  1.917074e-04
        8  1.015974e-08
        9 -7.560754e-05
       10  1.549877e-04
       11  5.333725e-06
       12  2.323035e-06
       13  2.628509e-06
       14  3.613270e-04
       15 -1.952613e-06
       16 -1.077039e-04
       17  9.961454e-06
       18  5.883392e-05
       19  1.145453e-03
       20 -4.546268e-05
       21 -3.347057e-05
       22 -9.601567e-05
       23 -1.774331e-04
       24 -1.033952e-06
       25 -1.690360e-05
       26  5.592813e-06
       27  1.747452e-04
       28 -3.953553e-04
       29  2.387769e-06
       30 -2.671053e-05
       31  2.616407e-04
       32 -4.642371e-05
       33 -1.375828e-04
       34 -6.566091e-04
       35 -2.825769e-05
       36  4.055512e-04
       37 -1.366244e-03
       38  8.237615e-05
       39 -2.372414e-06
       40 -7.209366e-06
       41 -8.516387e-06
       42 -4.444959e-05
       43  8.031120e-04
       44  1.330747e-04
       45  6.493832e-05
       46  1.617525e-04
       47  3.396176e-05
       48  1.009179e-04
       49  1.041166e-04
       50  9.341646e-06
       51  1.147720e-04
       52 -9.870476e-05
       53 -1.360937e-05
       54 -2.909605e-05
       55  2.486017e-04
       56  4.115671e-05
       57  1.466671e-04
       58  4.488842e-05
       59  4.899953e-04
       60 -3.927991e-07
       61 -4.197707e-04
       62  3.661029e-04
       63  1.607509e-05
       64  3.140620e-04
       65 -1.273901e-05
       66  5.799999e-04
       67  1.917610e-04
       68 -7.002834e-06
       69 -4.318900e-05
       70 -1.872650e-04
       71 -7.102349e-05
       72 -2.406802e-04
       73 -1.273364e-09
       74 -1.104933e-05
       75 -4.567491e-06
       76 -1.927862e-05
       77 -2.348215e-04
       78  1.332876e-04
       79  7.377303e-05
       80  4.158615e-05
       81  4.024017e-06
       82  4.653737e-05
       83 -1.035808e-05
       84 -1.235180e-05
       85 -2.521582e-04
       86 -7.942955e-06
       87 -3.665101e-04
       88  1.186168e-04
       89  2.916456e-05
       90  4.306617e-04
       91  8.260641e-05
       92 -4.711129e-04
       93 -1.268296e-04
       94 -9.672573e-05
       95 -1.221229e-04
       96 -6.366654e-04
       97 -1.949687e-04
       98 -1.311904e-05
       99 -2.016177e-04
      100 -4.294074e-05
      101  4.914177e-04
      102  1.803497e-05
      103  5.360814e-05
      104 -8.865352e-06
      105 -1.391515e-05
      106 -1.405214e-05
      107 -1.276256e-05
      108 -3.059651e-06
      109 -1.515029e-04
      110 -3.192262e-04
      111  8.243939e-05
      112  3.889974e-05
      113  5.196037e-04
      114 -3.220686e-05
      115  2.434148e-04
      116  3.258312e-06
      117  8.342588e-04
      118 -1.581312e-04
      119 -3.468672e-04
      120 -1.990038e-04
      121 -3.153821e-06
      122 -5.189464e-05
      123 -3.410449e-04
      124 -5.509226e-06
      125 -3.138273e-04
      126 -6.628640e-05
      127 -3.084793e-05
      128  2.893670e-04
      129  1.469370e-05
      130  5.115831e-05
      131  5.021713e-08
      132  1.982778e-05
      133  1.052211e-03
      134  3.437576e-04
      135  6.075304e-06
      136  9.870609e-04
      137  1.326654e-07
      138 -2.889551e-07
      139 -1.668688e-06
      140 -4.894955e-05
      141 -5.926848e-05
      142  3.547455e-06
      143  6.276806e-06
      144  3.586520e-04
      145 -2.683737e-05
      146 -1.024027e-04
      147  8.367113e-05
      148  4.707863e-04
      149 -2.402916e-04
      150 -1.868851e-05
      151 -3.821217e-05
      152  4.243128e-05
      153  1.329562e-04
      154  3.508987e-04
      155  1.012529e-04
      156  2.739963e-05
      157 -2.374777e-08
      158 -9.808571e-05
      159 -7.788421e-04