pos          info
        0  7.744888e-05
        1  1.508858e-04
        2  1.254869e-04
        3  6.478453e-07
        4 -2.044618e-06
        5  1.320864e-04
        6  2.029818e-04
        7  5.253774e-05
        8 -1.791646e-05
        9 -7.202882e-06
       10  6.275577e-05
       11 -6.295276e-05
       12 -8.704786e-05
       13 -7.438088e-05
       14 -9.308866e-06
       15 -3.928884e-06
       16  3.768711e-05
       17  1.039036e-04
       18  1.155362e-04
       19  3.759780e-04
       20  3.044378e-04
       21  3.155825e-04
       22 -4.863553e-05
       23 -3.748028e-05
       24 -4.366486e-05
       25  2.586391e-05
       26  5.431577e-05
       27  4.631221e-05
       28  3.774167e-05
       29  6.517942e-07
       30  4.499882e-05
       31  1.138811e-05
       32 -5.175017e-05
       33 -1.922713e-05
       34 -1.634036e-04
       35 -1.319957e-04
       36 -3.170169e-04
       37 -1.178819e-04
       38 -9.035297e-05
       39  4.500616e-05
       40  3.284644e-04
       41  3.545025e-04
       42  2.814097e-04
       43 -2.302446e-05
       44 -1.076698e-04
       45 -6.517278e-05
       46 -6.836101e-05
       47  6.345040e-05
       48  5.896853e-05
       49  6.678876e-05
       50 -1.288515e-04
       51 -1.228309e-04
       52 -1.268664e-04
       53  1.747821e-05
       54 -5.111593e-06
       55 -4.756186e-06
       56 -9.790172e-05
       57 -1.251024e-04
       58 -1.468637e-04
       59  1.966486e-05
       60  3.212241e-04
       61  3.307196e-04
       62  2.434459e-04
       63  1.046813e-05
       64  4.262434e-05
       65  5.992363e-06
       66 -1.335029e-04
       67 -1.124948e-04
       68 -8.008741e-06
       69 -7.892502e-06
       70 -1.430909e-04
       71 -1.192823e-04
       72  3.003058e-05
       73  1.241650e-04
       74 -7.523287e-05
       75 -1.042091e-04
       76 -1.875866e-04
       77 -1.093190e-04
       78 -9.651056e-05
       79 -2.095482e-05
       80  1.016541e-04
       81  2.846031e-04
       82  3.788625e-04
       83  2.786345e-04
       84  8.409919e-05
       85 -3.725269e-06
       86 -4.954552e-05
       87 -4.189387e-05
       88 -4.132048e-05
       89  2.289256e-05
       90  2.143528e-05
       91  6.737699e-05
       92  5.571239e-05
       93  4.528285e-05
       94  1.855381e-05
       95 -1.364369e-06
       96  2.400294e-05
       97 -1.410836e-04
       98 -1.288366e-04
       99 -7.159617e-05
      100  5.372976e-05
      101  2.843961e-05
      102  1.748776e-04
      103  1.942192e-04
      104  1.705909e-04
      105  1.089770e-04
      106  1.249076e-04
      107  1.971006e-04
      108  3.916976e-05
      109  5.781575e-05
      110  9.602333e-06
      111  3.410351e-06
      112  7.418712e-05
      113  1.884380e-04
      114  2.002869e-04
      115  7.040404e-05
      116 -3.825139e-05
      117  9.099445e-05
      118  4.411115e-04
      119  5.074507e-04
      120  3.888642e-04
      121  5.242735e-05
      122  8.498429e-05
      123  8.438819e-05
      124  1.068631e-04
      125  1.301875e-04
      126  2.714702e-04
      127  2.611222e-04
      128  1.537173e-04
      129 -2.157683e-04
      130 -2.068981e-04
      131 -2.032927e-04
      132 -8.275278e-06
      133  4.700832e-05
      134  3.075042e-05
      135 -1.048460e-04
      136 -1.645081e-04
      137 -3.322224e-05
      138  2.060664e-04
      139  2.069544e-04
      140 -1.252717e-05
      141 -1.037404e-04
      142 -1.084889e-04
      143 -5.932820e-04
      144 -6.155743e-04
      145 -5.958368e-04
      146 -5.110066e-05
      147 -2.728160e-04
      148 -2.751250e-04
      149 -1.814235e-04
      150  1.700262e-05
      151 -3.377999e-05
      152 -1.072986e-04
      153 -1.125619e-04
      154 -1.064269e-04
      155 -7.642628e-05
      156 -3.319128e-05
      157  0.000000e+00
      158  0.000000e+00
      159  0.000000e+00