pos          info
        0  9.001658e-04
        1  9.839339e-06
        2 -2.394063e-06
        3 -2.268764e-04
        4 -4.443277e-05
        5 -2.204044e-05
        6 -2.577226e-05
        7  3.479979e-04
        8  1.244516e-04
        9 -1.138722e-04
       10  3.215709e-04
       11  1.693202e-06
       12  1.388551e-04
       13  3.730053e-04
       14 -1.150745e-09
       15  3.353652e-05
       16 -9.758960e-05
       17  5.725975e-06
       18  4.703830e-05
       19  4.211447e-04
       20 -2.312692e-05
       21 -1.702007e-05
       22 -4.238047e-04
       23  3.653875e-05
       24  2.101807e-04
       25  1.460475e-06
       26 -4.519218e-05
       27  1.808278e-04
       28  7.559031e-09
       29  6.674925e-05
       30 -2.754886e-06
       31  1.317767e-05
       32 -1.512142e-07
       33 -1.228217e-04
       34 -9.706106e-06
       35  2.376775e-05
       36  5.187632e-04
       37 -2.032357e-05
       38 -7.758668e-08
       39 -4.618571e-05
       40 -1.324577e-05
       41 -4.490069e-06
       42 -1.541612e-04
       43  6.494234e-05
       44  7.026196e-05
       45  7.365106e-05
       46  1.870212e-04
       47 -6.171574e-06
       48 -5.885572e-07
       49 -8.939737e-06
       50  2.178088e-05
       51 -2.893695e-04
       52 -5.306006e-04
       53 -2.190410e-04
       54  1.030113e-04
       55  1.532659e-04
       56  9.581509e-05
       57  8.915525e-05
       58  8.462551e-06
       59 -1.535543e-05
       60 -7.757712e-05
       61 -2.166211e-04
       62 -1.026181e-04
       63 -2.753010e-05
       64  6.925324e-05
       65  1.516114e-05
       66  4.275750e-06
       67  2.925223e-04
       68  2.040989e-04
       69  7.804001e-06
       70  7.554633e-06
       71  4.884683e-05
       72  1.205065e-04
       73 -7.982600e-05
       74 -9.812039e-07
       75  1.434564e-05
       76  4.014492e-05
       77  2.086830e-05
       78 -9.230888e-05
       79  8.603280e-05
       80  2.257476e-05
       81  2.461973e-04
       82  2.236549e-05
       83 -3.813346e-05
       84 -6.743185e-05
       85 -1.918557e-05
       86 -3.425746e-05
       87 -4.539835e-05
       88 -9.916329e-05
       89 -4.694946e-05
       90  3.146254e-04
       91 -1.670003e-05
       92 -1.873745e-04
       93 -4.337338e-05
       94 -9.454542e-06
       95 -2.222773e-07
       96  1.895636e-07
       97  2.703046e-05
       98  3.504777e-05
       99 -7.233682e-05
      100 -6.982330e-06
      101  6.635182e-05
      102  2.143119e-05
      103  6.901734e-07
      104 -8.179706e-05
      105 -3.243531e-06
      106 -5.483346e-07
      107  2.737327e-04
      108  1.366705e-05
      109  1.231376e-04
      110  6.745065e-06
      111  1.217924e-04
      112 -1.168886e-09
      113 -4.641591e-05
      114 -2.560747e-04
      115  2.438669e-07
      116  9.846461e-04
      117 -3.991866e-04
      118 -1.696292e-05
      119 -2.382473e-04
      120 -1.751193e-05
      121  1.443536e-05
      122 -1.878832e-05
      123 -1.795679e-04
      124 -3.978504e-04
      125  3.957846e-05
      126 -6.966529e-06
      127 -3.372692e-05
      128 -6.981683e-07
      129 -1.707608e-04
      130 -6.835837e-06
      131  4.149025e-06
      132  8.455050e-06
      133  3.692747e-04
      134  6.948074e-05
      135  7.164628e-05
      136  2.105027e-04
      137 -9.727667e-05
      138 -2.119782e-04
      139 -8.685224e-05
      140 -3.350675e-05
      141  1.366069e-05
      142  1.883530e-05
      143  1.742786e-04
      144  2.349550e-05
      145 -4.062467e-04
      146  2.094447e-04
      147  3.598331e-08
      148  5.509283e-04
      149 -2.204717e-07
      150 -5.803114e-05
      151 -6.459340e-05
      152  3.037301e-05
      153  1.414909e-05
      154  7.920788e-05
      155  2.972572e-07
      156  7.801382e-05
      157 -2.832378e-05
      158 -3.083515e-05
      159 -6.787152e-05