pos          info
        0  3.170053e-04
        1  1.750860e-04
        2  1.513316e-03
        3  7.785639e-04
        4  6.039259e-05
        5  7.718042e-04
        6 -4.633254e-03
        7  3.049088e-03
        8  1.399635e-06
        9 -1.286457e-03
       10  2.402663e-03
       11  8.601686e-05
       12  1.363728e-05
       13  2.504867e-05
       14  6.034548e-03
       15 -2.742873e-05
       16 -1.714706e-03
       17  1.391871e-04
       18  9.150824e-04
       19  1.927733e-02
       20 -7.139608e-04
       21 -5.618465e-04
       22 -1.503341e-03
       23 -2.829541e-03
       24 -1.414089e-05
       25 -2.427635e-04
       26  8.226620e-05
       27  2.725561e-03
       28 -5.926407e-03
       29  3.417339e-05
       30 -4.732467e-04
       31  4.167411e-03
       32 -7.265473e-04
       33 -1.964340e-03
       34 -9.857408e-03
       35 -4.496418e-04
       36  6.768704e-03
       37 -1.962034e-02
       38  1.333155e-03
       39 -3.512664e-05
       40 -6.782833e-05
       41 -1.500667e-04
       42 -7.050650e-04
       43  1.189881e-02
       44  2.240085e-03
       45  1.045601e-03
       46  2.608863e-03
       47  5.367322e-04
       48  1.553882e-03
       49  1.680408e-03
       50  9.742753e-05
       51  1.854329e-03
       52 -1.752875e-03
       53 -1.851338e-04
       54 -4.365161e-04
       55  3.858784e-03
       56  7.026352e-04
       57  2.269243e-03
       58  6.950410e-04
       59  8.096082e-03
       60 -7.696881e-06
       61 -7.064241e-03
       62  5.717108e-03
       63  2.658405e-04
       64  5.137265e-03
       65 -1.899702e-04
       66  8.706270e-03
       67  3.054135e-03
       68 -1.113707e-04
       69 -7.000961e-04
       70 -2.929945e-03
       71 -1.128827e-03
       72 -3.683754e-03
       73 -1.308136e-07
       74 -1.920777e-04
       75 -4.936453e-05
       76 -3.150031e-04
       77 -3.626913e-03
       78  2.168736e-03
       79  1.197657e-03
       80  6.639839e-04
       81  7.255720e-05
       82  7.478428e-04
       83 -1.536042e-04
       84 -1.990795e-04
       85 -4.047315e-03
       86 -1.279048e-04
       87 -5.551869e-03
       88  1.874608e-03
       89  4.675333e-04
       90  7.205089e-03
       91  1.166128e-03
       92 -7.780818e-03
       93 -1.907332e-03
       94 -1.558401e-03
       95 -2.049814e-03
       96 -1.083789e-02
       97 -2.997121e-03
       98 -1.773630e-04
       99 -3.105412e-03
      100 -7.903668e-04
      101  7.498150e-03
      102  2.887162e-04
      103  8.497692e-04
      104 -1.439740e-04
      105 -2.184405e-04
      106 -2.307597e-04
      107 -2.097868e-04
      108 -4.877629e-05
      109 -2.346055e-03
      110 -4.862727e-03
      111  1.247055e-03
      112  6.122016e-04
      113  8.195054e-03
      114 -5.590192e-04
      115  3.794138e-03
      116  5.829542e-05
      117  1.419106e-02
      118 -2.448659e-03
      119 -5.455860e-03
      120 -3.183249e-03
      121 -4.214439e-05
      122 -8.243458e-04
      123 -5.206474e-03
      124 -9.302679e-05
      125 -4.872345e-03
      126 -1.068641e-03
      127 -5.162629e-04
      128  4.563269e-03
      129  2.481919e-04
      130  8.239850e-04
      131  6.589853e-07
      132  3.146645e-04
      133  1.812052e-02
      134  5.535566e-03
      135  8.573687e-05
      136  1.635540e-02
      137  5.623253e-08
      138 -2.032229e-06
      139 -2.497282e-05
      140 -7.768549e-04
      141 -9.348395e-04
      142  4.072474e-05
      143  1.002036e-04
      144  5.427873e-03
      145 -4.175492e-04
      146 -1.642276e-03
      147  1.309788e-03
      148  7.945516e-03
      149 -3.971019e-03
      150 -3.554380e-04
      151 -6.022578e-04
      152  6.338328e-04
      153  2.116607e-03
      154  5.754226e-03
      155  1.641458e-03
      156  4.778196e-04
      157 -1.497354e-07
      158 -1.526069e-03
      159 -1.308717e-02