pos          info
        0 -4.269906e-05
        1  1.554870e-05
        2  1.349369e-05
        3 -1.122854e-05
        4 -5.515433e-06
        5  3.753275e-05
        6  4.237075e-05
        7  4.084333e-05
        8  7.004566e-06
        9  1.032765e-05
       10  1.141905e-05
       11 -1.828721e-04
       12 -1.956909e-04
       13 -1.939398e-04
       14 -7.786883e-05
       15 -3.029668e-06
       16 -7.431204e-06
       17  3.739725e-05
       18 -3.740737e-05
       19  1.599293e-05
       20  4.402804e-05
       21  4.445294e-05
       22 -5.381644e-06
       23  2.026914e-06
       24  2.372830e-05
       25  6.622287e-06
       26  1.728455e-05
       27 -5.631226e-05
       28 -3.908924e-05
       29 -8.207809e-05
       30  2.617796e-06
       31 -6.131714e-06
       32  1.571324e-05
       33  2.542762e-05
       34  2.438890e-06
       35  2.704116e-07
       36 -3.357181e-05
       37 -3.242261e-06
       38  4.662551e-06
       39 -7.475478e-09
       40  1.101048e-05
       41  6.299334e-06
       42 -5.570193e-06
       43 -1.754537e-05
       44 -1.509544e-05
       45 -2.492330e-07
       46 -1.172145e-05
       47  3.973689e-06
       48 -7.927097e-07
       49  3.199123e-05
       50  4.842989e-07
       51  4.677765e-06
       52 -3.946556e-06
       53  5.531889e-06
       54  2.367346e-05
       55  3.897425e-05
       56  1.370227e-05
       57  3.422867e-06
       58  1.726023e-05
       59  4.612446e-05
       60  3.034076e-05
       61 -6.707685e-06
       62 -5.273575e-05
       63 -1.761278e-05
       64 -5.520022e-05
       65 -1.019682e-04
       66 -2.793460e-04
       67 -2.212440e-04
       68 -1.131651e-04
       69  4.518907e-05
       70 -8.705671e-05
       71 -9.609771e-05
       72 -9.561716e-05
       73  1.226318e-05
       74 -1.085445e-06
       75  1.268206e-05
       76  2.541579e-05
       77  2.590059e-05
       78  6.353622e-05
       79  4.497541e-05
       80  4.045792e-05
       81 -9.603121e-06
       82  3.405250e-05
       83  4.209807e-05
       84  2.862318e-05
       85 -3.968957e-06
       86  1.770174e-05
       87  9.759112e-05
       88  1.090024e-04
       89  9.071429e-05
       90  1.097393e-04
       91  1.009951e-04
       92  1.544066e-04
       93  4.456163e-05
       94  3.821407e-05
       95  2.093187e-05
       96  3.485320e-05
       97  2.083069e-05
       98 -1.530558e-05
       99  6.206988e-06
      100  3.678962e-05
      101 -1.235870e-05
      102 -1.743969e-05
      103 -3.556557e-05
      104 -9.630117e-06
      105 -3.198089e-05
      106 -3.060483e-05
      107  1.973247e-05
      108  2.567525e-05
      109  1.116429e-04
      110  8.680234e-05
      111  8.817586e-05
      112  3.040154e-05
      113  4.159565e-05
      114  1.393551e-06
      115  6.628473e-06
      116 -1.345020e-05
      117  3.152256e-05
      118  1.787553e-05
      119 -1.072404e-05
      120 -1.956338e-06
      121 -4.117662e-05
      122  4.158772e-05
      123  5.915468e-05
      124  5.885755e-05
      125  3.781493e-05
      126  1.210009e-05
      127  2.147145e-05
      128  4.211507e-05
      129  4.136885e-05
      130  5.757192e-05
      131 -3.774992e-06
      132 -8.305245e-06
      133 -4.064507e-06
      134 -2.610331e-05
      135 -2.295842e-05
      136 -2.985434e-05
      137 -7.603447e-05
      138 -7.929230e-05
      139 -6.937410e-05
      140  7.673678e-07
      141 -2.511816e-06
      142 -1.599695e-05
      143 -6.284784e-06
      144  2.860599e-05
      145  2.106352e-05
      146 -1.308649e-05
      147 -6.027320e-05
      148 -6.085645e-05
      149  7.080575e-06
      150  2.137313e-05
      151  2.977255e-05
      152 -4.663065e-06
      153 -3.026611e-05
      154 -3.165519e-05
      155 -5.139374e-05
      156 -2.305990e-05
      157  0.000000e+00
      158  0.000000e+00
      159  0.000000e+00