pos          info
        0 -5.754091e-06
        1 -9.032509e-06
        2  2.599405e-06
        3 -8.428716e-06
        4 -4.098723e-05
        5 -3.958389e-05
        6 -6.037779e-05
        7 -3.754511e-06
        8  1.796375e-05
        9  4.098021e-05
       10  2.648835e-05
       11 -3.004467e-07
       12  2.406837e-06
       13 -1.341973e-05
       14  4.428987e-05
       15  4.153956e-05
       16  3.410175e-05
       17 -2.797770e-06
       18  4.895639e-06
       19  1.226754e-04
       20  3.661848e-05
       21  3.120285e-05
       22 -6.940278e-05
       23  3.771475e-05
       24  3.868826e-05
       25  3.752512e-05
       26  5.061563e-05
       27  6.951396e-05
       28  7.780171e-05
       29  4.106444e-05
       30  2.190581e-05
       31  5.591715e-05
       32  4.110147e-05
       33  3.719403e-05
       34 -4.181337e-06
       35 -3.928851e-06
       36  1.487000e-05
       37  1.644314e-05
       38 -7.145387e-06
       39 -2.368559e-05
       40 -2.515327e-05
       41  1.861692e-06
       42  2.923009e-06
       43  8.306304e-06
       44  2.350903e-05
       45  2.908563e-05
       46  3.996745e-05
       47  2.292283e-05
       48  1.794412e-05
       49  2.896508e-06
       50  7.617008e-05
       51  7.493750e-05
       52  1.015060e-04
       53  3.519221e-05
       54  2.959500e-05
       55 -2.046112e-05
       56 -3.191957e-05
       57 -3.612380e-06
       58  2.594727e-05
       59  4.617457e-05
       60  1.081446e-05
       61 -5.558391e-06
       62 -8.732799e-05
       63 -7.343956e-05
       64 -9.945490e-05
       65  4.182056e-05
       66  3.610571e-05
       67  7.432932e-05
       68  4.701728e-05
       69  4.334794e-05
       70  7.188210e-05
       71  1.687057e-05
       72  7.371579e-05
       73  4.196895e-05
       74 -1.691293e-05
       75 -8.520096e-05
       76 -1.044095e-04
       77 -3.941004e-05
       78  1.504871e-03
       79  2.285173e-03
       80  3.458955e-03
       81  3.419194e-03
       82  3.984747e-03
       83  2.811007e-03
       84  1.145602e-03
       85 -1.382112e-04
       86 -1.801092e-04
       87 -7.422909e-05
       88 -1.131286e-04
       89 -1.647542e-04
       90 -1.810016e-04
       91 -3.322533e-04
       92 -2.324689e-04
       93 -1.210838e-04
       94  3.839071e-05
       95  2.749858e-05
       96 -6.619386e-05
       97 -1.236256e-04
       98 -1.627557e-04
       99 -7.607299e-05
      100 -3.933904e-05
      101  1.411665e-03
      102  3.237032e-03
      103  3.532519e-03
      104  2.127274e-03
      105  2.846991e-04
      106  1.581035e-03
      107  1.487260e-03
      108  1.290685e-03
      109 -3.476120e-04
      110 -3.963989e-04
      111 -2.659931e-04
      112 -3.788334e-04
      113 -3.668961e-04
      114 -3.255200e-04
      115 -4.516257e-04
      116 -3.037900e-04
      117 -4.643936e-04
      118 -4.677827e-04
      119 -7.925192e-04
      120 -6.955061e-04
      121 -5.245989e-04
      122 -5.153349e-04
      123 -5.334239e-04
      124 -4.060921e-04
      125 -1.292453e-04
      126 -3.480067e-05
      127 -2.389688e-05
      128  3.393419e-05
      129  2.225284e-04
      130  2.980568e-04
      131  2.566190e-04
      132  1.080111e-04
      133  2.887213e-05
      134  2.214469e-05
      135  3.150363e-05
      136  3.319910e-05
      137  6.095365e-05
      138  2.743905e-05
      139  9.113209e-05
      140  7.467070e-05
      141  1.253717e-04
      142  5.841304e-05
      143  4.689418e-05
      144 -1.902818e-06
      145 -3.365654e-07
      146  8.727395e-06
      147  2.985294e-05
      148  6.368876e-05
      149  4.481785e-05
      150  1.203676e-04
      151  8.277293e-05
      152  2.141545e-04
      153  1.167038e-04
      154  1.145954e-04
      155 -2.455902e-05
      156 -2.843548e-05
      157  0.000000e+00
      158  0.000000e+00
      159  0.000000e+00