pos       info
        0   0.003702
        1  -0.003147
        2   0.000603
        3   0.002040
        4   0.001548
        5   0.006008
        6   0.005586
        7  -0.000583
        8  -0.003254
        9  -0.009198
       10  -0.004433
       11  -0.001629
       12  -0.006378
       13   0.010488
       14  -0.004006
       15   0.005715
       16  -0.004732
       17  -0.007318
       18  -0.003445
       19  -0.001278
       20   0.003976
       21  -0.012404
       22  -0.006614
       23  -0.000136
       24  -0.002497
       25  -0.002646
       26  -0.003099
       27  -0.000250
       28  -0.003138
       29  -0.007560
       30  -0.003422
       31  -0.010864
       32  -0.007167
       33  -0.012353
       34   0.001212
       35   0.000708
       36  -0.005481
       37  -0.001107
       38   0.008304
       39   0.005082
       40   0.011089
       41  -0.001967
       42  -0.002576
       43  -0.009233
       44  -0.001529
       45  -0.011343
       46  -0.014185
       47   0.000195
       48  -0.002317
       49  -0.004684
       50  -0.009949
       51  -0.007807
       52  -0.009093
       53   0.002621
       54   0.001105
       55   0.003802
       56   0.003903
       57  -0.002260
       58  -0.000234
       59  -0.008723
       60  -0.009675
       61  -0.000170
       62  -0.003465
       63   0.000552
       64   0.008156
       65  -0.004149
       66   0.003647
       67  -0.008355
       68  -0.002911
       69  -0.002900
       70  -0.008687
       71  -0.005616
       72  -0.009584
       73  -0.003974
       74  -0.010155
       75   0.003369
       76   0.015290
       77   0.004962
       78  -0.000408
       79  -0.007135
       80  -0.077034
       81  -0.051820
       82  -0.063342
       83  -0.064531
       84  -0.056291
       85   0.008368
       86   0.015475
       87   0.002569
       88  -0.005642
       89   0.006072
       90   0.002632
       91   0.019414
       92   0.005989
       93   0.018678
       94  -0.007803
       95  -0.003696
       96   0.010865
       97   0.005741
       98   0.010739
       99   0.012664
      100   0.006377
      101  -0.001902
      102  -0.011201
      103  -0.072661
      104  -0.070954
      105  -0.030991
      106  -0.003521
      107  -0.010791
      108  -0.072416
      109   0.016764
      110   0.022638
      111   0.007217
      112   0.018506
      113   0.014968
      114   0.012420
      115   0.012521
      116   0.014894
      117   0.015230
      118   0.001099
      119   0.012194
      120   0.018601
      121   0.027383
      122   0.008752
      123   0.016734
      124   0.011955
      125   0.018686
      126   0.004808
      127   0.001962
      128  -0.007934
      129  -0.001165
      130  -0.014529
      131  -0.018841
      132  -0.006344
      133  -0.001400
      134  -0.002174
      135  -0.002985
      136  -0.002598
      137  -0.002579
      138  -0.006233
      139  -0.005209
      140  -0.006964
      141  -0.012291
      142  -0.004145
      143  -0.010719
      144  -0.005336
      145  -0.000195
      146  -0.005153
      147  -0.011034
      148  -0.001016
      149  -0.010035
      150  -0.003279
      151  -0.002788
      152  -0.011743
      153  -0.003761
      154  -0.009319
      155  -0.006365
      156   0.004371
      157  -0.001883
      158  -0.000448
      159  -0.001225