pos          info
        0  3.562985e-05
        1  1.454801e-04
        2  1.776941e-05
        3  1.027988e-07
        4 -1.256822e-08
        5  1.926618e-05
        6  1.640609e-05
        7 -3.816430e-06
        8  2.082809e-05
        9 -3.075039e-05
       10 -8.192272e-05
       11 -3.821908e-05
       12 -1.524678e-04
       13  1.070385e-04
       14 -3.024139e-05
       15  2.602637e-05
       16 -1.341049e-04
       17  8.167711e-06
       18  1.337443e-06
       19  3.661534e-06
       20 -2.030456e-06
       21 -3.316275e-04
       22  1.175528e-04
       23  8.829893e-08
       24  5.436980e-06
       25  9.892998e-07
       26 -8.764192e-06
       27  3.022404e-05
       28 -4.977225e-05
       29 -4.865721e-07
       30 -4.816992e-05
       31 -3.536159e-04
       32  5.879201e-06
       33 -1.475947e-04
       34  4.589975e-06
       35  3.530381e-05
       36  1.905642e-04
       37  8.356838e-06
       38 -1.469130e-04
       39  6.589258e-06
       40  2.978060e-04
       41 -1.297864e-06
       42  6.942923e-05
       43 -9.740792e-05
       44  6.231316e-05
       45 -1.148558e-04
       46 -4.115980e-05
       47 -2.115661e-07
       48 -1.317133e-04
       49  4.186782e-07
       50 -2.034791e-05
       51  4.819512e-05
       52 -1.214308e-04
       53  4.771516e-10
       54 -5.242654e-05
       55  4.216133e-05
       56  4.117795e-06
       57 -7.392714e-06
       58 -5.567182e-06
       59 -1.302702e-04
       60 -2.282119e-06
       61 -7.195161e-06
       62  6.163885e-05
       63  9.428753e-06
       64  3.680878e-06
       65  5.083006e-06
       66  1.050899e-05
       67 -4.201608e-04
       68  3.490780e-05
       69 -1.326766e-05
       70 -4.876143e-06
       71 -2.753240e-07
       72 -9.409701e-05
       73 -2.322224e-04
       74 -1.144955e-04
       75  3.843999e-06
       76  3.324042e-04
       77  3.485424e-05
       78 -5.411728e-06
       79 -6.050215e-06
       80 -7.581361e-03
       81 -3.943895e-03
       82 -5.654246e-03
       83 -4.124074e-03
       84 -4.481091e-03
       85 -3.257014e-05
       86  3.195486e-04
       87 -1.192019e-04
       88  4.161793e-04
       89  1.291487e-04
       90  6.110180e-06
       91  4.392650e-04
       92  3.758010e-04
       93  3.359803e-04
       94  1.239797e-05
       95 -5.719673e-05
       96 -5.126216e-07
       97  2.643937e-05
       98  6.631677e-04
       99  4.594761e-05
      100  7.870000e-05
      101  2.476773e-05
      102  2.828602e-05
      103 -6.091708e-03
      104 -6.238707e-03
      105 -6.084101e-04
      106  5.084293e-05
      107  6.242683e-05
      108 -7.240638e-03
      109  5.328033e-04
      110  5.820936e-04
      111  1.617713e-04
      112  4.164509e-04
      113  7.992050e-04
      114  1.841107e-04
      115  3.364147e-04
      116  1.784299e-04
      117  4.737792e-04
      118  2.187118e-05
      119  1.640047e-04
      120  8.803683e-04
      121  8.995325e-04
      122  2.487547e-04
      123  4.322766e-04
      124  2.131921e-04
      125  6.939419e-04
      126 -4.927859e-06
      127  5.970776e-05
      128  1.079008e-04
      129 -3.214043e-05
      130 -1.747577e-04
      131 -2.833196e-04
      132 -3.403435e-05
      133  2.767321e-08
      134 -5.972675e-05
      135  1.736907e-08
      136  2.286677e-05
      137 -7.617243e-05
      138 -1.778191e-04
      139 -1.240429e-04
      140 -1.552545e-04
      141 -4.274445e-05
      142 -1.663982e-05
      143 -1.475310e-04
      144 -7.154054e-05
      145  3.250385e-05
      146  9.252245e-05
      147 -2.470653e-04
      148  2.235548e-05
      149 -7.208040e-05
      150 -1.439914e-05
      151  7.746870e-05
      152 -3.426835e-04
      153 -4.113214e-06
      154 -1.275101e-04
      155 -1.224032e-05
      156 -1.364426e-05
      157  8.248840e-05
      158 -6.521999e-07
      159 -1.277767e-05