pos      val_A      val_C      val_G      val_T
   0   0.008774   0.006650  -0.011034  -0.004390
   1   0.004798   0.015662  -0.008565  -0.011894
   2  -0.009064   0.017380  -0.008182  -0.000134
   3  -0.029376   0.024809   0.002234   0.002334
   4   0.021512   0.002932   0.001284  -0.025728
   5   0.004523   0.022533  -0.023090  -0.003966
   6  -0.000176   0.005788   0.001112  -0.006724
   7   0.005764   0.008032  -0.009481  -0.004315
   8   0.008715  -0.010355   0.014045  -0.012405
   9  -0.022299  -0.008858  -0.000412   0.031568
  10  -0.000069   0.021192  -0.005657  -0.015467
  11   0.003079  -0.000303   0.006145  -0.008921
  12   0.018654  -0.022277   0.004106  -0.000484
  13  -0.022629   0.011052   0.016430  -0.004853
  14  -0.009657   0.006496   0.014517  -0.011356
  15   0.016273   0.007779  -0.012371  -0.011682
  16   0.034912   0.011478  -0.024611  -0.021778
  17   0.020247  -0.007853  -0.000438  -0.011956
  18  -0.009045   0.008814   0.034576  -0.034345
  19   0.015187  -0.003029  -0.002636  -0.009523
  20  -0.032606  -0.006456   0.033279   0.005782
  21  -0.022922   0.011823  -0.026731   0.037831
  22  -0.006158   0.013297  -0.032270   0.025131
  23  -0.009433  -0.025788   0.028473   0.006748
  24  -0.005634   0.004642  -0.006525   0.007516
  25  -0.001224  -0.004671   0.009216  -0.003321
  26   0.018151  -0.003018   0.001991  -0.017124
  27  -0.010185  -0.008600   0.000713   0.018072
  28   0.010577   0.014929  -0.030719   0.005213
  29  -0.009658  -0.005089  -0.009852   0.024598
  30  -0.004747   0.013364  -0.007866  -0.000752
  31   0.007733  -0.005436   0.008966  -0.011262
  32   0.000586  -0.001898  -0.006920   0.008231
  33  -0.023897   0.022557  -0.019449   0.020790
  34  -0.007910   0.007739   0.008005  -0.007834
  35   0.001241   0.012572   0.007916  -0.021729
  36  -0.002387   0.018053   0.000796  -0.016462
  37  -0.000792  -0.010010  -0.004914   0.015717
  38   0.003782  -0.014903   0.030918  -0.019797
  39  -0.010894  -0.012689   0.037672  -0.014089
  40  -0.003325   0.024310   0.015227  -0.036213
  41   0.001209   0.002810  -0.009884   0.005865
  42  -0.006299  -0.022162   0.030052  -0.001590
  43   0.014462  -0.007734  -0.007454   0.000726
  44   0.001821  -0.001062   0.003510  -0.004269
  45  -0.039363   0.013512   0.008903   0.016949
  46  -0.016513   0.005972  -0.002170   0.012711
  47  -0.004929   0.000791   0.016810  -0.012672
  48   0.003801  -0.001352  -0.027588   0.025139
  49   0.023374  -0.014665   0.002030  -0.010739
  50  -0.015115   0.025744   0.008783  -0.019411
  51   0.020571  -0.027232  -0.000574   0.007235
  52  -0.015483   0.016141  -0.024737   0.024079
  53   0.016174   0.013254  -0.020433  -0.008995
  54  -0.012370   0.004997  -0.012888   0.020260
  55   0.015340  -0.000800  -0.016072   0.001532
  56  -0.006007   0.017144   0.002115  -0.013251
  57   0.006597   0.004360  -0.019565   0.008608
  58  -0.005895  -0.010259  -0.003042   0.019196
  59  -0.012570   0.007302   0.027510  -0.022242
  60  -0.000671  -0.014732   0.000741   0.014663
  61  -0.010682  -0.012492   0.021073   0.002102
  62  -0.024480  -0.019678   0.003115   0.041043
  63   0.005060   0.000595  -0.010604   0.004949
  64   0.008003  -0.006268  -0.017244   0.015509
  65   0.021259  -0.013329  -0.003922  -0.004008
  66  -0.018820   0.015165   0.000894   0.002760
  67   0.027470   0.003378  -0.021541  -0.009308
  68  -0.000736   0.006331  -0.009506   0.003911
  69   0.008840  -0.028694   0.006456   0.013398
  70  -0.009037   0.026173  -0.033730   0.016594
  71   0.053575  -0.003009  -0.013822  -0.036745
  72   0.044388  -0.019203  -0.017206  -0.007979
  73   0.005471  -0.023728   0.000049   0.018207
  74   0.030082  -0.011556  -0.014736  -0.003790
  75   0.046165  -0.027275  -0.017287  -0.001603
  76   0.020800  -0.038540  -0.010245   0.027984
  77  -0.012284  -0.002730  -0.009581   0.024594
  78  -0.026071  -0.005336   0.026256   0.005151
  79  -0.000145   0.043798   0.031795  -0.075448
  80  -0.060513  -0.052678  -0.056745   0.169936
  81  -0.009018  -0.074523  -0.046929   0.130470
  82  -0.058176  -0.056903   0.141159  -0.026081
  83   0.134921  -0.030521  -0.048687  -0.055713
  84  -0.044564   0.148439  -0.051103  -0.052772
  85   0.023728  -0.024503  -0.024337   0.025112
  86  -0.037523  -0.012644   0.017906   0.032261
  87   0.004635  -0.005941  -0.035916   0.037223
  88  -0.013163   0.015732  -0.031015   0.028445
  89   0.001930   0.007390   0.010039  -0.019358
  90   0.005894  -0.009344   0.005361  -0.001912
  91   0.014554   0.027169   0.004058  -0.045781
  92   0.002161   0.045729  -0.016310  -0.031580
  93   0.010835   0.027217   0.006441  -0.044493
  94   0.023460  -0.011319  -0.014437   0.002296
  95   0.016130  -0.026504  -0.008299   0.018673
  96   0.045374  -0.051898  -0.008489   0.015013
  97  -0.012104   0.004407  -0.015355   0.023051
  98  -0.036791  -0.005980   0.005268   0.037504
  99  -0.037573  -0.005883   0.056112  -0.012656
 100  -0.017530   0.005550   0.041484  -0.029504
 101   0.003054  -0.039534   0.043769  -0.007289
 102   0.012366  -0.042176   0.010970   0.018839
 103  -0.066716  -0.049808  -0.059111   0.175634
 104   0.152582  -0.048893  -0.062526  -0.041163
 105  -0.001075  -0.023610  -0.064177   0.088862
 106   0.045516  -0.016426  -0.035672   0.006582
 107   0.040929   0.049551  -0.059481  -0.030999
 108  -0.077920  -0.035136  -0.042940   0.155996
 109   0.027448   0.021380  -0.021807  -0.027021
 110   0.036863   0.007941   0.006899  -0.051704
 111  -0.023754   0.023705   0.020257  -0.020208
 112  -0.048111   0.001573   0.019277   0.027261
 113   0.004481   0.020801  -0.018179  -0.007103
 114   0.017057  -0.015152   0.028155  -0.030061
 115   0.022377  -0.042058   0.045879  -0.026197
 116  -0.039845   0.019996   0.025496  -0.005647
 117  -0.005901   0.020660   0.031421  -0.046180
 118  -0.048012   0.013481   0.006080   0.028452
 119  -0.050519   0.023592  -0.011188   0.038115
 120   0.039600  -0.066602   0.022882   0.004120
 121   0.005915   0.040305   0.016781  -0.063000
 122  -0.026447   0.028690   0.004141  -0.006384
 123  -0.037040  -0.007983   0.012701   0.032322
 124  -0.038260  -0.019576   0.035737   0.022100
 125  -0.036273   0.009297   0.013384   0.013592
 126   0.020970  -0.018594  -0.029360   0.026984
 127   0.000532   0.013823  -0.002179  -0.012176
 128  -0.021282   0.017349   0.009819  -0.005887
 129  -0.009262   0.002641  -0.003026   0.009646
 130   0.011294   0.011781   0.004556  -0.027631
 131  -0.022936  -0.028439   0.026670   0.024705
 132  -0.008915   0.024107   0.017266  -0.032458
 133   0.045988  -0.016560  -0.036042   0.006614
 134  -0.011105  -0.011150   0.025667  -0.003411
 135   0.023326   0.005794  -0.031640   0.002519
 136  -0.018851   0.003243   0.014726   0.000882
 137   0.001259   0.019144  -0.028056   0.007653
 138   0.006624  -0.005103  -0.025809   0.024288
 139   0.013969  -0.009262  -0.011044   0.006337
 140   0.006288   0.036136  -0.026601  -0.015824
 141   0.033912  -0.014780  -0.012933  -0.006199
 142  -0.005379  -0.019619   0.013443   0.011554
 143  -0.031087   0.004614   0.020599   0.005873
 144  -0.022448   0.025863   0.000042  -0.003457
 145   0.040316  -0.020301  -0.006023  -0.013992
 146   0.003164  -0.005133   0.016430  -0.014461
 147   0.044735  -0.020331  -0.027017   0.002613
 148  -0.016753   0.009900   0.015625  -0.008772
 149   0.026070  -0.007149  -0.001623  -0.017299
 150   0.022188   0.007111  -0.030643   0.001344
 151  -0.027186  -0.008450  -0.004184   0.039819
 152  -0.023503   0.028239  -0.020331   0.015595
 153   0.006912  -0.007315   0.011195  -0.010792
 154   0.018282  -0.018416  -0.000594   0.000729
 155   0.004448   0.009096  -0.009086  -0.004457
 156   0.022066  -0.020818   0.005936  -0.007184
 157  -0.006159  -0.021247   0.026041   0.001365
 158   0.019327   0.004153  -0.010151  -0.013329
 159  -0.006814   0.014755  -0.017440   0.009499
 160  -0.013587   0.005505   0.008089  -0.000007
 161  -0.016811   0.009398   0.003532   0.003880
 162   0.007485   0.001289   0.000650  -0.009425
 163  -0.000887   0.006873   0.005299  -0.011285
 164   0.004799   0.002324   0.007042  -0.014165
 165   0.001013  -0.006448   0.003152   0.002283
 166  -0.002166   0.006376  -0.001122  -0.003088
 167   0.001093  -0.000321  -0.004281   0.003509
 168   0.013423  -0.008512   0.003541  -0.008451
 169   0.013254  -0.014074   0.007104  -0.006284
 170   0.012943  -0.005920   0.005103  -0.012126
 171   0.001779   0.001618   0.005491  -0.008888
 172   0.009108   0.000835  -0.005802  -0.004141
 173   0.016399  -0.013758  -0.000537  -0.002104
 174   0.005267  -0.000422  -0.006735   0.001890
 175   0.012381  -0.003364  -0.013551   0.004535
 176   0.014415  -0.001067  -0.017836   0.004488
 177   0.000875   0.001581  -0.013335   0.010880
 178   0.012918  -0.008871  -0.000896  -0.003151
 179   0.006312   0.006526  -0.026098   0.013259
