pos          info
        0  1.859817e-06
        1  8.690961e-07
        2  4.227976e-06
        3 -3.605850e-06
        4 -2.023386e-06
        5  2.371205e-06
        6 -7.830638e-06
        7  1.838014e-05
        8  8.747718e-05
        9  8.292376e-05
       10  1.152326e-04
       11  1.923263e-05
       12  3.386129e-05
       13 -2.180741e-05
       14  9.002155e-05
       15  9.086624e-05
       16  9.549287e-05
       17  4.418411e-06
       18  3.167207e-06
       19  1.212536e-04
       20  8.034718e-05
       21  9.315979e-05
       22 -2.171345e-06
       23  3.959853e-05
       24  2.777740e-05
       25 -2.762356e-05
       26 -2.249416e-05
       27  6.647798e-07
       28  5.493311e-05
       29  1.266227e-04
       30  1.894459e-04
       31  1.986971e-04
       32  1.265020e-04
       33  3.002463e-05
       34 -5.455500e-05
       35 -6.108187e-05
       36  3.494053e-05
       37  8.997075e-05
       38  4.173591e-05
       39 -4.310228e-05
       40 -4.664734e-05
       41  1.503834e-04
       42  1.497731e-04
       43  1.992266e-04
       44  8.248737e-05
       45  7.132888e-05
       46  1.408824e-05
       47 -1.580417e-05
       48  2.734192e-05
       49  6.185497e-05
       50  1.408800e-04
       51  1.105794e-04
       52  1.015864e-04
       53  2.176527e-05
       54 -1.343450e-05
       55 -2.742178e-05
       56 -2.125290e-05
       57  6.884552e-05
       58  6.263378e-05
       59  3.099083e-05
       60 -3.895612e-05
       61 -3.977437e-05
       62 -4.220178e-05
       63 -1.470559e-05
       64 -3.830236e-05
       65  3.369219e-05
       66  1.920379e-05
       67  5.716325e-05
       68  4.584416e-05
       69 -2.683771e-06
       70 -6.894693e-06
       71 -3.604025e-05
       72  8.315568e-05
       73  7.376482e-05
       74 -3.113373e-05
       75 -1.047291e-04
       76 -9.507693e-05
       77  9.812726e-05
       78  2.417751e-03
       79  3.699944e-03
       80  5.125080e-03
       81  4.421575e-03
       82  4.691628e-03
       83  3.205142e-03
       84  1.590982e-03
       85  2.982197e-05
       86 -2.254616e-05
       87 -3.345369e-05
       88 -1.735406e-05
       89 -8.977496e-05
       90 -1.085261e-04
       91 -1.895855e-04
       92 -9.489952e-05
       93 -5.853295e-05
       94  1.209270e-05
       95  1.098333e-05
       96 -4.970619e-05
       97 -3.354669e-05
       98 -6.389202e-05
       99 -2.118898e-05
      100 -4.051334e-04
      101  1.954982e-03
      102  4.213163e-03
      103  5.218798e-03
      104  2.886473e-03
      105  5.436145e-04
      106  2.574117e-03
      107  2.525181e-03
      108  2.593268e-03
      109 -9.348296e-05
      110 -1.392644e-04
      111 -1.106383e-04
      112 -1.463858e-04
      113 -5.451110e-05
      114 -7.889233e-05
      115 -1.582017e-04
      116 -1.378444e-04
      117 -1.957490e-04
      118 -1.919610e-04
      119 -3.986901e-04
      120 -3.571206e-04
      121 -3.007033e-04
      122 -1.371565e-04
      123 -1.431264e-04
      124 -6.234598e-05
      125 -3.323539e-05
      126 -1.284241e-05
      127 -6.402581e-05
      128 -4.615072e-05
      129  1.267382e-04
      130  1.968350e-04
      131  2.148889e-04
      132  8.197351e-05
      133  5.617860e-05
      134  3.418414e-05
      135  2.273770e-05
      136  4.604270e-05
      137  5.516657e-05
      138  5.657984e-05
      139  6.162985e-05
      140  7.378184e-05
      141  1.941062e-04
      142  1.822534e-04
      143  1.442560e-04
      144  1.651966e-05
      145  1.011005e-04
      146  1.106638e-04
      147  1.230249e-04
      148  4.421524e-05
      149  3.736590e-05
      150  6.260788e-05
      151  3.322539e-05
      152  8.026424e-05
      153  7.348590e-05
      154  8.218183e-05
      155  2.070076e-05
      156 -2.617345e-05
      157  0.000000e+00
      158  0.000000e+00
      159  0.000000e+00