pos      val_A      val_C      val_G      val_T
   0  -0.010017   0.004510  -0.013884   0.019391
   1  -0.012214   0.039161  -0.037939   0.010992
   2   0.009179  -0.064906   0.030564   0.025162
   3   0.027010  -0.007020  -0.021469   0.001478
   4  -0.008116   0.006811  -0.007846   0.009152
   5   0.025307   0.010767  -0.015069  -0.021004
   6   0.000097   0.000660  -0.009133   0.008375
   7   0.012912  -0.034274  -0.007241   0.028602
   8  -0.003581  -0.005052   0.011400  -0.002767
   9   0.010557   0.014940  -0.023546  -0.001951
  10   0.016260   0.011400  -0.024380  -0.003280
  11  -0.009663  -0.020874   0.018260   0.012278
  12  -0.012729  -0.013855   0.014552   0.012032
  13   0.045935  -0.045953  -0.008237   0.008256
  14  -0.019720   0.000800   0.010376   0.008545
  15  -0.002854  -0.015536   0.031676  -0.013286
  16  -0.007771   0.012254   0.006668  -0.011151
  17   0.013754  -0.013254  -0.009936   0.009436
  18   0.029547  -0.042371  -0.001319   0.014144
  19   0.011377  -0.015000   0.008734  -0.005111
  20  -0.008988   0.006398  -0.003338   0.005929
  21   0.022106  -0.009025  -0.034205   0.021123
  22   0.002902  -0.012478  -0.035198   0.044774
  23   0.021465  -0.019891   0.004143  -0.005717
  24  -0.021093   0.018639  -0.018621   0.021074
  25  -0.007573   0.019576  -0.009893  -0.002111
  26  -0.016796   0.038030  -0.007333  -0.013902
  27  -0.027017   0.004941  -0.030007   0.052082
  28   0.003638   0.011789  -0.032739   0.017313
  29  -0.037207   0.000560   0.007376   0.029271
  30   0.011969  -0.005619   0.004926  -0.011276
  31  -0.009706  -0.006158   0.030508  -0.014644
  32   0.002753  -0.000104   0.001643  -0.004291
  33  -0.017896  -0.012244   0.022824   0.007316
  34  -0.014830   0.005690  -0.049683   0.058822
  35   0.002419  -0.011508  -0.030984   0.040072
  36   0.003544   0.005384   0.002670  -0.011598
  37   0.048204  -0.002237  -0.037873  -0.008094
  38  -0.004279  -0.015949   0.030469  -0.010242
  39  -0.003780   0.004641   0.005635  -0.006496
  40  -0.039002  -0.000053   0.029230   0.009825
  41  -0.026600   0.023282   0.022935  -0.019617
  42  -0.028623   0.018613   0.037387  -0.027377
  43   0.004913   0.011174  -0.011279  -0.004808
  44  -0.034970   0.014619  -0.004477   0.024829
  45   0.030789  -0.003650  -0.005674  -0.021465
  46  -0.033008  -0.004411   0.024685   0.012735
  47   0.000072  -0.002614   0.011339  -0.008797
  48  -0.009354  -0.019958   0.030901  -0.001589
  49  -0.045003   0.014063   0.011885   0.019055
  50  -0.000268  -0.025522   0.028775  -0.002985
  51  -0.018088   0.006804   0.010447   0.000837
  52   0.022192  -0.019060  -0.005431   0.002299
  53   0.014223  -0.011373  -0.005649   0.002798
  54   0.001344   0.020988   0.002072  -0.024404
  55   0.003569   0.021719  -0.013971  -0.011317
  56   0.011046  -0.030951  -0.003225   0.023130
  57  -0.010008   0.001415   0.022273  -0.013680
  58  -0.012762   0.024105  -0.009392  -0.001952
  59   0.008870   0.009176   0.011802  -0.029847
  60  -0.027818   0.030690   0.009451  -0.012324
  61  -0.016291   0.022924  -0.033455   0.026822
  62   0.033205   0.006802  -0.012482  -0.027525
  63  -0.010661  -0.033974   0.027110   0.017524
  64   0.001903   0.004645  -0.011731   0.005183
  65  -0.007924   0.012115   0.002135  -0.006327
  66  -0.016666   0.037157  -0.012188  -0.008303
  67  -0.041758  -0.001405   0.022887   0.020276
  68  -0.009089  -0.023426   0.003923   0.028592
  69   0.025127   0.019305  -0.033659  -0.010773
  70  -0.004489   0.011524  -0.005457  -0.001577
  71   0.011990  -0.009819   0.015722  -0.017893
  72   0.007864  -0.016994  -0.016700   0.025830
  73   0.025744  -0.015071  -0.024274   0.013601
  74   0.027751  -0.019869  -0.024243   0.016361
  75   0.021206  -0.031775   0.006566   0.004002
  76   0.013446  -0.006891   0.001948  -0.008504
  77   0.009712  -0.006568  -0.012974   0.009830
  78  -0.040956   0.015280  -0.015805   0.041481
  79  -0.061671   0.019732   0.058103  -0.016165
  80  -0.058077  -0.054769  -0.041876   0.154722
  81  -0.030606  -0.076529  -0.007591   0.114726
  82  -0.036891  -0.066677   0.142055  -0.038487
  83   0.073299   0.016151  -0.029069  -0.060381
  84   0.004758  -0.011779   0.013402  -0.006380
  85   0.041655  -0.024327  -0.009703  -0.007625
  86  -0.000016  -0.017196   0.008767   0.008446
  87  -0.011406   0.028911  -0.007425  -0.010080
  88  -0.012757  -0.000917  -0.002473   0.016146
  89  -0.001178  -0.001140  -0.017738   0.020055
  90   0.016375   0.013637   0.009715  -0.039727
  91  -0.005769   0.001719  -0.027847   0.031897
  92   0.015808  -0.004910  -0.004443  -0.006456
  93   0.025645  -0.012512  -0.007181  -0.005952
  94  -0.013356  -0.049819   0.052579   0.010596
  95  -0.011478   0.022522   0.003877  -0.014921
  96  -0.003016  -0.001085   0.029701  -0.025599
  97   0.028260  -0.019914  -0.003760  -0.004586
  98  -0.009193  -0.039684   0.004009   0.044869
  99   0.005273   0.000639   0.050253  -0.056165
 100   0.006144  -0.002975  -0.010600   0.007430
 101   0.006924  -0.012484   0.032099  -0.026540
 102   0.006236   0.028277  -0.001130  -0.033383
 103  -0.053845  -0.024946  -0.050676   0.129467
 104   0.199372  -0.077770  -0.067510  -0.054093
 105  -0.022108  -0.044611   0.033286   0.033434
 106   0.065750  -0.018165  -0.062739   0.015154
 107   0.062199   0.001466  -0.039949  -0.023716
 108  -0.067331  -0.049955  -0.076089   0.193375
 109   0.009541   0.003038   0.006903  -0.019481
 110   0.023586  -0.006953   0.009374  -0.026007
 111   0.048652  -0.024072  -0.015091  -0.009489
 112  -0.000270  -0.008301   0.012677  -0.004106
 113  -0.035122  -0.013840   0.016441   0.032521
 114   0.002781  -0.004840  -0.010493   0.012551
 115   0.001400  -0.002412   0.002076  -0.001064
 116  -0.011555  -0.010678   0.022382  -0.000149
 117  -0.006245   0.053925  -0.018124  -0.029557
 118   0.008593  -0.005340   0.010205  -0.013459
 119  -0.048831   0.025317   0.004058   0.019456
 120  -0.039470   0.018890  -0.003857   0.024437
 121  -0.026007   0.011990   0.004155   0.009861
 122  -0.018118   0.029729  -0.032335   0.020723
 123   0.006831   0.014581  -0.001829  -0.019583
 124  -0.032167   0.008504   0.004965   0.018698
 125   0.012722   0.035899   0.012071  -0.060691
 126  -0.010788  -0.004004   0.018994  -0.004202
 127   0.026720  -0.029905  -0.000481   0.003666
 128  -0.021453   0.017838   0.005941  -0.002326
 129   0.019175   0.012436  -0.033310   0.001699
 130  -0.007200   0.025314  -0.020488   0.002373
 131   0.013316  -0.015451   0.010455  -0.008319
 132  -0.018712   0.023770   0.005230  -0.010288
 133  -0.000615   0.001425  -0.017006   0.016195
 134  -0.016468  -0.013353   0.030869  -0.001048
 135  -0.018531  -0.005162   0.059027  -0.035335
 136   0.008101   0.018618  -0.019326  -0.007393
 137   0.015840  -0.010297  -0.012373   0.006830
 138   0.009066  -0.032801   0.028812  -0.005077
 139   0.002870   0.000084  -0.001567  -0.001387
 140   0.018932  -0.006114  -0.028442   0.015625
 141  -0.023597   0.005682  -0.015025   0.032940
 142   0.005095   0.005198  -0.031148   0.020855
 143  -0.002821  -0.011349  -0.000156   0.014326
 144   0.004319  -0.007006  -0.009290   0.011977
 145  -0.001292  -0.011074   0.000420   0.011946
 146   0.002670   0.025067  -0.025472  -0.002264
 147  -0.020919  -0.006287  -0.006865   0.034070
 148  -0.023603  -0.008898   0.047996  -0.015494
 149   0.010207  -0.006961  -0.015591   0.012345
 150  -0.016037  -0.007757   0.007399   0.016396
 151  -0.030378   0.012654  -0.001432   0.019156
 152  -0.002093   0.012067   0.008107  -0.018082
 153   0.009670   0.016991  -0.012360  -0.014301
 154  -0.001553  -0.020680   0.020706   0.001526
 155  -0.031562  -0.017044   0.016359   0.032248
 156  -0.001438  -0.000434  -0.005222   0.007094
 157   0.029992   0.017742  -0.042004  -0.005730
 158  -0.012125   0.022749  -0.014999   0.004375
 159  -0.025338   0.011998  -0.004949   0.018289
 160  -0.006474  -0.002273   0.013870  -0.005123
 161  -0.006860   0.009274   0.004524  -0.006939
 162   0.007028  -0.004055   0.009279  -0.012253
 163  -0.001474  -0.006885   0.009230  -0.000871
 164   0.001928  -0.009814   0.012900  -0.005014
 165   0.001605  -0.011850   0.016698  -0.006454
 166   0.020890  -0.018019   0.003696  -0.006567
 167  -0.014042  -0.006837   0.020157   0.000723
 168   0.008842   0.000493   0.000073  -0.009408
 169  -0.002098   0.007157   0.005867  -0.010926
 170   0.001847   0.002283   0.011524  -0.015654
 171  -0.010603  -0.000327   0.002259   0.008671
 172   0.009983  -0.006761  -0.012131   0.008908
 173  -0.006257  -0.012168   0.010911   0.007514
 174   0.003458  -0.004287   0.002269  -0.001440
 175   0.012899   0.005960  -0.015181  -0.003679
 176   0.005810  -0.006393  -0.011871   0.012454
 177   0.010819   0.004997  -0.014987  -0.000829
 178   0.011405  -0.009923  -0.015485   0.014003
 179   0.023502  -0.005944  -0.020960   0.003402
