pos      val_A      val_C      val_G      val_T
   0  -0.011328  -0.002337  -0.004082   0.017747
   1  -0.014729   0.043275  -0.021785  -0.006761
   2   0.012906  -0.067254   0.022910   0.031438
   3   0.020954  -0.014626  -0.013761   0.007432
   4   0.023351  -0.007487  -0.013504  -0.002360
   5   0.020890  -0.002634  -0.012251  -0.006004
   6   0.004507  -0.004324  -0.011598   0.011415
   7   0.031569  -0.032492  -0.014118   0.015041
   8  -0.003956   0.002146   0.006831  -0.005021
   9   0.005678   0.010310  -0.023848   0.007861
  10   0.021877   0.009761  -0.032751   0.001114
  11  -0.020250  -0.014117   0.014083   0.020285
  12  -0.008640  -0.014509   0.001704   0.021445
  13   0.036421  -0.033212   0.002989  -0.006198
  14  -0.017543  -0.000456  -0.007597   0.025597
  15   0.002391  -0.014964   0.022258  -0.009685
  16  -0.000566   0.002415   0.005310  -0.007158
  17  -0.011113  -0.022150   0.011576   0.021687
  18   0.005198  -0.028273   0.012488   0.010587
  19   0.006463   0.005460   0.000252  -0.012175
  20   0.002397  -0.000896  -0.015270   0.013769
  21   0.018374  -0.007475  -0.026128   0.015230
  22   0.010929  -0.026862  -0.023690   0.039623
  23   0.021915  -0.015465  -0.000010  -0.006441
  24  -0.016787   0.017755  -0.007242   0.006274
  25   0.002078   0.011900  -0.003520  -0.010458
  26  -0.020747   0.051026  -0.009751  -0.020527
  27  -0.026046   0.013570  -0.031805   0.044280
  28   0.002035   0.012472  -0.031408   0.016902
  29  -0.022694  -0.003254  -0.002045   0.027993
  30   0.021284  -0.020902   0.011142  -0.011524
  31   0.000427  -0.015169   0.022743  -0.008001
  32   0.000511   0.009818  -0.010023  -0.000305
  33  -0.017645  -0.010696   0.027618   0.000723
  34  -0.004298   0.009168  -0.052619   0.047749
  35   0.016943  -0.015765  -0.028408   0.027230
  36  -0.022714   0.018353   0.011842  -0.007480
  37   0.032817   0.003169  -0.029936  -0.006051
  38  -0.008859  -0.019672   0.035596  -0.007064
  39  -0.013046   0.003297   0.002344   0.007406
  40  -0.046569  -0.006426   0.030621   0.022374
  41  -0.012021   0.022577   0.008012  -0.018567
  42  -0.022128   0.018444   0.031942  -0.028257
  43  -0.002352  -0.001349  -0.005122   0.008823
  44  -0.025135  -0.000659  -0.009867   0.035661
  45   0.020495  -0.007291  -0.000131  -0.013073
  46  -0.019975  -0.009715   0.007489   0.022201
  47   0.001069  -0.001756  -0.005408   0.006094
  48  -0.001140  -0.019214   0.016631   0.003723
  49  -0.041087   0.018313  -0.000400   0.023174
  50   0.013615  -0.040300   0.028474  -0.001789
  51  -0.008228   0.000239   0.010727  -0.002738
  52   0.000821  -0.018187   0.002444   0.014922
  53   0.004144  -0.010673  -0.001608   0.008137
  54  -0.018933   0.025445   0.009712  -0.016224
  55  -0.005682   0.023771  -0.006864  -0.011225
  56   0.018152  -0.022925  -0.004875   0.009648
  57  -0.015008   0.015758   0.011457  -0.012207
  58   0.000086   0.018693  -0.007912  -0.010867
  59   0.023702  -0.011861   0.017049  -0.028889
  60  -0.026652   0.024308   0.032736  -0.030392
  61  -0.025710   0.011055  -0.022477   0.037132
  62   0.016249   0.004859  -0.009634  -0.011474
  63   0.013907  -0.032647   0.009400   0.009340
  64   0.003547   0.010514  -0.012412  -0.001648
  65  -0.004564   0.031324  -0.010746  -0.016013
  66  -0.013488   0.021436  -0.011899   0.003951
  67  -0.051248   0.005187   0.036812   0.009249
  68  -0.011907  -0.014157  -0.001508   0.027572
  69   0.031885   0.014210  -0.039087  -0.007008
  70  -0.002644  -0.002889   0.012377  -0.006844
  71   0.006248  -0.007075   0.010800  -0.009973
  72   0.005751  -0.016361  -0.011598   0.022209
  73   0.027904  -0.017288  -0.021470   0.010854
  74   0.025608  -0.024954  -0.026014   0.025360
  75   0.019576  -0.038946   0.009071   0.010300
  76  -0.000001  -0.015237   0.009233   0.006005
  77   0.006762  -0.011010   0.000521   0.003727
  78  -0.048698   0.005629  -0.009819   0.052888
  79  -0.067841   0.022123   0.075150  -0.029432
  80  -0.055623  -0.043651  -0.048449   0.147723
  81  -0.033517  -0.073839  -0.002380   0.109736
  82  -0.035081  -0.074152   0.150414  -0.041181
  83   0.076915   0.036485  -0.045487  -0.067913
  84   0.001102  -0.010068   0.012324  -0.003358
  85   0.030230  -0.020486  -0.003829  -0.005915
  86   0.001386  -0.031808   0.009812   0.020610
  87   0.003405   0.005541   0.001329  -0.010275
  88   0.000155  -0.016820  -0.012468   0.029133
  89  -0.004778   0.003061  -0.011240   0.012957
  90   0.008241   0.016917   0.006635  -0.031793
  91   0.011579  -0.001732  -0.023568   0.013721
  92   0.026632  -0.012697  -0.002789  -0.011146
  93   0.009367  -0.010331   0.007958  -0.006994
  94  -0.012151  -0.059888   0.048063   0.023975
  95  -0.004733   0.022416  -0.010798  -0.006884
  96  -0.018884   0.007803   0.035975  -0.024893
  97   0.021008  -0.017186  -0.002251  -0.001571
  98  -0.029131  -0.019954   0.001260   0.047826
  99   0.010487  -0.001340   0.046165  -0.055312
 100   0.003870  -0.009471   0.001749   0.003853
 101  -0.001092  -0.003408   0.034191  -0.029691
 102   0.011197   0.001837   0.002030  -0.015064
 103  -0.058515  -0.029984  -0.050962   0.139461
 104   0.200944  -0.075882  -0.068847  -0.056215
 105  -0.036312  -0.040519   0.034984   0.041846
 106   0.080083  -0.035126  -0.064506   0.019549
 107   0.055053   0.003865  -0.023032  -0.035885
 108  -0.079448  -0.051864  -0.065036   0.196348
 109  -0.013547  -0.002575   0.013779   0.002343
 110   0.012362  -0.005929   0.016035  -0.022469
 111   0.034071  -0.008340  -0.016802  -0.008929
 112   0.008676  -0.005690   0.002540  -0.005526
 113  -0.031561  -0.008704   0.006517   0.033748
 114  -0.001432  -0.023114   0.012983   0.011563
 115  -0.012780  -0.005526   0.017261   0.001044
 116  -0.008666  -0.001118   0.011903  -0.002119
 117  -0.018306   0.044377  -0.018886  -0.007186
 118   0.001211  -0.000597   0.005245  -0.005859
 119  -0.033689   0.030377  -0.011023   0.014334
 120  -0.023020   0.025126  -0.018246   0.016141
 121  -0.027687   0.038127  -0.002211  -0.008229
 122  -0.014918   0.019707  -0.005489   0.000699
 123   0.001293   0.015048  -0.001782  -0.014559
 124  -0.040435   0.017986   0.001023   0.021426
 125   0.014474   0.016032   0.017282  -0.047788
 126   0.002672  -0.005762   0.012877  -0.009787
 127   0.026226  -0.034792  -0.005457   0.014023
 128  -0.020836   0.009954   0.010426   0.000455
 129   0.032100   0.003029  -0.044099   0.008970
 130  -0.003531   0.010714  -0.002700  -0.004483
 131   0.006831  -0.021846   0.016200  -0.001186
 132  -0.017052   0.008447   0.002669   0.005936
 133  -0.013903   0.002167  -0.017379   0.029115
 134  -0.036914  -0.009947   0.033031   0.013830
 135  -0.022045  -0.012705   0.070414  -0.035663
 136   0.020997   0.000002  -0.018960  -0.002039
 137   0.016067   0.004664  -0.022496   0.001765
 138   0.013951  -0.025687   0.011418   0.000318
 139  -0.004196   0.001155   0.001834   0.001206
 140   0.017574  -0.003927  -0.024486   0.010839
 141  -0.015587  -0.006054  -0.002771   0.024412
 142   0.000686   0.001172  -0.025916   0.024058
 143  -0.025452   0.008883   0.002836   0.013734
 144   0.003097  -0.011029   0.003676   0.004255
 145  -0.003781  -0.005992  -0.005770   0.015544
 146   0.014526   0.029666  -0.017735  -0.026456
 147  -0.005860  -0.004302  -0.012612   0.022774
 148  -0.017415  -0.020259   0.053101  -0.015427
 149   0.026752   0.002647  -0.039284   0.009884
 150   0.006274  -0.011453   0.009010  -0.003831
 151  -0.028085   0.001074  -0.009797   0.036808
 152   0.011203   0.006752  -0.000069  -0.017886
 153   0.004338  -0.000827   0.001207  -0.004717
 154   0.004216  -0.025359   0.014296   0.006847
 155  -0.032688  -0.021764   0.020673   0.033780
 156   0.012244  -0.004448   0.007036  -0.014832
 157   0.033425   0.010493  -0.051451   0.007533
 158  -0.006200   0.016873  -0.017704   0.007031
 159  -0.014910   0.008565  -0.010079   0.016424
 160  -0.004205  -0.007445   0.013130  -0.001480
 161   0.012027   0.008465  -0.005308  -0.015184
 162   0.012335  -0.004231   0.005558  -0.013663
 163   0.001251  -0.014971   0.000039   0.013682
 164   0.000880  -0.017723   0.011599   0.005244
 165   0.005256  -0.011860   0.005155   0.001449
 166   0.024114  -0.020207   0.002212  -0.006120
 167  -0.007654  -0.009890   0.016720   0.000824
 168   0.001572  -0.005597   0.000649   0.003376
 169   0.010013   0.002115  -0.007529  -0.004599
 170  -0.000975   0.000709   0.004403  -0.004137
 171  -0.013089   0.010620   0.004618  -0.002149
 172   0.001345  -0.000819  -0.003442   0.002916
 173   0.004258  -0.008647  -0.006374   0.010763
 174  -0.000271  -0.011149  -0.005232   0.016651
 175   0.013816  -0.008860  -0.001430  -0.003526
 176  -0.005449  -0.002435  -0.006705   0.014589
 177   0.013232   0.013082  -0.023017  -0.003297
 178   0.000759  -0.008608  -0.014596   0.022446
 179   0.008299   0.000513  -0.014631   0.005818
