pos      val_A      val_C      val_G      val_T
   0   0.004948   0.004282   0.008404  -0.017633
   1   0.014355  -0.043526   0.026482   0.002688
   2  -0.010452   0.054862  -0.021214  -0.023196
   3  -0.014515   0.009599   0.016209  -0.011293
   4   0.000313   0.001496   0.013384  -0.015194
   5  -0.022538   0.010460   0.008040   0.004038
   6   0.009731  -0.006411   0.010760  -0.014080
   7  -0.010400   0.026994   0.007229  -0.023823
   8   0.004048   0.001416  -0.015855   0.010392
   9  -0.007726  -0.004370   0.023069  -0.010973
  10  -0.021348  -0.024871   0.017642   0.028577
  11   0.005357   0.011405  -0.019009   0.002247
  12   0.006812   0.009853  -0.009429  -0.007236
  13  -0.032354   0.043482  -0.011940   0.000811
  14   0.021477  -0.003743   0.002290  -0.020023
  15  -0.000301   0.017836  -0.030331   0.012796
  16   0.006270  -0.007247  -0.007025   0.008003
  17   0.010776   0.008321   0.006908  -0.026005
  18  -0.020277   0.036200  -0.009429  -0.006494
  19  -0.017279  -0.003196   0.006109   0.014367
  20   0.002536  -0.014855   0.014894  -0.002575
  21  -0.032273   0.014467   0.038499  -0.020693
  22  -0.009085   0.012168   0.038524  -0.041608
  23  -0.022894   0.022316   0.000160   0.000418
  24   0.015970  -0.004976   0.024092  -0.035086
  25   0.013772  -0.034949   0.005491   0.015686
  26   0.015395  -0.043194   0.014406   0.013392
  27   0.022010  -0.010436   0.021979  -0.033553
  28  -0.002591  -0.003244   0.026355  -0.020519
  29   0.014943   0.011884   0.002544  -0.029371
  30  -0.019397   0.015987  -0.018297   0.021708
  31   0.010733   0.009320  -0.022931   0.002877
  32  -0.007407  -0.003773   0.005250   0.005930
  33   0.008944   0.026182  -0.029649  -0.005476
  34   0.002635  -0.000555   0.052989  -0.055068
  35   0.003392   0.016144   0.022370  -0.041906
  36   0.018254  -0.019041  -0.001271   0.002058
  37  -0.030864  -0.008496   0.041377  -0.002017
  38   0.014909   0.020641  -0.036741   0.001191
  39   0.015844  -0.006492  -0.001325  -0.008027
  40   0.034222   0.002257  -0.026429  -0.010051
  41   0.023386  -0.027324  -0.007819   0.011757
  42   0.014890  -0.012318  -0.036815   0.034243
  43  -0.009716   0.006132   0.005287  -0.001702
  44   0.029144  -0.009318   0.008859  -0.028685
  45  -0.027653  -0.005106   0.021972   0.010787
  46   0.038211   0.000713  -0.006266  -0.032658
  47  -0.012007   0.004101   0.003292   0.004613
  48   0.020922   0.009259  -0.018659  -0.011522
  49   0.044815  -0.022002   0.000908  -0.023720
  50  -0.001669   0.015279  -0.024021   0.010410
  51   0.031154  -0.002454  -0.027817  -0.000883
  52  -0.018386   0.011914   0.004614   0.001858
  53  -0.005767   0.000180   0.010134  -0.004546
  54  -0.003847  -0.008977  -0.002975   0.015799
  55   0.003354  -0.021725   0.017165   0.001206
  56  -0.021343   0.039116  -0.002437  -0.015337
  57   0.006055  -0.003143  -0.020509   0.017596
  58   0.000445  -0.015971   0.014481   0.001045
  59  -0.015481  -0.003046  -0.019146   0.037673
  60   0.026862  -0.024212  -0.021608   0.018959
  61   0.014314  -0.004059   0.018742  -0.028997
  62  -0.018667  -0.013517   0.013606   0.018579
  63  -0.018025   0.039449  -0.006917  -0.014507
  64  -0.006125  -0.004169   0.023221  -0.012927
  65  -0.004248  -0.011329  -0.002320   0.017897
  66   0.015278  -0.038685   0.008617   0.014791
  67   0.041283   0.007756  -0.028576  -0.020462
  68   0.004469   0.023931  -0.000589  -0.027812
  69  -0.033937  -0.018987   0.044789   0.008135
  70   0.008178  -0.013259   0.005009   0.000071
  71  -0.011008  -0.006428  -0.004733   0.022168
  72   0.004373   0.012652   0.011903  -0.028928
  73  -0.037084   0.024961   0.023181  -0.011057
  74  -0.023907   0.021648   0.030923  -0.028665
  75  -0.006479   0.029386  -0.004492  -0.018415
  76  -0.014732   0.028210  -0.012343  -0.001135
  77   0.000794  -0.004451   0.015005  -0.011348
  78   0.039584  -0.005549   0.006874  -0.040908
  79   0.067488  -0.020548  -0.068905   0.021964
  80   0.060568   0.057171   0.042156  -0.159895
  81   0.015477   0.092570   0.016992  -0.125039
  82   0.050590   0.073390  -0.153961   0.029981
  83  -0.068040  -0.014728   0.023782   0.058986
  84  -0.003264   0.010999  -0.016043   0.008308
  85  -0.017687   0.023231   0.008940  -0.014484
  86   0.007664   0.022451  -0.007063  -0.023052
  87  -0.017335  -0.031311   0.013890   0.034756
  88   0.004564   0.005378   0.005384  -0.015326
  89   0.012757   0.008197  -0.002358  -0.018597
  90  -0.026814  -0.012749  -0.007526   0.047089
  91  -0.003635  -0.004669   0.049705  -0.041400
  92  -0.024167   0.004538   0.008892   0.010737
  93  -0.035689   0.010315   0.006323   0.019051
  94   0.009936   0.067636  -0.053469  -0.024102
  95   0.012277  -0.013176  -0.005638   0.006537
  96   0.024909   0.003443  -0.036232   0.007880
  97  -0.005702   0.019067  -0.003090  -0.010276
  98   0.022498   0.006229   0.001228  -0.029955
  99  -0.009501  -0.002506  -0.039265   0.051272
 100   0.008929   0.006813  -0.000932  -0.014810
 101   0.006763   0.015530  -0.041318   0.019025
 102  -0.021249   0.002560   0.004282   0.014406
 103   0.059809   0.028301   0.036879  -0.124990
 104  -0.199934   0.069656   0.075937   0.054341
 105   0.027454   0.035345  -0.033024  -0.029774
 106  -0.061165   0.002600   0.071035  -0.012471
 107  -0.064188  -0.006560   0.042580   0.028168
 108   0.075732   0.053603   0.064707  -0.194042
 109   0.002220  -0.006604   0.004456  -0.000073
 110  -0.019038   0.007398  -0.009241   0.020881
 111  -0.029611   0.013316   0.006607   0.009687
 112  -0.011846   0.007041   0.003989   0.000816
 113   0.033944   0.010317  -0.003197  -0.041064
 114  -0.014042   0.018347   0.011901  -0.016207
 115   0.010798  -0.007540  -0.005847   0.002589
 116   0.012043   0.005600  -0.020491   0.002848
 117   0.021836  -0.056463   0.019692   0.014935
 118  -0.010953   0.004329  -0.003225   0.009849
 119   0.036025  -0.016799   0.006408  -0.025633
 120   0.031970  -0.019572   0.011552  -0.023949
 121   0.030607  -0.022536  -0.009096   0.001025
 122   0.017235  -0.027829   0.027950  -0.017357
 123  -0.011938  -0.010221   0.003854   0.018305
 124   0.018049  -0.010166  -0.008768   0.000886
 125  -0.006477  -0.025839  -0.015829   0.048145
 126   0.009215  -0.005020  -0.022909   0.018714
 127  -0.025639   0.051403  -0.012138  -0.013626
 128   0.024129  -0.012854  -0.012097   0.000823
 129  -0.031828  -0.007327   0.054589  -0.015434
 130   0.000491  -0.001742  -0.001496   0.002747
 131   0.000791   0.014176  -0.016809   0.001841
 132   0.019563  -0.016442  -0.020623   0.017502
 133   0.013743  -0.000621   0.008951  -0.022073
 134   0.032440  -0.004736  -0.030316   0.002612
 135   0.031995  -0.001522  -0.057594   0.027121
 136  -0.014375  -0.018842   0.034474  -0.001258
 137  -0.011850   0.020691   0.006138  -0.014978
 138  -0.008438   0.031153  -0.025906   0.003191
 139  -0.017549  -0.000043   0.012954   0.004637
 140  -0.013482   0.010085   0.020567  -0.017169
 141   0.023604  -0.006452   0.010584  -0.027736
 142  -0.006446  -0.004316   0.031106  -0.020344
 143   0.022465  -0.011745   0.007909  -0.018629
 144   0.001028   0.002732   0.008387  -0.012147
 145  -0.006240   0.026333  -0.009228  -0.010865
 146  -0.001795  -0.031863   0.022903   0.010755
 147   0.008327   0.008492   0.003689  -0.020507
 148   0.015519   0.019912  -0.056024   0.020594
 149  -0.010997   0.002459   0.027116  -0.018578
 150   0.016369   0.016164  -0.027286  -0.005247
 151   0.023887  -0.017578   0.008351  -0.014660
 152   0.002207  -0.001949  -0.008888   0.008630
 153  -0.015915  -0.008429   0.015770   0.008573
 154  -0.004122   0.019666  -0.013462  -0.002082
 155   0.018395   0.030700  -0.013152  -0.035942
 156   0.006829  -0.010058  -0.000895   0.004124
 157  -0.038704  -0.012136   0.050797   0.000043
 158   0.015774  -0.025047   0.027190  -0.017917
 159   0.022706   0.001806   0.005158  -0.029669
 160  -0.004508   0.003436  -0.004860   0.005932
 161   0.009121  -0.012350   0.000245   0.002984
 162  -0.014857   0.006099   0.000499   0.008259
 163  -0.009430   0.002897   0.004123   0.002410
 164  -0.009024   0.007768  -0.001721   0.002977
 165  -0.006171   0.009477   0.002495  -0.005801
 166  -0.019806   0.013422   0.000251   0.006133
 167  -0.000527   0.004203  -0.004250   0.000574
 168  -0.002192  -0.000782   0.002267   0.000707
 169  -0.011277  -0.002885   0.009433   0.004729
 170  -0.008524  -0.001792  -0.000981   0.011297
 171   0.006409  -0.000545  -0.000707  -0.005158
 172  -0.014078   0.005126   0.017358  -0.008407
 173  -0.008197   0.013392   0.005796  -0.010991
 174   0.002026   0.003383   0.003651  -0.009060
 175  -0.024466   0.004112   0.009075   0.011278
 176  -0.002582  -0.000540   0.013497  -0.010375
 177  -0.003504  -0.014196   0.018700  -0.001000
 178  -0.015014   0.008885   0.031136  -0.025007
 179  -0.015507   0.007505   0.026921  -0.018920
