pos          info
        0  8.816326e-04
        1 -1.764277e-04
        2  2.194330e-06
        3  3.809650e-05
        4 -1.304457e-04
        5  8.200724e-04
        6 -5.664383e-05
        7  1.637388e-04
        8  1.277253e-04
        9  5.107859e-06
       10  2.393472e-06
       11  5.692605e-05
       12  9.891662e-04
       13 -6.807390e-05
       14 -5.351325e-04
       15  1.359969e-05
       16 -9.854571e-07
       17 -1.181893e-04
       18 -5.936906e-04
       19 -1.673007e-04
       20  1.296056e-04
       21  2.777104e-05
       22  2.562698e-04
       23 -3.055719e-05
       24  4.848649e-04
       25  5.470867e-05
       26 -2.306235e-04
       27 -3.193131e-04
       28  3.674034e-04
       29  5.712326e-05
       30  9.775432e-05
       31 -3.066629e-06
       32  3.888272e-04
       33  1.847114e-04
       34  2.179716e-04
       35  2.799826e-04
       36 -2.503084e-04
       37  1.302356e-06
       38 -6.617590e-06
       39 -3.766687e-04
       40  3.136303e-05
       41  1.766729e-05
       42 -2.260203e-04
       43 -1.702932e-04
       44  1.795119e-04
       45 -2.484894e-05
       46 -4.027520e-04
       47 -4.188242e-04
       48  2.863974e-05
       49 -2.074028e-04
       50  1.832992e-06
       51  1.859083e-05
       52  1.097943e-04
       53 -1.519458e-04
       54 -1.722909e-04
       55 -2.758242e-05
       56  1.697818e-04
       57  6.885142e-05
       58 -2.383021e-04
       59 -2.655883e-04
       60  5.458638e-05
       61 -1.594072e-04
       62 -1.183795e-04
       63 -1.096494e-03
       64 -3.313603e-06
       65  1.828612e-05
       66  8.635703e-05
       67 -2.636264e-04
       68 -5.330089e-04
       69 -1.104878e-05
       70 -1.354749e-04
       71 -5.668330e-04
       72 -4.866146e-06
       73 -7.994443e-04
       74  1.232750e-04
       75 -3.416043e-08
       76 -1.732496e-03
       77 -1.265984e-05
       78  5.163597e-04
       79  2.241326e-04
       80  1.979196e-04
       81 -6.052125e-04
       82 -4.803501e-04
       83 -6.728494e-05
       84 -1.052225e-03
       85 -2.757828e-05
       86  1.321749e-04
       87 -1.690136e-04
       88  4.374408e-05
       89 -9.605565e-06
       90  4.864044e-04
       91 -1.166565e-04
       92 -1.768564e-04
       93  1.558646e-03
       94 -3.146199e-04
       95 -6.524114e-04
       96  5.821959e-04
       97  6.134737e-05
       98  2.106310e-05
       99  6.174008e-05
      100 -8.289144e-04
      101  9.632320e-04
      102 -1.505849e-03
      103  8.142980e-05
      104 -1.972327e-04
      105  4.741891e-11
      106 -7.216443e-04
      107  2.071317e-06
      108  2.785743e-05
      109  2.213303e-04
      110  5.261561e-04
      111  3.200053e-04
      112  1.016719e-04
      113 -6.089434e-06
      114  2.615247e-06
      115  5.546821e-06
      116  2.401831e-04
      117  2.504808e-04
      118  3.538133e-06
      119 -1.195371e-05
      120  3.794576e-04
      121  6.796140e-05
      122 -9.417191e-06
      123 -3.649202e-05
      124 -5.971610e-04
      125 -6.846418e-05
      126  7.529263e-05
      127 -5.301875e-06
      128  1.903068e-04
      129 -1.908292e-04
      130 -1.602213e-05
      131 -3.120570e-07
      132 -4.795540e-05
      133  9.975763e-06
      134  1.056781e-05
      135  7.498501e-05
      136  2.230394e-04
      137 -3.104873e-05
      138  8.646390e-07
      139  2.980093e-04
      140  2.280114e-05
      141 -5.092292e-04
      142  6.419137e-05
      143  2.631461e-05
      144  6.951657e-05
      145  8.652746e-04
      146 -5.567689e-06
      147  1.270500e-05
      148 -1.132471e-04
      149  7.764003e-05
      150 -1.293347e-04
      151  1.966744e-04
      152 -2.361946e-04
      153  2.148167e-06
      154  3.537831e-05
      155  1.058255e-04
      156  4.823027e-05
      157 -7.110819e-05
      158 -8.446336e-04
      159 -2.249093e-04