pos          info
        0  1.533977e-04
        1 -4.714331e-05
        2 -1.286535e-04
        3 -1.207353e-04
        4  4.614164e-05
        5  9.980150e-05
        6  1.037133e-04
        7  1.143877e-04
        8  9.941243e-05
        9  2.221174e-04
       10  1.092840e-04
       11 -1.342184e-04
       12 -2.128281e-04
       13 -1.483178e-04
       14  2.321359e-05
       15 -2.138309e-05
       16 -5.675923e-05
       17  1.266823e-05
       18 -5.641814e-05
       19 -5.246744e-05
       20  7.452120e-05
       21  1.467130e-04
       22  1.301583e-04
       23 -1.244536e-05
       24 -2.526303e-05
       25 -2.559499e-05
       26 -1.057072e-05
       27  4.596026e-05
       28  7.924225e-05
       29 -5.154228e-05
       30 -1.223584e-04
       31 -1.403386e-04
       32 -6.162013e-05
       33  8.036504e-05
       34  7.336128e-05
       35  3.156305e-04
       36  8.588251e-05
       37  1.444986e-04
       38 -5.042269e-05
       39  5.011186e-05
       40 -5.420263e-05
       41  5.281100e-05
       42  1.880011e-04
       43  2.209654e-04
       44  1.034646e-04
       45 -1.459316e-05
       46  2.503125e-05
       47  4.125460e-05
       48  1.337729e-04
       49  1.743796e-04
       50  2.720360e-04
       51  1.464419e-04
       52  1.034547e-04
       53 -3.830347e-05
       54 -3.732443e-05
       55 -1.392828e-04
       56 -9.658780e-05
       57 -7.185390e-05
       58 -9.929787e-06
       59  5.779207e-05
       60  2.288049e-04
       61  2.299190e-04
       62  1.662041e-04
       63  7.802475e-06
       64  5.537998e-05
       65  1.155839e-04
       66  5.533978e-04
       67  9.279174e-04
       68  8.484906e-04
       69  4.214723e-04
       70 -2.595836e-04
       71 -2.660949e-04
       72 -2.847090e-04
       73 -1.744528e-05
       74  3.742172e-05
       75  2.134021e-05
       76  1.956378e-05
       77  5.375733e-05
       78  5.247070e-05
       79 -7.929620e-05
       80 -1.809681e-04
       81 -1.890922e-04
       82 -7.737393e-05
       83  4.802457e-06
       84 -1.563505e-04
       85 -1.140235e-04
       86 -3.177480e-04
       87 -5.547856e-05
       88 -1.447403e-04
       89  7.437227e-04
       90  9.613965e-04
       91  9.410946e-04
       92  1.528703e-04
       93  2.471373e-05
       94  7.010202e-04
       95  9.127237e-04
       96  7.452161e-04
       97  1.429694e-04
       98 -9.372535e-05
       99  1.403090e-04
      100  3.761892e-05
      101  1.579268e-04
      102 -1.475741e-04
      103 -3.164068e-05
      104 -7.687084e-05
      105  4.440726e-05
      106  6.146097e-05
      107  1.727358e-04
      108  1.206667e-04
      109  1.094438e-04
      110 -4.247082e-07
      111 -7.609400e-06
      112  3.803546e-05
      113  3.868069e-05
      114 -7.439326e-05
      115 -2.449052e-05
      116  1.414161e-05
      117  1.206060e-04
      118  3.090610e-05
      119 -3.153387e-06
      120  5.413283e-05
      121  8.790455e-05
      122  2.115801e-04
      123  3.335996e-04
      124  4.062194e-04
      125  3.704486e-04
      126  2.255909e-04
      127  9.361504e-05
      128 -4.461257e-05
      129 -6.186194e-05
      130 -3.181877e-05
      131  5.686818e-05
      132  6.159309e-05
      133  6.132570e-05
      134  2.543785e-05
      135  4.785190e-05
      136  1.833128e-04
      137  9.147267e-05
      138 -1.677200e-04
      139 -3.063566e-04
      140 -3.594843e-04
      141 -8.327628e-05
      142  1.348200e-04
      143  2.777340e-04
      144  3.595619e-04
      145  3.429696e-04
      146  3.563524e-04
      147  2.682349e-04
      148  3.408208e-05
      149  1.028786e-04
      150  1.167425e-04
      151  1.488962e-04
      152  4.669026e-06
      153 -5.297413e-05
      154 -6.250501e-05
      155 -6.997198e-06
      156 -1.248100e-06
      157  0.000000e+00
      158  0.000000e+00
      159  0.000000e+00