pos          info
        0  2.077927e-05
        1 -1.219557e-05
        2 -2.043150e-05
        3 -9.746674e-06
        4  3.757897e-06
        5  1.548204e-05
        6  2.129013e-05
        7  3.375899e-05
        8  3.226612e-05
        9  1.192579e-04
       10  1.136648e-04
       11  1.081425e-04
       12  8.135150e-05
       13  7.451100e-05
       14  7.809943e-05
       15  2.972787e-05
       16  3.198261e-05
       17  8.128297e-05
       18  5.280788e-05
       19  5.500622e-05
       20 -3.092865e-06
       21  1.037003e-05
       22 -4.807540e-05
       23 -5.668758e-05
       24 -7.683264e-05
       25 -5.495851e-05
       26 -4.244266e-05
       27 -2.218938e-05
       28  9.650751e-06
       29 -7.072385e-05
       30 -1.067882e-04
       31 -3.921069e-05
       32 -3.866425e-05
       33  7.642140e-05
       34  8.204075e-06
       35  1.079912e-04
       36  1.526055e-05
       37  1.842771e-05
       38 -1.997518e-06
       39  2.067896e-06
       40 -9.753976e-05
       41 -9.459530e-05
       42 -9.919053e-05
       43 -1.089387e-04
       44 -1.078113e-04
       45 -1.200423e-04
       46  1.293422e-05
       47  1.036646e-05
       48  2.344968e-05
       49  9.486854e-06
       50  1.735613e-05
       51  7.591008e-05
       52  6.620434e-05
       53  7.358437e-05
       54  4.391630e-05
       55 -3.374874e-05
       56 -1.118115e-04
       57 -1.482607e-04
       58 -7.221157e-05
       59 -6.610253e-06
       60 -3.392851e-05
       61  2.627345e-06
       62 -2.167345e-06
       63  3.685496e-05
       64  3.121304e-06
       65  4.208095e-04
       66  1.540925e-03
       67  2.082215e-03
       68  1.657388e-03
       69  6.105721e-04
       70 -5.813337e-04
       71 -4.424487e-04
       72 -5.198377e-04
       73  1.569311e-04
       74 -5.397492e-05
       75 -6.385754e-05
       76 -1.021367e-04
       77  6.481428e-05
       78  2.207141e-05
       79  3.201321e-05
       80 -2.838797e-04
       81 -2.244959e-04
       82 -2.233840e-04
       83  1.688054e-04
       84 -1.028582e-03
       85 -9.954472e-04
       86 -1.414834e-03
       87  8.710217e-05
       88  2.166729e-05
       89  1.512023e-03
       90  2.237514e-03
       91  2.256865e-03
       92  9.770800e-04
       93  6.701757e-04
       94  2.215176e-03
       95  2.275368e-03
       96  1.581546e-03
       97 -1.316312e-04
       98 -1.462069e-04
       99 -1.655497e-04
      100  1.414413e-05
      101  4.170364e-05
      102  6.014000e-06
      103  5.335401e-07
      104 -5.824481e-05
      105  5.830747e-06
      106  1.360774e-05
      107  4.473482e-05
      108 -7.392921e-06
      109 -9.897957e-06
      110 -2.459550e-05
      111 -1.025778e-04
      112 -1.000542e-04
      113 -8.470541e-05
      114 -2.488975e-04
      115 -2.309994e-04
      116 -2.292426e-04
      117 -3.223663e-05
      118 -4.679474e-05
      119  1.547825e-05
      120  9.108205e-05
      121  8.903453e-05
      122  4.135645e-05
      123  8.490227e-05
      124  1.138793e-04
      125  9.651464e-05
      126  2.956628e-05
      127 -5.672707e-05
      128 -5.439443e-05
      129 -4.754561e-05
      130  7.123421e-06
      131  1.990677e-05
      132  1.308026e-05
      133  1.832550e-05
      134  2.526659e-05
      135  2.413205e-05
      136  1.496687e-04
      137  7.620078e-05
      138 -1.765163e-04
      139 -3.407352e-04
      140 -2.953887e-04
      141  6.590629e-06
      142  7.785971e-05
      143  5.503641e-05
      144  9.647691e-06
      145 -2.925119e-06
      146  4.868836e-05
      147  3.469362e-05
      148  6.021535e-06
      149  1.465449e-04
      150  1.721662e-04
      151  1.956757e-04
      152  2.059187e-06
      153 -1.947167e-05
      154  1.157517e-05
      155  3.987987e-05
      156  4.920785e-05
      157  0.000000e+00
      158  0.000000e+00
      159  0.000000e+00