pos       info
        0   0.000212
        1  -0.000048
        2  -0.000177
        3  -0.000186
        4   0.000038
        5   0.000095
        6   0.000109
        7   0.000103
        8   0.000097
        9   0.000171
       10   0.000062
       11  -0.000179
       12  -0.000192
       13  -0.000116
       14   0.000081
       15   0.000020
       16  -0.000008
       17   0.000024
       18  -0.000037
       19  -0.000045
       20   0.000057
       21   0.000124
       22   0.000110
       23  -0.000008
       24  -0.000020
       25  -0.000029
       26  -0.000017
       27   0.000022
       28   0.000106
       29  -0.000008
       30  -0.000087
       31  -0.000159
       32  -0.000079
       33   0.000135
       34   0.000135
       35   0.000341
       36   0.000076
       37   0.000231
       38   0.000059
       39   0.000147
       40  -0.000058
       41   0.000051
       42   0.000098
       43   0.000139
       44   0.000025
       45  -0.000004
       46   0.000033
       47   0.000043
       48   0.000116
       49   0.000154
       50   0.000243
       51   0.000135
       52   0.000118
       53  -0.000029
       54  -0.000036
       55  -0.000147
       56  -0.000094
       57  -0.000070
       58  -0.000024
       59   0.000089
       60   0.000248
       61   0.000257
       62   0.000153
       63   0.000016
       64   0.000053
       65   0.000131
       66   0.000631
       67   0.001005
       68   0.000911
       69   0.000404
       70  -0.000322
       71  -0.000320
       72  -0.000329
       73  -0.000004
       74   0.000030
       75   0.000020
       76   0.000013
       77   0.000050
       78   0.000042
       79  -0.000103
       80  -0.000195
       81  -0.000213
       82  -0.000070
       83  -0.000003
       84  -0.000202
       85  -0.000191
       86  -0.000413
       87  -0.000096
       88  -0.000151
       89   0.000753
       90   0.000956
       91   0.000915
       92   0.000160
       93   0.000047
       94   0.000831
       95   0.001012
       96   0.000851
       97   0.000135
       98  -0.000078
       99   0.000006
      100  -0.000112
      101   0.000003
      102  -0.000150
      103  -0.000016
      104  -0.000069
      105   0.000027
      106   0.000068
      107   0.000198
      108   0.000156
      109   0.000133
      110   0.000005
      111   0.000005
      112   0.000031
      113   0.000031
      114  -0.000084
      115  -0.000069
      116  -0.000030
      117   0.000072
      118   0.000041
      119   0.000007
      120   0.000048
      121   0.000040
      122   0.000144
      123   0.000267
      124   0.000346
      125   0.000291
      126   0.000156
      127   0.000058
      128  -0.000061
      129  -0.000064
      130  -0.000003
      131   0.000111
      132   0.000110
      133   0.000073
      134   0.000035
      135   0.000053
      136   0.000195
      137   0.000114
      138  -0.000168
      139  -0.000300
      140  -0.000351
      141  -0.000035
      142   0.000162
      143   0.000288
      144   0.000318
      145   0.000272
      146   0.000282
      147   0.000218
      148   0.000005
      149   0.000066
      150   0.000113
      151   0.000154
      152  -0.000006
      153  -0.000078
      154  -0.000086
      155  -0.000002
      156   0.000007
      157   0.000000
      158   0.000000
      159   0.000000