pos      val_A      val_C      val_G      val_T
   0  -0.011925  -0.010874   0.003537   0.019262
   1   0.004395   0.029000  -0.034390   0.000996
   2   0.010733  -0.000577  -0.012214   0.002058
   3   0.023649  -0.003688   0.008459  -0.028420
   4  -0.013574   0.023990  -0.001721  -0.008694
   5  -0.007954   0.011139   0.010872  -0.014057
   6   0.011652  -0.042437   0.013735   0.017049
   7  -0.040347   0.000089   0.023741   0.016517
   8   0.004465   0.002100  -0.001492  -0.005073
   9  -0.018293   0.013412   0.001625   0.003255
  10  -0.023158  -0.004276   0.004862   0.022572
  11   0.001663   0.014348  -0.032155   0.016144
  12   0.006025   0.016357  -0.011314  -0.011067
  13   0.010729  -0.005054  -0.031564   0.025888
  14  -0.019623   0.030099  -0.008844  -0.001632
  15  -0.022542   0.022647  -0.003914   0.003809
  16  -0.002104  -0.001734   0.003363   0.000474
  17   0.011851  -0.031056  -0.008953   0.028158
  18  -0.014709  -0.009324   0.028735  -0.004702
  19   0.003942  -0.016187   0.011343   0.000902
  20  -0.015749   0.001755  -0.016739   0.030734
  21  -0.011391   0.005561   0.007913  -0.002082
  22  -0.010770  -0.020903  -0.006122   0.037794
  23   0.015086  -0.024929  -0.004661   0.014504
  24  -0.003790   0.017932  -0.006973  -0.007169
  25   0.017694  -0.026037  -0.020697   0.029040
  26   0.032264  -0.044664   0.025651  -0.013252
  27   0.009082   0.004194  -0.004568  -0.008708
  28  -0.023143  -0.008700  -0.003388   0.035231
  29  -0.012689   0.016883   0.014348  -0.018542
  30  -0.019063  -0.001538   0.000645   0.019956
  31   0.014856   0.002273  -0.025141   0.008011
  32  -0.009598  -0.030530   0.028346   0.011781
  33  -0.013123   0.011775  -0.020575   0.021924
  34   0.000808   0.032196  -0.001279  -0.031726
  35  -0.008102  -0.030396   0.010341   0.028157
  36  -0.011992   0.024394  -0.032657   0.020254
  37   0.025149  -0.035221   0.019069  -0.008997
  38   0.016081   0.005215  -0.004997  -0.016298
  39   0.009237  -0.025383   0.030429  -0.014283
  40   0.011656  -0.022582  -0.015180   0.026106
  41   0.002285  -0.021310   0.005198   0.013827
  42  -0.025888   0.007968  -0.008790   0.026710
  43   0.018422   0.009632  -0.003649  -0.024405
  44  -0.011999  -0.001453   0.017947  -0.004495
  45  -0.006301  -0.003103   0.032571  -0.023167
  46   0.033625  -0.011487   0.012023  -0.034160
  47   0.022848   0.015776  -0.009329  -0.029296
  48   0.020310  -0.017600  -0.011269   0.008559
  49  -0.023877   0.005419   0.000592   0.017866
  50   0.000742  -0.008006  -0.009898   0.017161
  51  -0.012832   0.009308   0.023263  -0.019740
  52   0.005116  -0.001057   0.013986  -0.018045
  53   0.013450  -0.017685   0.018985  -0.014750
  54  -0.005380   0.003615  -0.001583   0.003348
  55   0.000849  -0.012250   0.005064   0.006337
  56  -0.000635   0.001590   0.009341  -0.010295
  57  -0.046570   0.037671  -0.005837   0.014735
  58  -0.008753   0.011819  -0.018930   0.015864
  59   0.010308   0.012920  -0.017238  -0.005990
  60   0.011209  -0.035711   0.013222   0.011281
  61   0.012334   0.011432  -0.009808  -0.013959
  62  -0.040103   0.020928   0.015892   0.003284
  63  -0.009638   0.032676   0.008218  -0.031256
  64  -0.013765   0.029177   0.004945  -0.020357
  65  -0.026958  -0.008018   0.012372   0.022604
  66   0.024753   0.000323  -0.015964  -0.009111
  67   0.025063  -0.060409   0.005047   0.030299
  68   0.055057   0.067800   0.036100  -0.158958
  69   0.029116   0.098257   0.003286  -0.130659
  70   0.099819   0.068663  -0.176391   0.007909
  71  -0.028976  -0.008568   0.040322  -0.002778
  72   0.066984  -0.155473   0.099540  -0.011051
  73  -0.000564   0.016193   0.028800  -0.044429
  74   0.013541   0.003061   0.033120  -0.049723
  75   0.009908  -0.012017   0.029371  -0.027262
  76   0.040407  -0.020052   0.008349  -0.028704
  77  -0.043626   0.019282   0.022987   0.001358
  78   0.022004  -0.020540  -0.010625   0.009162
  79  -0.007292   0.022484  -0.036438   0.021246
  80   0.027260   0.002064  -0.028979  -0.000346
  81   0.017951  -0.015966  -0.014724   0.012739
  82  -0.025204   0.037961  -0.008115  -0.004642
  83  -0.017554   0.051200  -0.032035  -0.001610
  84  -0.062155   0.036875   0.010429   0.014850
  85  -0.017178   0.010412   0.029019  -0.022253
  86   0.022628   0.006308   0.092714  -0.121650
  87  -0.038460   0.036599  -0.013468   0.015329
  88   0.023078   0.053477   0.039623  -0.116178
  89   0.004183   0.076867  -0.100673   0.019623
  90  -0.007728   0.017831   0.030097  -0.040200
  91   0.037882   0.053874   0.075997  -0.167753
  92  -0.163660   0.037743   0.083999   0.041918
  93   0.005469   0.001113   0.067690  -0.074271
  94  -0.052005   0.042190   0.019116  -0.009300
  95  -0.125448   0.034650   0.037757   0.053041
  96   0.081455   0.072242   0.041215  -0.194911
  97  -0.027593   0.013023   0.029046  -0.014476
  98   0.019204  -0.002813  -0.012099  -0.004293
  99  -0.018443   0.019736   0.017772  -0.019065
 100   0.015460  -0.027474   0.000746   0.011268
 101   0.003822  -0.026880   0.030414  -0.007356
 102   0.003630   0.022237  -0.014664  -0.011203
 103   0.028241  -0.009057   0.002678  -0.021862
 104  -0.005476   0.003698  -0.000265   0.002043
 105   0.002439   0.013495  -0.014253  -0.001682
 106   0.003846   0.009395  -0.012417  -0.000824
 107  -0.007797   0.011955   0.018388  -0.022547
 108  -0.021344   0.024582   0.015233  -0.018471
 109   0.006641   0.009796  -0.021418   0.004981
 110  -0.022929   0.041386  -0.020909   0.002453
 111   0.014546  -0.029017   0.009243   0.005227
 112  -0.005277  -0.023199   0.013065   0.015411
 113  -0.023209  -0.004681   0.014772   0.013119
 114  -0.025014  -0.005762   0.020104   0.010672
 115   0.009389   0.008132  -0.010253  -0.007267
 116  -0.033173  -0.000636   0.040568  -0.006759
 117  -0.000183  -0.019171  -0.003627   0.022981
 118  -0.014646  -0.015235   0.036360  -0.006479
 119  -0.008641   0.020781   0.048981  -0.061121
 120  -0.009339   0.024664  -0.017245   0.001920
 121   0.005939   0.007243   0.016827  -0.030008
 122  -0.021820   0.013909   0.007818   0.000093
 123   0.005106  -0.016275   0.018639  -0.007469
 124   0.010748   0.008085   0.009863  -0.028697
 125  -0.029971   0.016607  -0.007391   0.020756
 126   0.002756   0.009985   0.001561  -0.014302
 127  -0.023690   0.026685   0.006521  -0.009515
 128  -0.000614   0.002634   0.000599  -0.002618
 129   0.004056   0.005040   0.028916  -0.038012
 130  -0.001463   0.002084   0.005360  -0.005981
 131  -0.002657   0.004570  -0.016617   0.014704
 132   0.002717   0.008458  -0.032009   0.020834
 133  -0.018180   0.024638  -0.016689   0.010231
 134  -0.007748  -0.025126   0.043994  -0.011120
 135  -0.004359  -0.000098  -0.005534   0.009990
 136  -0.010887  -0.008586   0.015392   0.004082
 137  -0.013645   0.002222   0.000052   0.011371
 138  -0.014847   0.037496  -0.016490  -0.006159
 139  -0.009519  -0.020703   0.019612   0.010610
 140   0.044476  -0.028364   0.046991  -0.063103
 141  -0.021746   0.032149  -0.008975  -0.001428
 142   0.004431   0.004831   0.006429  -0.015691
 143   0.014675  -0.019643   0.032575  -0.027607
 144  -0.017421  -0.011158   0.029349  -0.000770
 145  -0.041124   0.016773   0.016840   0.007511
 146  -0.007574  -0.015911   0.002681   0.020804
 147  -0.037862   0.029733   0.024587  -0.016458
 148  -0.028926   0.016412  -0.003040   0.015554
 149   0.017132   0.010180  -0.002434  -0.024878
 150   0.000208   0.017725  -0.003767  -0.014166
 151   0.018688   0.013656  -0.035772   0.003428
 152   0.028724  -0.009080  -0.002461  -0.017183
 153   0.038626   0.010916  -0.012080  -0.037463
 154   0.025353  -0.007457  -0.022082   0.004185
 155  -0.001106  -0.008645   0.002604   0.007148
 156  -0.002003   0.001228   0.017415  -0.016641
 157  -0.010367   0.004736   0.002817   0.002814
 158   0.005550  -0.003626   0.008415  -0.010339
 159  -0.001785   0.018543   0.010259  -0.027017
 160  -0.009342   0.009797  -0.008791   0.008336
 161  -0.009217   0.004342  -0.003678   0.008554
 162   0.000592  -0.011829   0.001840   0.009397
 163  -0.001726  -0.002358  -0.000168   0.004252
 164   0.002908   0.003316  -0.002098  -0.004127
 165   0.010417   0.005691  -0.013254  -0.002853
 166  -0.000435  -0.006175   0.008211  -0.001601
 167  -0.007795  -0.002737  -0.000352   0.010884
 168  -0.013944   0.006825   0.010967  -0.003848
 169  -0.020115   0.017335  -0.002364   0.005144
 170  -0.015721   0.008680  -0.003254   0.010295
 171  -0.021473  -0.000614   0.014137   0.007950
 172  -0.019209   0.014122   0.001716   0.003371
 173  -0.019932   0.015528   0.000000   0.004404
 174  -0.031831   0.009516   0.023690  -0.001375
 175  -0.016648   0.011456   0.022399  -0.017207
 176  -0.021016   0.017614   0.019948  -0.016547
 177  -0.026737   0.016374   0.029406  -0.019044
 178  -0.023246   0.006944   0.037984  -0.021682
 179  -0.006837   0.001983   0.030589  -0.025735
