pos          info
        0  1.052758e-04
        1  7.708495e-05
        2  5.500372e-05
        3 -8.421546e-06
        4 -6.402113e-06
        5 -1.384943e-05
        6  3.347693e-05
        7  4.620649e-05
        8  5.765801e-05
        9  9.002093e-06
       10  1.973782e-05
       11  1.558190e-05
       12  3.312060e-05
       13  2.348807e-05
       14  2.400469e-05
       15 -2.396907e-05
       16 -5.318016e-05
       17 -5.842347e-05
       18 -2.122914e-05
       19  3.428485e-05
       20  1.380057e-05
       21  6.697636e-05
       22  3.717481e-05
       23  5.322746e-05
       24 -2.685567e-05
       25 -5.257475e-05
       26 -4.318080e-05
       27 -2.764268e-05
       28 -5.734256e-06
       29 -5.652863e-06
       30 -1.279727e-05
       31 -1.038730e-05
       32 -1.039975e-05
       33  5.976089e-06
       34 -7.513934e-06
       35 -8.559805e-06
       36 -1.317928e-05
       37  5.397039e-06
       38  6.544486e-05
       39  6.285220e-05
       40  5.402148e-05
       41 -1.344180e-05
       42 -2.108888e-05
       43  4.113688e-06
       44  2.130344e-05
       45  5.715494e-05
       46  2.930606e-05
       47  2.022515e-05
       48  4.202199e-05
       49  5.406007e-05
       50  6.018942e-05
       51  1.226671e-05
       52 -3.247870e-07
       53 -1.650015e-05
       54 -3.276864e-05
       55 -7.366129e-06
       56  4.360572e-06
       57  2.121530e-05
       58 -2.335516e-05
       59 -3.175888e-05
       60 -3.591799e-05
       61 -4.039672e-06
       62  2.592526e-05
       63  6.637273e-05
       64  5.935462e-05
       65  5.941004e-05
       66  3.990187e-05
       67  4.020005e-05
       68 -3.150933e-05
       69 -4.816933e-05
       70 -4.409398e-05
       71  1.135406e-05
       72  1.537262e-05
       73 -1.778031e-05
       74 -1.200774e-05
       75 -1.688033e-05
       76  1.778584e-05
       77  3.872065e-06
       78  3.734815e-06
       79 -1.507356e-04
       80 -1.567180e-04
       81 -1.836395e-04
       82  7.318964e-05
       83  9.337063e-05
       84  1.388940e-04
       85  3.054445e-05
       86  1.746022e-05
       87  1.574327e-04
       88  2.035787e-04
       89  2.034704e-04
       90  4.893382e-05
       91  5.016089e-05
       92  1.491905e-05
       93  1.459908e-05
       94 -3.284013e-05
       95 -2.996258e-05
       96  2.042628e-04
       97  1.618955e-04
       98  4.959266e-04
       99  3.287740e-04
      100  4.320176e-04
      101  7.741590e-04
      102  1.534452e-03
      103  1.607331e-03
      104  9.145709e-04
      105  3.268403e-04
      106  7.399924e-04
      107  1.037667e-03
      108  9.005036e-04
      109  3.552943e-04
      110  8.629332e-05
      111  7.478869e-06
      112  7.172396e-05
      113  1.191422e-04
      114  8.320576e-05
      115  1.815626e-05
      116 -2.300269e-06
      117 -5.203200e-06
      118 -7.339496e-06
      119 -6.329630e-06
      120 -3.191279e-05
      121 -1.148108e-05
      122 -2.002731e-05
      123  4.824553e-05
      124 -2.603702e-05
      125  4.984118e-06
      126 -3.202859e-05
      127  3.763995e-05
      128  7.910127e-06
      129 -7.749161e-05
      130 -9.483279e-05
      131 -1.709847e-04
      132 -1.093857e-04
      133  4.406130e-05
      134  1.183276e-04
      135  1.421040e-04
      136  3.373498e-05
      137  3.570676e-05
      138  6.538741e-05
      139  3.506148e-06
      140 -1.204280e-05
      141 -5.039965e-06
      142  1.909156e-05
      143  4.720209e-05
      144  1.896595e-05
      145  2.978884e-05
      146  1.800037e-04
      147  2.862744e-04
      148  2.914360e-04
      149  7.914660e-07
      150 -1.022279e-04
      151 -1.197849e-04
      152 -2.761898e-06
      153 -4.694426e-06
      154 -9.785647e-06
      155  6.864045e-06
      156  2.149429e-04
      157  0.000000e+00
      158  0.000000e+00
      159  0.000000e+00