pos          info
        0  2.259917e-08
        1 -1.875002e-10
        2  1.305638e-08
        3  8.441198e-09
        4  8.265936e-09
        5  7.423447e-09
        6  4.732021e-09
        7 -5.530294e-08
        8 -3.143955e-09
        9  6.082605e-09
       10  6.048888e-08
       11  2.026850e-08
       12 -1.210307e-08
       13  1.996251e-08
       14  6.959901e-08
       15  9.309239e-08
       16  1.002424e-07
       17  3.415746e-08
       18  1.908045e-08
       19 -2.112374e-08
       20 -1.644739e-08
       21 -1.799379e-09
       22  4.742708e-09
       23  1.335634e-08
       24  2.371559e-08
       25  1.148813e-08
       26  4.766762e-09
       27 -2.804893e-08
       28  3.242771e-08
       29  3.138328e-08
       30  5.395735e-08
       31 -3.029446e-09
       32  1.489871e-08
       33  6.750342e-08
       34  6.953971e-08
       35  6.261040e-08
       36  9.570443e-09
       37  1.096747e-08
       38  1.215106e-08
       39  2.039389e-08
       40  1.902635e-08
       41 -3.821767e-08
       42 -7.836726e-08
       43 -7.842086e-08
       44 -3.610550e-08
       45 -4.549595e-09
       46 -4.331423e-09
       47  2.124444e-09
       48  2.944677e-09
       49 -4.255957e-09
       50 -8.863201e-09
       51 -1.086025e-08
       52 -3.289658e-09
       53 -6.961984e-09
       54  9.362770e-09
       55  3.213751e-08
       56  4.337312e-08
       57  3.038907e-08
       58  2.778424e-08
       59  5.191560e-08
       60  5.899167e-08
       61  3.601130e-08
       62  5.621258e-11
       63 -7.074346e-09
       64 -5.193159e-09
       65  4.255782e-10
       66  1.395228e-09
       67  1.766198e-09
       68 -4.792115e-08
       69 -5.850099e-08
       70 -5.861695e-08
       71 -8.215732e-09
       72  8.654119e-10
       73 -1.023897e-08
       74 -1.558307e-08
       75 -4.730655e-09
       76  4.547052e-09
       77  7.469648e-09
       78 -4.291817e-09
       79 -2.358433e-09
       80  1.742716e-09
       81  3.391207e-09
       82  3.021844e-08
       83  6.362268e-08
       84  6.404209e-08
       85  3.432949e-08
       86 -3.445842e-10
       87  4.150713e-08
       88  2.661788e-08
       89  3.517594e-08
       90 -1.521015e-08
       91 -7.230627e-10
       92 -4.580602e-09
       93  1.567079e-08
       94  1.801252e-08
       95  4.773845e-09
       96 -6.950281e-09
       97  2.041534e-10
       98  1.741483e-09
       99 -7.213247e-09
      100 -1.938930e-08
      101 -1.442465e-08
      102 -8.592663e-09
      103 -3.402566e-09
      104  6.200922e-08
      105  4.239125e-08
      106  1.389598e-07
      107  7.482155e-08
      108  1.023247e-07
      109  1.109801e-08
      110  2.671952e-08
      111  9.140554e-09
      112  8.197438e-09
      113 -7.112562e-09
      114  1.779616e-08
      115  3.275376e-09
      116  2.334731e-08
      117  8.943519e-09
      118  2.015550e-08
      119 -1.557685e-08
      120  5.638636e-08
      121  5.992404e-08
      122  1.386132e-07
      123  6.995575e-08
      124  5.557325e-08
      125 -4.622391e-09
      126 -5.631906e-09
      127  4.908661e-09
      128  1.967599e-09
      129  1.281565e-08
      130 -6.168412e-08
      131 -7.330954e-08
      132 -7.182336e-08
      133 -1.173711e-07
      134 -5.604554e-08
      135 -7.071771e-08
      136  5.073384e-08
      137 -4.922697e-09
      138 -7.136453e-09
      139  3.859705e-08
      140  5.697228e-08
      141  4.181488e-08
      142 -6.234217e-09
      143  3.913666e-09
      144  1.263132e-08
      145  1.194381e-08
      146 -8.967328e-09
      147  6.064278e-11
      148 -6.571842e-10
      149  2.883081e-09
      150  1.106097e-08
      151 -5.016517e-08
      152 -7.900088e-08
      153 -1.027691e-07
      154 -4.086382e-08
      155 -1.990631e-08
      156 -1.152602e-09
      157  0.000000e+00
      158  0.000000e+00
      159  0.000000e+00