pos      val_A      val_C      val_G      val_T
   0   0.000808  -0.025396   0.027257  -0.002669
   1   0.003789  -0.019072   0.011466   0.003817
   2   0.028845  -0.007744  -0.010753  -0.010348
   3  -0.019687  -0.025134   0.010922   0.033899
   4  -0.013713   0.026419  -0.014170   0.001464
   5  -0.005417   0.011336   0.005401  -0.011319
   6  -0.038308   0.021450  -0.007223   0.024081
   7  -0.006144   0.022393   0.026668  -0.042917
   8  -0.022329   0.025785  -0.003397  -0.000059
   9   0.010123  -0.012117  -0.019029   0.021022
  10  -0.003646  -0.014540  -0.005984   0.024170
  11   0.020324   0.000948  -0.006906  -0.014366
  12  -0.002555   0.005932  -0.010320   0.006944
  13  -0.004129   0.028418   0.005532  -0.029822
  14   0.012197   0.001042   0.000589  -0.013828
  15  -0.003300   0.019066  -0.010538  -0.005227
  16  -0.020899   0.016391  -0.003660   0.008168
  17   0.014012  -0.036369  -0.008482   0.030839
  18   0.014615  -0.004707  -0.028070   0.018162
  19  -0.012814   0.000147   0.013863  -0.001196
  20  -0.007666   0.022303  -0.011825  -0.002813
  21  -0.014519  -0.018428  -0.008856   0.041803
  22   0.033595  -0.019601  -0.016016   0.002023
  23  -0.013681   0.014292  -0.000011  -0.000600
  24   0.009769  -0.011405  -0.019611   0.021247
  25  -0.009532   0.005824   0.014717  -0.011010
  26   0.006114   0.010860  -0.006739  -0.010235
  27  -0.007391  -0.016517   0.002680   0.021228
  28  -0.030927   0.002578   0.024756   0.003593
  29   0.016236  -0.025326   0.010677  -0.001587
  30   0.016921   0.007852  -0.014887  -0.009885
  31  -0.010136   0.011009  -0.006595   0.005722
  32   0.000126  -0.024741   0.010408   0.014207
  33  -0.001994   0.007161  -0.012695   0.007527
  34  -0.017402   0.007094   0.012038  -0.001730
  35   0.005506  -0.010597   0.013308  -0.008217
  36   0.016476   0.014293  -0.019144  -0.011625
  37   0.005167  -0.024563   0.005921   0.013474
  38   0.003224  -0.002155   0.014517  -0.015585
  39  -0.021015   0.000387   0.023798  -0.003170
  40   0.011309  -0.025541   0.007858   0.006374
  41  -0.010979  -0.013889   0.015061   0.009807
  42   0.015083  -0.013558  -0.023406   0.021880
  43  -0.003229  -0.004875  -0.000062   0.008166
  44  -0.003313  -0.040587   0.032645   0.011255
  45  -0.006595   0.008477   0.014943  -0.016825
  46   0.025735  -0.000053  -0.004259  -0.021424
  47   0.014814   0.003287  -0.011096  -0.007005
  48   0.002126   0.003134   0.028454  -0.033713
  49   0.003649   0.020942   0.005995  -0.030586
  50  -0.009643  -0.019724  -0.006450   0.035817
  51  -0.017798   0.003789  -0.020848   0.034856
  52   0.019515  -0.010544  -0.006813  -0.002158
  53  -0.003620  -0.008611   0.016055  -0.003824
  54   0.046297  -0.029751   0.001140  -0.017686
  55  -0.010288   0.011462   0.017065  -0.018239
  56   0.004681   0.021215  -0.015314  -0.010582
  57  -0.015299  -0.000153   0.024691  -0.009238
  58  -0.008266   0.019567  -0.024279   0.012978
  59   0.015795  -0.019341   0.013496  -0.009950
  60  -0.003139   0.004182   0.000684  -0.001727
  61  -0.003119  -0.012684   0.033838  -0.018034
  62  -0.012791   0.026761  -0.007815  -0.006155
  63  -0.011342  -0.002092   0.016844  -0.003409
  64   0.025302  -0.003954  -0.017068  -0.004281
  65   0.019095  -0.004083  -0.013574  -0.001439
  66   0.034241   0.002137  -0.003289  -0.033090
  67  -0.016498  -0.010206   0.018082   0.008623
  68   0.038422  -0.006476  -0.013523  -0.018424
  69   0.004371  -0.029949  -0.008697   0.034274
  70   0.006128  -0.015743  -0.016744   0.026360
  71  -0.013023   0.009293  -0.029670   0.033400
  72  -0.022774   0.014969   0.011627  -0.003821
  73   0.015172  -0.023183   0.019593  -0.011582
  74  -0.001085  -0.005508  -0.004620   0.011213
  75  -0.014659   0.006022   0.006442   0.002195
  76  -0.014964   0.016130   0.013974  -0.015140
  77   0.014164  -0.008025   0.013897  -0.020035
  78   0.010050  -0.011188  -0.002223   0.003361
  79  -0.002107   0.021357  -0.028648   0.009398
  80   0.012660   0.008940  -0.006289  -0.015311
  81  -0.003724  -0.044819   0.002875   0.045668
  82  -0.009039   0.005193  -0.003298   0.007144
  83  -0.003635   0.016000   0.008241  -0.020605
  84  -0.002795   0.030464  -0.019093  -0.008576
  85   0.019392  -0.001126  -0.007411  -0.010856
  86  -0.000701  -0.013533  -0.010772   0.025006
  87   0.021661  -0.004477   0.012512  -0.029695
  88  -0.001183   0.000252   0.022342  -0.021411
  89  -0.020425  -0.013558  -0.017936   0.051918
  90   0.012105   0.013278  -0.006921  -0.018462
  91  -0.008099  -0.015550   0.005688   0.017960
  92   0.018049  -0.017917  -0.008892   0.008760
  93  -0.006588  -0.023325   0.012107   0.017807
  94   0.013187   0.019724  -0.014168  -0.018744
  95  -0.006252  -0.014824   0.022211  -0.001135
  96  -0.007696  -0.025223   0.031818   0.001101
  97   0.024881  -0.005038  -0.019255  -0.000588
  98  -0.013804  -0.005835  -0.027121   0.046760
  99   0.022872  -0.022922   0.039296  -0.039245
 100  -0.002967  -0.032008   0.033383   0.001592
 101  -0.011245  -0.001601  -0.006091   0.018937
 102   0.054340  -0.043433   0.003398  -0.014306
 103  -0.014222  -0.023339  -0.014084   0.051645
 104   0.033867  -0.012295  -0.020034  -0.001538
 105  -0.003997  -0.003243  -0.025232   0.032472
 106  -0.005376  -0.002137   0.015971  -0.008458
 107   0.038467  -0.015256  -0.016800  -0.006411
 108  -0.014699  -0.001761  -0.032905   0.049365
 109  -0.021630  -0.015204  -0.009527   0.046362
 110   0.011069   0.002719   0.006686  -0.020474
 111  -0.011514  -0.011723   0.024727  -0.001490
 112  -0.009324   0.025205   0.025628  -0.041509
 113   0.031786   0.003798  -0.014548  -0.021037
 114   0.001624   0.025127  -0.022344  -0.004408
 115   0.018008  -0.023636   0.001026   0.004601
 116   0.010700   0.007313  -0.009271  -0.008742
 117   0.026561  -0.030233   0.003568   0.000104
 118  -0.021426  -0.029844   0.021195   0.030075
 119  -0.005554   0.012469  -0.002235  -0.004680
 120  -0.019936  -0.019032  -0.005477   0.044444
 121  -0.006662   0.007622  -0.002548   0.001588
 122   0.021262   0.005042  -0.026347   0.000042
 123   0.014570   0.020149  -0.019765  -0.014953
 124  -0.013796  -0.024945   0.003197   0.035543
 125   0.045641  -0.025579  -0.018073  -0.001989
 126  -0.039514   0.009994   0.012869   0.016650
 127  -0.012300   0.033302  -0.020028  -0.000974
 128   0.001988   0.010546   0.002697  -0.015230
 129  -0.009413  -0.005840   0.008400   0.006853
 130   0.017394  -0.008624   0.000766  -0.009536
 131  -0.000496  -0.026931  -0.006511   0.033938
 132  -0.045357   0.043118  -0.020005   0.022244
 133   0.014812   0.007560  -0.015596  -0.006777
 134  -0.020612   0.003094  -0.001371   0.018890
 135   0.044651  -0.018345  -0.002524  -0.023781
 136  -0.002554  -0.008043   0.009525   0.001072
 137   0.024310  -0.005996  -0.021201   0.002886
 138  -0.010760  -0.021795   0.030506   0.002050
 139  -0.004655   0.018284   0.005108  -0.018737
 140  -0.014900   0.005549   0.036121  -0.026769
 141   0.010357  -0.032872   0.004672   0.017843
 142  -0.003254  -0.003755  -0.006554   0.013564
 143   0.000077   0.020674  -0.010030  -0.010721
 144   0.013243  -0.005273   0.000307  -0.008277
 145   0.040571  -0.016340  -0.013106  -0.011125
 146   0.036457  -0.019237  -0.008297  -0.008923
 147  -0.002576  -0.013148   0.023270  -0.007546
 148  -0.007053  -0.029268   0.034956   0.001365
 149  -0.013255   0.011724   0.015234  -0.013702
 150  -0.022785  -0.012999   0.033434   0.002349
 151  -0.019924   0.001477   0.015394   0.003052
 152  -0.017484   0.004744   0.023708  -0.010968
 153  -0.004863   0.002845  -0.010480   0.012498
 154   0.023777  -0.059425   0.019642   0.016006
 155   0.006963  -0.020995   0.013867   0.000166
 156  -0.010645  -0.012248  -0.003006   0.025898
 157  -0.003666   0.004146  -0.005607   0.005128
 158   0.024659  -0.028089   0.010670  -0.007240
 159   0.007791  -0.010535  -0.017698   0.020442
 160  -0.009712  -0.003363   0.043602  -0.030528
 161  -0.008225   0.025756   0.028871  -0.046403
 162   0.002526  -0.025826   0.059995  -0.036696
 163   0.029507  -0.030797   0.004066  -0.002776
 164  -0.039327   0.038489   0.019283  -0.018445
 165   0.018129  -0.027880  -0.008439   0.018190
 166  -0.021308   0.016915   0.006519  -0.002126
 167   0.011846  -0.019004   0.060654  -0.053496
 168  -0.000626  -0.027533   0.033755  -0.005596
 169   0.033307  -0.038316   0.017559  -0.012550
 170   0.004969  -0.013560   0.022038  -0.013446
 171  -0.003518  -0.042300   0.041885   0.003933
 172  -0.003469   0.015355   0.007870  -0.019756
 173  -0.028378   0.017501   0.000107   0.010770
 174   0.004801  -0.006615  -0.005487   0.007301
 175   0.020748  -0.012585   0.013102  -0.021264
 176   0.065773  -0.012669  -0.049071  -0.004033
 177  -0.000142  -0.006979  -0.001530   0.008650
 178   0.007933   0.023017  -0.048965   0.018014
 179  -0.035066   0.054837  -0.038677   0.018905
