pos      val_A      val_C      val_G      val_T
   0  -0.003089  -0.004623   0.000716   0.006997
   1  -0.028797   0.023773   0.001367   0.003657
   2  -0.033695   0.036888  -0.004447   0.001254
   3   0.014719   0.002726   0.007944  -0.025389
   4   0.012251  -0.031157   0.016089   0.002817
   5  -0.009619   0.003960   0.003165   0.002494
   6   0.016775  -0.032870   0.020236  -0.004141
   7   0.007268  -0.021068   0.001860   0.011941
   8   0.040035  -0.020373  -0.004949  -0.014712
   9   0.024443  -0.031183   0.013268  -0.006528
  10  -0.006909   0.026812  -0.015390  -0.004513
  11  -0.019254   0.009571  -0.004774   0.014457
  12   0.015034  -0.017461  -0.001483   0.003910
  13   0.014238   0.002283  -0.023629   0.007108
  14   0.015489  -0.004180  -0.016448   0.005139
  15  -0.000833  -0.012005  -0.010122   0.022960
  16  -0.001779  -0.000954   0.008049  -0.005315
  17   0.000111   0.018893   0.008564  -0.027567
  18  -0.011857   0.029188   0.010530  -0.027861
  19   0.000560  -0.002920  -0.013042   0.015402
  20   0.018333  -0.016366   0.007572  -0.009538
  21   0.004901   0.015821   0.010471  -0.031193
  22   0.007887   0.000384   0.007124  -0.015395
  23  -0.000044  -0.002667  -0.000131   0.002842
  24  -0.018918   0.024878  -0.000950  -0.005010
  25  -0.014694   0.008333  -0.002231   0.008592
  26   0.008647   0.011401   0.000674  -0.020722
  27   0.024668   0.015967   0.003447  -0.044082
  28   0.035050   0.007625  -0.014068  -0.028606
  29  -0.007377  -0.005875   0.014861  -0.001609
  30   0.016539  -0.000670  -0.005283  -0.010586
  31   0.003973  -0.019100   0.001076   0.014051
  32  -0.004034  -0.014321  -0.002558   0.020914
  33  -0.027485   0.008989   0.025734  -0.007238
  34   0.004472  -0.020567   0.011722   0.004374
  35   0.004502   0.012556  -0.029248   0.012190
  36  -0.021781  -0.006751   0.032138  -0.003606
  37   0.009913   0.023615  -0.034176   0.000648
  38  -0.003701  -0.001704   0.002288   0.003118
  39   0.019755   0.011060  -0.021923  -0.008892
  40  -0.004929   0.012685  -0.022976   0.015220
  41   0.022690   0.001527  -0.005757  -0.018460
  42  -0.011687   0.022030   0.026787  -0.037130
  43   0.009599   0.007301   0.007946  -0.024846
  44  -0.004114   0.025191  -0.014292  -0.006785
  45   0.000647   0.008016  -0.008098  -0.000565
  46  -0.009027  -0.000097  -0.016046   0.025171
  47  -0.017090  -0.004721   0.017980   0.003831
  48   0.014845  -0.017247  -0.007045   0.009447
  49   0.004765  -0.006142  -0.008392   0.009769
  50   0.011273   0.025111  -0.007184  -0.029200
  51   0.004444   0.003644   0.014924  -0.023012
  52   0.000612   0.006389   0.006076  -0.013077
  53   0.007365   0.010334  -0.013980  -0.003719
  54  -0.022916   0.003450   0.014269   0.005198
  55   0.020234  -0.003879  -0.012971  -0.003384
  56  -0.028570   0.016257   0.009565   0.002748
  57   0.003801   0.018037  -0.010491  -0.011347
  58   0.010343  -0.014431   0.021798  -0.017710
  59  -0.008137   0.009558  -0.006390   0.004968
  60  -0.017439  -0.003697  -0.003159   0.024295
  61  -0.009885   0.018593  -0.009802   0.001094
  62   0.027408   0.003526  -0.023817  -0.007116
  63   0.029691   0.002431  -0.039637   0.007515
  64   0.010144  -0.012228  -0.006519   0.008602
  65  -0.038929   0.009016   0.006497   0.023416
  66  -0.017233   0.013573  -0.019939   0.023599
  67   0.023007   0.001748   0.002266  -0.027022
  68  -0.016946  -0.022132   0.020812   0.018266
  69   0.001091   0.025449   0.013583  -0.040123
  70   0.007900  -0.000540   0.006217  -0.013577
  71  -0.015290   0.014299   0.034043  -0.033053
  72  -0.006404  -0.006158   0.023283  -0.010722
  73  -0.007988  -0.003908   0.013225  -0.001328
  74   0.002327   0.003290   0.007100  -0.012718
  75  -0.013462  -0.015524   0.025114   0.003872
  76  -0.009616  -0.003154   0.002301   0.010469
  77   0.002551  -0.000127  -0.013249   0.010825
  78  -0.002787   0.000280  -0.012289   0.014796
  79   0.001685  -0.010915   0.019949  -0.010719
  80   0.006682  -0.026707  -0.002925   0.022951
  81   0.011453   0.033706  -0.013973  -0.031187
  82   0.046461   0.009754  -0.010995  -0.045219
  83  -0.000053   0.015978  -0.017622   0.001698
  84   0.015438  -0.031435   0.001380   0.014617
  85  -0.013397   0.022719   0.002472  -0.011794
  86   0.000716   0.020549   0.006189  -0.027453
  87  -0.001375   0.011361  -0.019718   0.009732
  88   0.005158  -0.005462  -0.026303   0.026607
  89   0.013017  -0.012979   0.035207  -0.035245
  90  -0.005050  -0.017345   0.015449   0.006946
  91  -0.011211   0.015205   0.017307  -0.021300
  92  -0.031520   0.017033  -0.006147   0.020634
  93  -0.010911   0.013256   0.020874  -0.023219
  94   0.000837   0.000343   0.001312  -0.002492
  95   0.002249   0.022724  -0.033967   0.008994
  96   0.002572  -0.000711  -0.003017   0.001156
  97  -0.010884  -0.011235   0.035735  -0.013616
  98   0.008348  -0.002346   0.028604  -0.034606
  99  -0.014173   0.020479  -0.016384   0.010078
 100   0.006309   0.028247  -0.033972  -0.000584
 101   0.008439   0.023240  -0.013571  -0.018108
 102  -0.037305   0.009040   0.018511   0.009755
 103  -0.013422  -0.001933   0.028237  -0.012882
 104  -0.030166   0.006376   0.023180   0.000611
 105   0.011117   0.005183   0.007457  -0.023757
 106  -0.004771  -0.021014   0.018107   0.007678
 107  -0.033483   0.017618   0.026052  -0.010187
 108   0.012880  -0.009373   0.029700  -0.033207
 109   0.002091   0.019133   0.007749  -0.028973
 110  -0.003325   0.005531  -0.008608   0.006401
 111   0.010774   0.023733  -0.006130  -0.028377
 112  -0.002869  -0.025463  -0.024214   0.052546
 113  -0.019607   0.005677   0.008479   0.005452
 114  -0.002028  -0.004569   0.013535  -0.006939
 115  -0.014177   0.000157   0.028471  -0.014450
 116   0.002514  -0.018626   0.002645   0.013467
 117   0.006317   0.019516  -0.008606  -0.017227
 118   0.027261   0.010961  -0.029765  -0.008457
 119   0.003922   0.003247   0.003922  -0.011091
 120   0.017858   0.001875   0.008821  -0.028553
 121   0.021642  -0.004072  -0.005722  -0.011848
 122  -0.011501  -0.005020   0.041807  -0.025285
 123   0.009717  -0.026566   0.006924   0.009925
 124   0.037034   0.005649   0.006698  -0.049381
 125  -0.019691   0.013613  -0.002942   0.009021
 126   0.024101  -0.016763  -0.010051   0.002713
 127   0.027930  -0.029448  -0.002581   0.004099
 128  -0.023659   0.008028   0.002229   0.013402
 129   0.018378   0.012257  -0.008814  -0.021821
 130  -0.007088   0.005796   0.001607  -0.000315
 131   0.002275   0.010770   0.010626  -0.023672
 132   0.038067  -0.025971   0.006116  -0.018211
 133  -0.009120  -0.007265  -0.001347   0.017732
 134   0.033804  -0.005565  -0.012261  -0.015978
 135  -0.027112   0.034766   0.005418  -0.013073
 136   0.014919   0.002398  -0.020371   0.003054
 137  -0.006864  -0.007770   0.011336   0.003299
 138   0.005690   0.014911  -0.018163  -0.002437
 139  -0.016880  -0.012800   0.006707   0.022973
 140   0.016163   0.001882  -0.024773   0.006728
 141  -0.001091   0.008741   0.007854  -0.015505
 142  -0.006047   0.031209   0.008915  -0.034077
 143   0.011863   0.002541   0.018503  -0.032907
 144   0.001646   0.000290  -0.010881   0.008944
 145  -0.022539   0.001023   0.008998   0.012519
 146  -0.004315   0.000643  -0.003129   0.006801
 147   0.007117   0.010970  -0.016756  -0.001332
 148   0.010356   0.019500  -0.027127  -0.002729
 149   0.010801   0.003744  -0.026605   0.012060
 150   0.012145  -0.007242   0.008966  -0.013868
 151   0.057901  -0.011856  -0.029870  -0.016175
 152   0.012753  -0.014361   0.017296  -0.015687
 153   0.002653  -0.003088   0.017645  -0.017210
 154  -0.016635   0.055126  -0.017120  -0.021372
 155  -0.007177   0.016527  -0.027743   0.018393
 156   0.030896  -0.011959   0.020182  -0.039119
 157   0.025942  -0.012823   0.009866  -0.022985
 158  -0.027092   0.035046  -0.004437  -0.003517
 159   0.002731   0.023801  -0.027778   0.001246
 160   0.018720   0.001362  -0.047303   0.027220
 161  -0.002811  -0.004715  -0.007477   0.015003
 162   0.003909   0.037756  -0.064819   0.023154
 163  -0.011613   0.015843  -0.005124   0.000895
 164   0.010011  -0.019968  -0.034113   0.044070
 165   0.016924   0.007850   0.000733  -0.025506
 166   0.014422  -0.031053   0.007873   0.008758
 167  -0.019273  -0.028460  -0.004332   0.052065
 168   0.003886   0.020647  -0.024053  -0.000480
 169  -0.030774   0.014288  -0.024583   0.041068
 170  -0.017696   0.020839  -0.007660   0.004517
 171  -0.008748   0.015212  -0.003402  -0.003062
 172  -0.034643  -0.023823   0.011950   0.046516
 173  -0.031805   0.022240   0.028266  -0.018702
 174  -0.046079   0.017811   0.036586  -0.008318
 175  -0.046710   0.040121  -0.021065   0.027654
 176  -0.064716   0.009942   0.077120  -0.022346
 177  -0.044034   0.021192   0.039738  -0.016896
 178   0.008886  -0.044043   0.095340  -0.060183
 179  -0.000995  -0.042989   0.095640  -0.051656
