pos          info
        0 -1.809132e-03
        1 -8.432516e-03
        2 -1.232132e-03
        3 -2.228384e-06
        4 -7.668053e-04
        5 -1.488355e-03
        6 -7.059005e-06
        7 -4.900773e-04
        8 -4.040256e-03
        9 -1.272329e-03
       10 -1.585752e-05
       11 -1.337990e-04
       12 -1.696909e-04
       13  8.876268e-04
       14 -8.880719e-05
       15  4.806020e-04
       16 -8.157971e-04
       17  4.267826e-06
       18 -3.290652e-05
       19 -3.473414e-04
       20 -2.086751e-04
       21 -1.823812e-03
       22 -8.873310e-04
       23 -2.359930e-03
       24 -1.807325e-03
       25  3.374674e-04
       26  5.652376e-06
       27  8.526529e-04
       28 -3.775032e-06
       29 -5.095206e-05
       30 -2.270608e-04
       31 -7.732819e-04
       32 -1.076501e-03
       33 -6.015779e-04
       34  8.397437e-04
       35  1.293136e-04
       36  2.910389e-03
       37 -1.022886e-04
       38 -4.366036e-05
       39 -2.396163e-03
       40 -2.695663e-04
       41  4.066980e-05
       42  1.781207e-04
       43  5.096343e-03
       44 -4.188006e-04
       45 -1.114619e-05
       46  5.541248e-05
       47  6.359215e-05
       48 -2.294940e-03
       49 -1.482085e-04
       50 -1.059058e-02
       51 -3.762041e-03
       52  4.134503e-04
       53 -2.251525e-04
       54 -1.395744e-03
       55 -3.583967e-04
       56 -3.753757e-05
       57 -1.712035e-05
       58  2.887475e-05
       59  9.115394e-06
       60  2.567057e-07
       61 -2.377592e-03
       62 -7.139948e-04
       63 -2.819005e-03
       64 -2.450127e-06
       65 -1.088973e-05
       66 -1.823859e-04
       67 -1.294296e-03
       68 -1.192099e-03
       69  1.463082e-04
       70  2.161431e-04
       71 -5.137783e-04
       72 -5.110902e-04
       73 -5.479246e-05
       74  3.813784e-06
       75 -4.920401e-04
       76 -1.347914e-04
       77 -6.685734e-04
       78  4.045051e-04
       79  7.191671e-04
       80  9.809913e-04
       81  2.944299e-03
       82  1.210459e-03
       83 -7.928059e-04
       84 -3.388502e-03
       85 -2.626904e-03
       86 -4.047547e-04
       87 -5.096607e-06
       88 -3.342048e-04
       89 -3.790655e-03
       90  5.029824e-05
       91  4.975256e-04
       92  1.276691e-04
       93  1.229544e-03
       94 -5.923331e-03
       95 -3.405427e-04
       96 -6.926855e-06
       97 -2.202754e-03
       98 -1.168901e-02
       99 -2.845606e-03
      100 -6.834510e-03
      101 -6.145346e-04
      102 -2.814011e-04
      103 -1.217399e-02
      104 -4.710511e-03
      105 -2.357337e-03
      106 -9.115658e-04
      107 -5.234082e-03
      108 -1.013100e-02
      109 -3.889845e-03
      110  4.944744e-03
      111  1.957780e-03
      112  2.972190e-03
      113 -1.234930e-03
      114 -1.720797e-05
      115 -1.506318e-03
      116  2.776159e-04
      117  6.631560e-04
      118  9.073277e-04
      119  3.791778e-04
      120  8.352719e-04
      121 -5.402908e-04
      122 -1.446108e-03
      123 -1.147228e-03
      124 -2.820208e-05
      125 -1.777206e-03
      126 -1.618494e-03
      127 -4.121541e-03
      128 -2.678280e-03
      129 -8.185412e-04
      130  1.003356e-03
      131  8.087345e-04
      132  3.460862e-03
      133  1.220983e-03
      134 -2.789940e-03
      135 -4.084482e-03
      136  7.961323e-04
      137  9.510550e-05
      138  2.179990e-03
      139  1.458436e-03
      140  7.034635e-05
      141  9.359282e-04
      142 -2.331946e-05
      143 -1.400442e-04
      144 -8.715359e-04
      145 -9.360286e-04
      146 -5.338135e-04
      147 -4.637834e-07
      148 -1.673649e-03
      149  3.344893e-05
      150 -8.507642e-05
      151  2.139503e-03
      152 -5.200257e-04
      153 -4.127403e-04
      154 -1.170600e-04
      155 -1.438817e-03
      156 -2.230539e-04
      157 -2.968373e-04
      158 -1.253884e-03
      159 -4.667430e-06