pos          info
        0 -2.311693e-04
        1 -1.461089e-05
        2 -2.974078e-05
        3 -1.398724e-04
        4  2.129585e-05
        5  3.236706e-04
        6  7.507250e-08
        7  4.748395e-04
        8  3.943775e-04
        9 -1.113802e-04
       10 -9.679656e-05
       11 -1.787407e-04
       12 -5.213114e-06
       13 -1.350566e-04
       14 -6.323617e-05
       15 -6.836783e-05
       16 -8.328435e-06
       17  1.091464e-05
       18  1.868210e-06
       19  9.796096e-05
       20 -9.865196e-05
       21  1.066577e-05
       22  1.037644e-04
       23  3.473758e-04
       24  1.402346e-04
       25  6.469139e-05
       26  1.988660e-04
       27 -1.515009e-04
       28 -7.950704e-05
       29 -7.136288e-05
       30 -4.047223e-05
       31 -3.972300e-04
       32 -6.917887e-06
       33  7.305536e-04
       34 -6.289214e-05
       35 -1.371346e-05
       36 -7.779214e-04
       37  1.053097e-04
       38 -1.407793e-04
       39 -3.527061e-05
       40 -2.115325e-05
       41 -5.787621e-06
       42  8.464239e-05
       43 -1.376562e-03
       44 -3.006155e-04
       45 -9.727191e-05
       46 -2.393231e-04
       47 -7.705089e-05
       48 -2.164111e-05
       49 -1.926300e-06
       50 -9.785199e-06
       51  6.572436e-04
       52 -8.716408e-08
       53  6.043918e-07
       54 -7.903522e-05
       55 -1.996661e-06
       56 -1.879566e-05
       57 -7.766639e-06
       58 -2.336981e-05
       59 -3.542045e-05
       60 -1.727755e-04
       61 -1.287364e-04
       62 -1.835627e-04
       63  1.701699e-04
       64 -9.611536e-05
       65  1.130029e-04
       66  1.653319e-04
       67  2.648443e-05
       68 -2.382300e-05
       69  9.745334e-05
       70  3.555308e-05
       71  9.094656e-05
       72  3.788375e-05
       73  2.441330e-04
       74  1.244239e-03
       75  1.028449e-04
       76  2.127385e-07
       77  1.069007e-04
       78  1.082028e-04
       79  4.063056e-07
       80  5.793222e-04
       81  1.127818e-06
       82  1.746850e-05
       83  4.926939e-04
       84  1.054632e-04
       85  6.488377e-07
       86 -2.738304e-06
       87 -4.367975e-06
       88 -2.093804e-07
       89 -2.783258e-05
       90 -5.075834e-06
       91 -6.940630e-05
       92 -1.342932e-04
       93 -2.939779e-05
       94  8.577495e-04
       95 -2.337562e-06
       96  9.263301e-06
       97 -1.403003e-05
       98  4.425568e-04
       99  1.542861e-04
      100 -1.266145e-06
      101 -4.260063e-05
      102 -1.762273e-04
      103 -2.817567e-04
      104 -2.513843e-05
      105 -5.678183e-04
      106 -1.246661e-04
      107 -9.858864e-06
      108 -8.259104e-05
      109 -2.610557e-05
      110 -3.484177e-05
      111 -4.080706e-06
      112 -5.949915e-04
      113 -2.458841e-04
      114 -2.800020e-07
      115 -5.661461e-05
      116 -6.672231e-06
      117 -1.270253e-04
      118 -3.469256e-04
      119 -1.700967e-04
      120  1.239211e-04
      121  1.880808e-05
      122  2.601050e-04
      123  4.324191e-05
      124  1.180803e-04
      125  2.194313e-04
      126  5.888123e-05
      127  1.562713e-06
      128  3.619437e-05
      129 -8.316011e-05
      130 -4.630764e-05
      131 -1.685577e-07
      132 -3.860338e-04
      133 -9.126360e-06
      134 -1.802774e-06
      135 -1.229367e-05
      136 -7.212516e-06
      137 -1.351708e-05
      138 -1.692119e-04
      139 -1.176470e-04
      140 -1.621730e-05
      141 -3.656297e-05
      142 -2.449563e-04
      143 -5.677151e-04
      144 -1.354286e-05
      145 -1.188456e-05
      146 -5.737611e-06
      147  6.870019e-06
      148  1.786120e-04
      149  1.511465e-06
      150 -4.110564e-05
      151 -5.284969e-06
      152 -1.405257e-05
      153 -7.015127e-05
      154 -7.780038e-05
      155 -2.835114e-05
      156 -1.370897e-04
      157 -2.724680e-04
      158 -8.693974e-05
      159 -6.370628e-05