pos      val_A      val_C      val_G      val_T
   0   0.037983   0.045111  -0.068157  -0.014937
   1   0.045900  -0.040553  -0.034322   0.028976
   2   0.003404   0.001712  -0.023468   0.018352
   3  -0.019465  -0.005425  -0.020224   0.045114
   4   0.027415  -0.048259  -0.014343   0.035188
   5  -0.004669   0.014326  -0.024832   0.015175
   6   0.072260  -0.025549  -0.030670  -0.016041
   7   0.018807  -0.004458  -0.022349   0.008001
   8  -0.036565   0.016181   0.050667  -0.030283
   9   0.012316   0.004056   0.022447  -0.038819
  10  -0.006938   0.019740  -0.004134  -0.008668
  11   0.035219  -0.070547   0.035122   0.000206
  12   0.017776  -0.012671  -0.011232   0.006127
  13   0.012895   0.004627   0.011310  -0.028832
  14   0.063848  -0.038612  -0.002600  -0.022636
  15  -0.006469  -0.026682   0.020525   0.012626
  16   0.030465  -0.052481   0.003232   0.018785
  17  -0.030078   0.040074  -0.043093   0.033097
  18   0.006991   0.049787   0.007775  -0.064552
  19  -0.000247   0.039600  -0.006910  -0.032444
  20   0.039624  -0.006384  -0.024358  -0.008882
  21   0.016034   0.033174  -0.019932  -0.029277
  22  -0.057555   0.021327   0.017811   0.018417
  23   0.008264   0.037879   0.023558  -0.069700
  24   0.008575   0.000244   0.000208  -0.009027
  25   0.045998  -0.016634  -0.008888  -0.020475
  26  -0.079785   0.042771   0.038913  -0.001899
  27  -0.047345  -0.015737   0.000203   0.062878
  28  -0.020964  -0.043100   0.048196   0.015868
  29   0.014265  -0.036313   0.017051   0.004997
  30  -0.033423  -0.059860   0.039908   0.053375
  31  -0.016913  -0.005287  -0.038822   0.061022
  32   0.078439   0.039578  -0.099059  -0.018958
  33  -0.007380  -0.023624   0.002530   0.028474
  34   0.020334  -0.015278  -0.034903   0.029847
  35   0.000023   0.011614  -0.008487  -0.003150
  36   0.027883  -0.009340  -0.043077   0.024533
  37  -0.014545  -0.031653   0.010828   0.035371
  38   0.037067  -0.008506  -0.044125   0.015564
  39  -0.069215   0.068843  -0.014736   0.015108
  40  -0.003310   0.015898  -0.006330  -0.006258
  41   0.001375  -0.031694   0.024271   0.006047
  42   0.032336  -0.009714   0.029836  -0.052459
  43   0.037673   0.009594  -0.043778  -0.003489
  44   0.024891   0.001895   0.054226  -0.081012
  45  -0.007851   0.030025  -0.011227  -0.010947
  46  -0.019007  -0.038602   0.019097   0.038511
  47   0.038695   0.017133  -0.001572  -0.054256
  48  -0.021486   0.037290   0.019959  -0.035764
  49  -0.005422  -0.023483  -0.013645   0.042549
  50  -0.029735  -0.011095  -0.000930   0.041760
  51   0.010987   0.014876   0.001068  -0.026931
  52  -0.061587  -0.002551   0.061996   0.002142
  53  -0.054006   0.034822   0.021480  -0.002296
  54  -0.044688   0.069908  -0.012085  -0.013134
  55   0.008978  -0.024032  -0.023170   0.038224
  56  -0.001858   0.003454   0.019564  -0.021160
  57  -0.041889  -0.009859   0.050926   0.000822
  58   0.050472  -0.009780  -0.002569  -0.038122
  59   0.031727  -0.064226   0.003298   0.029201
  60  -0.008587   0.058801  -0.044216  -0.005999
  61   0.017805   0.013235  -0.023501  -0.007539
  62   0.037467  -0.049338   0.001978   0.009893
  63  -0.035043  -0.051548   0.046383   0.040208
  64  -0.008569   0.001101   0.045082  -0.037614
  65   0.041032   0.051431  -0.009440  -0.083023
  66   0.049311   0.022839  -0.063004  -0.009146
  67  -0.001815   0.026846   0.019814  -0.044845
  68  -0.044081  -0.022545   0.038475   0.028151
  69   0.063338  -0.026841  -0.009348  -0.027149
  70   0.032119  -0.021691   0.018533  -0.028961
  71   0.018059   0.008128   0.046560  -0.072747
  72  -0.039732  -0.020692   0.009033   0.051391
  73   0.002167   0.003730  -0.011266   0.005368
  74   0.030708   0.009851   0.025647  -0.066206
  75  -0.050928   0.004168   0.023694   0.023066
  76   0.055799   0.017795  -0.020876  -0.052718
  77  -0.063078   0.084338  -0.041953   0.020693
  78  -0.025478   0.029289  -0.017159   0.013348
  79   0.013385   0.010626  -0.016422  -0.007588
  80   0.069293   0.029103  -0.025407  -0.072990
  81   0.001022   0.094161  -0.056508  -0.038676
  82  -0.027471  -0.006966  -0.008481   0.042918
  83  -0.010362  -0.036358  -0.029442   0.076162
  84   0.007229  -0.024360   0.008093   0.009037
  85  -0.006286  -0.005300   0.032280  -0.020693
  86  -0.046210   0.059075  -0.035488   0.022624
  87  -0.017910   0.028548   0.047242  -0.057879
  88   0.041059   0.002651  -0.041586  -0.002124
  89   0.011993   0.000634   0.021844  -0.034470
  90  -0.014006  -0.025602   0.022569   0.017039
  91  -0.054119  -0.025867   0.033088   0.046898
  92   0.027911  -0.039665  -0.001831   0.013585
  93   0.054870  -0.053403   0.014703  -0.016171
  94   0.021884  -0.023043   0.018324  -0.017165
  95  -0.020417   0.007070   0.021105  -0.007757
  96  -0.014350  -0.029312   0.041427   0.002235
  97   0.033781   0.008437  -0.048703   0.006486
  98   0.024278  -0.007910  -0.012495  -0.003873
  99  -0.023417   0.049641   0.008652  -0.034877
 100  -0.022722   0.043482   0.002344  -0.023105
 101  -0.003292  -0.048064   0.035111   0.016246
 102   0.048987   0.055319  -0.040961  -0.063344
 103   0.003286  -0.048414   0.002598   0.042530
 104   0.025183  -0.035533  -0.051534   0.061885
 105   0.102155  -0.021535  -0.054604  -0.026016
 106   0.029028  -0.011019  -0.009724  -0.008285
 107   0.055611  -0.055210  -0.040591   0.040190
 108  -0.089618   0.071289  -0.026421   0.044751
 109   0.034897  -0.066810   0.024957   0.006956
 110   0.041541  -0.039960   0.032228  -0.033809
 111  -0.005025  -0.071189   0.009031   0.067184
 112   0.054689  -0.032781  -0.029966   0.008058
 113  -0.007724   0.038368   0.024536  -0.055181
 114   0.059608   0.020931  -0.109274   0.028734
 115  -0.025359   0.018107   0.047164  -0.039912
 116   0.005960  -0.000021  -0.022156   0.016216
 117  -0.016227  -0.030414   0.011308   0.035332
 118   0.001484  -0.013479   0.060726  -0.048731
 119   0.073124   0.032841  -0.053543  -0.052422
 120   0.000077  -0.034164   0.031567   0.002520
 121   0.010077  -0.018273  -0.032483   0.040680
 122  -0.001167   0.019960  -0.017074  -0.001720
 123  -0.034701   0.020983  -0.050168   0.063886
 124   0.031597   0.015111  -0.035117  -0.011590
 125   0.022959   0.019172  -0.017541  -0.024590
 126  -0.010123  -0.029524   0.001456   0.038191
 127  -0.072301  -0.021364   0.030779   0.062885
 128  -0.008701   0.018840   0.003267  -0.013406
 129   0.040725  -0.004154   0.025796  -0.062367
 130   0.041591  -0.009055  -0.021523  -0.011013
 131  -0.064655   0.013014   0.019085   0.032556
 132  -0.033861   0.020701  -0.020958   0.034119
 133   0.024101  -0.027102  -0.021708   0.024709
 134  -0.022211   0.091906  -0.015920  -0.053776
 135  -0.007842  -0.036272   0.051346  -0.007232
 136   0.030215   0.019089  -0.040029  -0.009275
 137  -0.051914  -0.052794   0.056522   0.048186
 138  -0.027435   0.030008   0.005024  -0.007596
 139  -0.013263   0.029166   0.025644  -0.041547
 140   0.046409  -0.047104  -0.066842   0.067537
 141   0.066560  -0.025136  -0.074649   0.033225
 142   0.015253   0.008415  -0.015849  -0.007820
 143  -0.008690   0.001283   0.019780  -0.012373
 144   0.028554  -0.007944   0.031433  -0.052044
 145  -0.050974   0.043608   0.021367  -0.014002
 146   0.028937  -0.014423   0.016110  -0.030624
 147  -0.025672  -0.011991   0.013283   0.024379
 148  -0.012140   0.020761  -0.017868   0.009246
 149   0.012649   0.013230  -0.007259  -0.018620
 150   0.038757  -0.062046   0.029376  -0.006087
 151   0.041672  -0.071879  -0.004514   0.034721
 152  -0.005344  -0.005558   0.021802  -0.010900
 153   0.000728   0.030305  -0.031372   0.000339
 154   0.053769  -0.039930  -0.000675  -0.013164
 155  -0.047036   0.031237   0.016218  -0.000419
 156   0.037848  -0.010459   0.012513  -0.039903
 157  -0.029253   0.022758  -0.023606   0.030101
 158   0.028731  -0.018341  -0.014693   0.004302
 159   0.087160  -0.004881  -0.088945   0.006666
 160  -0.006945   0.016651   0.022486  -0.032192
 161  -0.003780  -0.028283  -0.003563   0.035626
 162  -0.045200  -0.018612   0.044614   0.019198
 163   0.013011   0.014147   0.018643  -0.045801
 164  -0.082253   0.063962   0.022246  -0.003955
 165  -0.012869   0.030782  -0.016148  -0.001764
 166  -0.065287   0.059584  -0.016701   0.022403
 167  -0.022061  -0.030709   0.009646   0.043124
 168   0.075838  -0.001448  -0.009120  -0.065271
 169   0.017647   0.012623  -0.000175  -0.030095
 170   0.013393  -0.017588  -0.047840   0.052035
 171   0.003911  -0.001104  -0.000179  -0.002628
 172  -0.006027  -0.037468   0.018716   0.024778
 173  -0.034743   0.075621  -0.003477  -0.037401
 174  -0.062182  -0.041054   0.059103   0.044132
 175  -0.038552   0.033761   0.045521  -0.040730
 176  -0.026512   0.041254  -0.026805   0.012063
 177   0.028403  -0.000184   0.020578  -0.048797
 178  -0.006708   0.016231  -0.029717   0.020193
 179  -0.001537   0.023719   0.008634  -0.030817
