pos      val_A      val_C      val_G      val_T
   0   0.014216   0.004378  -0.013685  -0.004910
   1   0.023942   0.005300  -0.029681   0.000438
   2   0.004527  -0.011462  -0.006525   0.013460
   3  -0.009863  -0.000424   0.010041   0.000246
   4   0.009857  -0.012134   0.000187   0.002090
   5   0.002179   0.003655  -0.004359  -0.001475
   6   0.015614  -0.003637  -0.004245  -0.007732
   7   0.010848  -0.011153  -0.003883   0.004188
   8  -0.005734  -0.006520  -0.008713   0.020967
   9  -0.005176  -0.044969   0.013697   0.036449
  10  -0.006876  -0.004731   0.015508  -0.003902
  11  -0.003486  -0.007132   0.010905  -0.000287
  12  -0.016503   0.004163   0.014567  -0.002227
  13   0.007060   0.001104  -0.003112  -0.005052
  14  -0.009823  -0.006123   0.008931   0.007015
  15  -0.011282   0.003365   0.018670  -0.010753
  16   0.008711  -0.019854   0.016007  -0.004864
  17   0.028149  -0.008248  -0.014004  -0.005897
  18  -0.007499   0.037621  -0.015721  -0.014401
  19  -0.010389  -0.005943   0.003112   0.013220
  20   0.020718  -0.006167  -0.002277  -0.012275
  21  -0.005284   0.011156  -0.002508  -0.003364
  22  -0.002480  -0.003729  -0.010031   0.016239
  23   0.021951  -0.005333  -0.012251  -0.004367
  24  -0.014107  -0.003894   0.016894   0.001107
  25  -0.006088  -0.007415   0.015787  -0.002283
  26  -0.010764   0.004789  -0.006212   0.012187
  27   0.003112  -0.014376   0.020925  -0.009661
  28  -0.007156   0.007197  -0.000310   0.000269
  29   0.007360  -0.013335  -0.007332   0.013307
  30   0.010621   0.007138  -0.002517  -0.015242
  31  -0.010652  -0.006028   0.019066  -0.002386
  32  -0.010965   0.010795   0.007675  -0.007504
  33  -0.007998  -0.006103  -0.007789   0.021890
  34   0.000612   0.010773  -0.012755   0.001370
  35   0.009824   0.005052   0.016808  -0.031684
  36  -0.006126   0.015264  -0.014137   0.004999
  37   0.012156  -0.005434  -0.009728   0.003005
  38  -0.008915   0.011013  -0.006412   0.004313
  39  -0.025854   0.011121  -0.004593   0.019326
  40   0.021555  -0.006350  -0.009462  -0.005743
  41  -0.008833  -0.008881   0.012026   0.005688
  42   0.014497  -0.011008   0.002076  -0.005565
  43  -0.008826   0.026426  -0.006363  -0.011237
  44  -0.006042   0.002408  -0.006628   0.010262
  45  -0.014730  -0.001923  -0.009583   0.026236
  46  -0.010551  -0.010583   0.022664  -0.001530
  47   0.009371  -0.003730   0.000836  -0.006477
  48  -0.011851  -0.004112   0.025061  -0.009098
  49   0.015155  -0.002874  -0.008202  -0.004080
  50   0.000683  -0.009112  -0.003788   0.012218
  51   0.014941  -0.001126  -0.011104  -0.002711
  52  -0.005053   0.008134   0.004064  -0.007145
  53  -0.004089  -0.004520   0.009790  -0.001181
  54  -0.004507   0.003896  -0.010207   0.010817
  55  -0.017492  -0.008423   0.029769  -0.003854
  56  -0.008390  -0.005826  -0.004784   0.019000
  57  -0.009379   0.016671  -0.001465  -0.005828
  58   0.028275  -0.012037  -0.014742  -0.001497
  59  -0.010936   0.014849   0.004483  -0.008396
  60  -0.009837   0.009410   0.009464  -0.009037
  61  -0.005893  -0.004291  -0.004592   0.014776
  62   0.013070  -0.010748  -0.009803   0.007482
  63   0.004962  -0.010977  -0.004096   0.010111
  64   0.006635  -0.014059  -0.009610   0.017034
  65  -0.002979   0.016862  -0.007448  -0.006435
  66   0.014043   0.002662  -0.010345  -0.006359
  67   0.020739  -0.026689  -0.009177   0.015127
  68  -0.001360   0.006436  -0.008658   0.003582
  69   0.050747   0.000025  -0.068738   0.017966
  70   0.015513  -0.039576   0.027441  -0.003378
  71   0.022748  -0.010480  -0.006856  -0.005412
  72   0.007628  -0.009608  -0.006723   0.008703
  73   0.008230  -0.009084   0.002168  -0.001314
  74  -0.007663  -0.003493   0.012768  -0.001612
  75   0.029809  -0.010008  -0.014020  -0.005781
  76  -0.002663   0.014536  -0.006937  -0.004936
  77  -0.008277  -0.014078   0.002319   0.020036
  78  -0.008639  -0.011979  -0.009121   0.029739
  79  -0.001828  -0.008544   0.012967  -0.002595
  80   0.068373  -0.067404   0.013774  -0.014742
  81  -0.005013  -0.010611   0.010552   0.005071
  82   0.004900  -0.008088  -0.018057   0.021245
  83  -0.003112   0.003784   0.002213  -0.002885
  84   0.010541   0.004695   0.000568  -0.015804
  85  -0.003321  -0.004475  -0.008540   0.016336
  86   0.009713  -0.010261   0.000224   0.000324
  87  -0.004827  -0.005125   0.020367  -0.010415
  88   0.015387  -0.010544  -0.013299   0.008456
  89  -0.007300   0.020996  -0.008029  -0.005667
  90  -0.004592  -0.003609  -0.002675   0.010877
  91   0.021771  -0.005671  -0.015187  -0.000913
  92   0.000057   0.005202   0.000127  -0.005385
  93   0.013362  -0.005529  -0.001774  -0.006059
  94   0.019363   0.000941  -0.010964  -0.009340
  95  -0.009336   0.027566  -0.009391  -0.008839
  96  -0.000659  -0.012023  -0.013505   0.026186
  97  -0.014098  -0.004178   0.008382   0.009894
  98  -0.003569  -0.003018   0.002070   0.004516
  99  -0.009102  -0.015108   0.008388   0.015823
 100   0.001321   0.005556  -0.005056  -0.001821
 101  -0.013303  -0.005491  -0.005624   0.024417
 102   0.032747  -0.000576  -0.020924  -0.011247
 103   0.032895  -0.011127  -0.012364  -0.009404
 104  -0.008078  -0.014669   0.009244   0.013503
 105   0.015357   0.005043  -0.011281  -0.009119
 106   0.002320   0.009989  -0.017115   0.004805
 107  -0.013434  -0.008383  -0.009346   0.031163
 108  -0.002817  -0.005549   0.020957  -0.012591
 109  -0.007148   0.011988   0.004149  -0.008990
 110  -0.006823  -0.004041  -0.006484   0.017348
 111   0.025081  -0.010808  -0.002986  -0.011288
 112  -0.009134   0.004684  -0.007369   0.011819
 113  -0.002889   0.014730  -0.003712  -0.008129
 114  -0.010739  -0.009895   0.019254   0.001380
 115  -0.018755  -0.009256   0.029379  -0.001368
 116  -0.007067  -0.011141   0.003561   0.014647
 117   0.001796   0.000522   0.010074  -0.012392
 118  -0.007918  -0.006786   0.009411   0.005293
 119   0.013093  -0.015802   0.000915   0.001794
 120  -0.003006   0.013281  -0.008823  -0.001452
 121  -0.001381  -0.002357  -0.005254   0.008992
 122   0.006750  -0.001900   0.000152  -0.005002
 123   0.015752  -0.003157  -0.013468   0.000873
 124   0.013868  -0.000315  -0.033011   0.019458
 125   0.015087  -0.011900   0.001082  -0.004268
 126  -0.013126   0.010251  -0.003175   0.006050
 127  -0.008502   0.007328  -0.005654   0.006828
 128  -0.002215   0.016361   0.000266  -0.014412
 129   0.012560  -0.009967  -0.010444   0.007851
 130  -0.005612  -0.001532  -0.002089   0.009233
 131   0.008203   0.000241  -0.010201   0.001757
 132  -0.007366  -0.009851   0.022941  -0.005723
 133  -0.008283  -0.003941   0.024848  -0.012625
 134  -0.006970  -0.006396  -0.006917   0.020283
 135  -0.001782   0.001548  -0.018100   0.018334
 136  -0.011413  -0.001545   0.007282   0.005676
 137  -0.035652   0.003725   0.019156   0.012770
 138  -0.004742  -0.006809  -0.004223   0.015773
 139   0.011238  -0.013481  -0.012194   0.014437
 140  -0.009876   0.011082  -0.012684   0.011477
 141  -0.003527   0.005279  -0.005071   0.003320
 142   0.026427  -0.008190  -0.004106  -0.014130
 143  -0.000830   0.000173   0.000304   0.000352
 144  -0.005468  -0.011767   0.020941  -0.003706
 145   0.027248  -0.006852  -0.008940  -0.011456
 146  -0.008952  -0.008756   0.002895   0.014812
 147  -0.013694  -0.004397   0.007006   0.011085
 148  -0.013489   0.005972  -0.005681   0.013198
 149  -0.004083   0.006795   0.010839  -0.013551
 150  -0.008474   0.015766  -0.000225  -0.007068
 151  -0.004204  -0.009948   0.019601  -0.005448
 152   0.010621  -0.010794  -0.005512   0.005685
 153   0.004701   0.002938   0.008334  -0.015973
 154   0.017369  -0.000547  -0.006661  -0.010161
 155  -0.006006   0.007896   0.000296  -0.002186
 156   0.007930  -0.006112   0.001811  -0.003629
 157  -0.007382  -0.002075   0.010373  -0.000916
 158  -0.007755   0.015202  -0.006154  -0.001294
 159   0.003233  -0.002247  -0.008032   0.007047
 160  -0.028835   0.010622   0.017006   0.001207
 161   0.007948  -0.021540   0.010133   0.003459
 162  -0.024009  -0.010143   0.013034   0.021118
 163   0.020024   0.003169  -0.012995  -0.010199
 164   0.003918  -0.004685   0.037403  -0.036636
 165  -0.012791   0.005077   0.019009  -0.011295
 166   0.031992  -0.018115  -0.013239  -0.000639
 167   0.023795  -0.019352  -0.004730   0.000287
 168   0.024192  -0.001285   0.005195  -0.028102
 169   0.019532  -0.036080   0.006688   0.009861
 170   0.005743   0.014842   0.002259  -0.022844
 171  -0.016441  -0.015244   0.004255   0.027430
 172   0.023827  -0.011203  -0.027856   0.015232
 173   0.003531  -0.001231   0.008056  -0.010356
 174   0.019230  -0.019715   0.015977  -0.015492
 175   0.030726  -0.005865  -0.012327  -0.012535
 176   0.018898  -0.005660  -0.017399   0.004162
 177  -0.014391   0.002309   0.001118   0.010964
 178  -0.012908  -0.011697  -0.009138   0.033743
 179   0.009741  -0.003542  -0.009203   0.003004
