pos      val_A      val_C      val_G      val_T
   0  -0.044789   0.017880   0.016678   0.010232
   1  -0.049450  -0.015442   0.066453  -0.001561
   2  -0.010957   0.002901   0.000455   0.007601
   3   0.002523   0.005423   0.002006  -0.009952
   4   0.001033   0.008343  -0.005789  -0.003587
   5   0.009152  -0.002637   0.004594  -0.011110
   6  -0.017636  -0.006140   0.017282   0.006494
   7  -0.007833  -0.002563  -0.005867   0.016263
   8   0.009189   0.014034  -0.006003  -0.017220
   9   0.012938   0.014515  -0.017917  -0.009536
  10  -0.002088   0.014030  -0.009974  -0.001968
  11   0.006355   0.013914  -0.020001  -0.000268
  12   0.008069   0.002878  -0.022437   0.011490
  13   0.011475  -0.017196   0.013042  -0.007321
  14   0.004164  -0.004681   0.015640  -0.015123
  15   0.005351  -0.002531  -0.010179   0.007359
  16  -0.022638   0.025163  -0.015727   0.013202
  17  -0.031093   0.016936   0.014062   0.000094
  18   0.017640  -0.032114   0.017090  -0.002616
  19   0.015305   0.002667  -0.015574  -0.002398
  20  -0.018961  -0.006420   0.012902   0.012480
  21   0.007275  -0.011013   0.023327  -0.019589
  22  -0.001475   0.009679   0.009341  -0.017545
  23  -0.025652   0.006078  -0.000750   0.020324
  24   0.008000   0.015651  -0.010471  -0.013181
  25   0.021883  -0.006645  -0.017434   0.002195
  26  -0.001613  -0.002486   0.009230  -0.005132
  27  -0.005068   0.010459  -0.019688   0.014296
  28   0.007308   0.001269   0.006798  -0.015375
  29  -0.002614   0.005583   0.008989  -0.011958
  30  -0.007557  -0.009163  -0.006458   0.023178
  31   0.011890   0.015008  -0.018980  -0.007917
  32   0.019457  -0.017248  -0.006251   0.004042
  33  -0.014915   0.017217   0.001055  -0.003357
  34  -0.002262  -0.004424   0.017257  -0.010570
  35  -0.021531  -0.005798  -0.014904   0.042233
  36   0.002163  -0.026884   0.012488   0.012233
  37  -0.018768   0.020246   0.002859  -0.004337
  38  -0.017445   0.009490   0.009692  -0.001738
  39  -0.002475  -0.000508   0.001097   0.001886
  40  -0.003222   0.011871  -0.029464   0.020814
  41  -0.005270  -0.001971   0.017292  -0.010050
  42  -0.018068   0.013721   0.012899  -0.008552
  43   0.006307  -0.007401   0.004611  -0.003517
  44  -0.004794   0.009632  -0.002335  -0.002504
  45   0.016902  -0.004640  -0.004866  -0.007396
  46   0.009388   0.014692  -0.018681  -0.005399
  47  -0.009039   0.006537  -0.020295   0.022797
  48   0.015540   0.015495  -0.035229   0.004195
  49  -0.010551   0.015309   0.012484  -0.017243
  50  -0.011559   0.006401  -0.006715   0.011873
  51  -0.009347   0.011358  -0.011565   0.009554
  52   0.009449  -0.025512   0.010655   0.005408
  53   0.013331   0.010085  -0.017157  -0.006259
  54  -0.000864  -0.006040   0.000735   0.006170
  55  -0.009648   0.015458  -0.001987  -0.003823
  56   0.007818   0.009454   0.010475  -0.027746
  57   0.002033  -0.000343  -0.000622  -0.001068
  58  -0.005556   0.016173  -0.008294  -0.002323
  59   0.012944  -0.021006  -0.008113   0.016174
  60   0.002280   0.007018  -0.011659   0.002361
  61  -0.001386   0.016978  -0.001792  -0.013800
  62   0.002687   0.008935  -0.001830  -0.009792
  63  -0.000544   0.001375   0.005557  -0.006388
  64   0.011820   0.000219   0.011014  -0.023053
  65   0.006230  -0.000570   0.009139  -0.014800
  66  -0.021534   0.018822   0.004892  -0.002179
  67  -0.000815   0.007123   0.002233  -0.008541
  68  -0.003421   0.002227   0.011748  -0.010553
  69  -0.053786  -0.000561   0.038244   0.016102
  70  -0.025215   0.067519  -0.032078  -0.010226
  71  -0.044375   0.019102   0.011422   0.013851
  72  -0.011026   0.022830   0.014764  -0.026569
  73   0.002724   0.005479  -0.006214  -0.001989
  74   0.015927   0.030077   0.000408  -0.046412
  75  -0.031636   0.006740   0.020100   0.004797
  76   0.003751  -0.009273   0.001286   0.004235
  77   0.018566   0.001439   0.023431  -0.043437
  78   0.013710   0.025814  -0.003266  -0.036259
  79  -0.001349   0.009957  -0.010901   0.002293
  80  -0.098257   0.091302  -0.011079   0.018034
  81  -0.002539  -0.013883   0.014029   0.002392
  82  -0.020843  -0.009308   0.039653  -0.009501
  83  -0.000273   0.011886  -0.012012   0.000398
  84  -0.028999  -0.013107   0.022158   0.019948
  85  -0.001809   0.007239  -0.006987   0.001557
  86   0.002800  -0.001167   0.007135  -0.008767
  87  -0.017781   0.012386  -0.023225   0.028620
  88  -0.007832   0.001967  -0.012525   0.018390
  89   0.015924  -0.028656   0.006326   0.006406
  90   0.000475  -0.003158   0.012941  -0.010258
  91  -0.022311   0.003211   0.016702   0.002398
  92  -0.025322   0.002190   0.004369   0.018764
  93  -0.005769   0.001555  -0.004499   0.008713
  94  -0.017279  -0.004351   0.022204  -0.000574
  95   0.007007  -0.000769  -0.003124  -0.003113
  96   0.001705   0.021654   0.020439  -0.043799
  97  -0.000582   0.010941  -0.007192  -0.003167
  98  -0.010252   0.005670  -0.011600   0.016182
  99   0.008802   0.009279  -0.007245  -0.010837
 100   0.005340  -0.002560   0.006040  -0.008820
 101   0.012123   0.004252   0.012973  -0.029348
 102  -0.051413   0.016593   0.048408  -0.013587
 103  -0.057609   0.014948   0.016905   0.025756
 104   0.004850   0.029173   0.007005  -0.041028
 105  -0.069078   0.062609  -0.000977   0.007446
 106  -0.051220   0.024575   0.029833  -0.003188
 107   0.023088   0.021389   0.024947  -0.069425
 108   0.003411   0.007782  -0.014875   0.003682
 109   0.005357   0.007671  -0.007433  -0.005596
 110  -0.001799   0.011039   0.010108  -0.019348
 111  -0.053847   0.007340   0.024731   0.021775
 112   0.009661   0.016465   0.004078  -0.030204
 113  -0.015874  -0.008953   0.016666   0.008161
 114   0.008273   0.013999  -0.002046  -0.020225
 115  -0.016336   0.011113  -0.010742   0.015965
 116   0.004105  -0.016310  -0.001303   0.013508
 117   0.000038   0.017049  -0.024477   0.007390
 118   0.003695  -0.003623  -0.020274   0.020201
 119  -0.028369   0.017223  -0.002294   0.013440
 120  -0.007900   0.028868  -0.005956  -0.015012
 121   0.007683  -0.000932  -0.016222   0.009471
 122  -0.000464  -0.007316  -0.008616   0.016395
 123  -0.039700   0.043221  -0.001627  -0.001895
 124  -0.019300  -0.000119   0.028182  -0.008763
 125  -0.002959  -0.008980   0.015828  -0.003888
 126   0.001491  -0.008127   0.003866   0.002770
 127   0.024572  -0.019276   0.003358  -0.008653
 128   0.003472  -0.013303   0.012172  -0.002341
 129   0.000766   0.007242  -0.005935  -0.002073
 130  -0.009136  -0.004890   0.015589  -0.001563
 131   0.000596  -0.002674   0.015211  -0.013133
 132   0.005152  -0.006408   0.005816  -0.004560
 133   0.000861   0.005191  -0.013770   0.007718
 134   0.018740  -0.017087   0.006768  -0.008421
 135   0.008882  -0.005974   0.019780  -0.022688
 136  -0.009558   0.011304   0.007178  -0.008925
 137   0.012294   0.003952  -0.019071   0.002825
 138  -0.008496   0.011142  -0.005138   0.002492
 139  -0.004221   0.019096   0.005286  -0.020161
 140   0.007459   0.009755   0.001185  -0.018399
 141   0.005976   0.001722   0.002950  -0.010648
 142  -0.026506   0.013899  -0.001448   0.014055
 143  -0.001485  -0.016802   0.009238   0.009049
 144   0.008165   0.027518  -0.027410  -0.008273
 145  -0.042909   0.007767   0.016063   0.019079
 146   0.001429  -0.001197   0.012715  -0.012947
 147   0.004221   0.005354   0.006222  -0.015798
 148  -0.000527   0.014096   0.008013  -0.021582
 149  -0.002045  -0.006043   0.003384   0.004704
 150   0.012036  -0.025175   0.005770   0.007369
 151   0.001734   0.013479  -0.030233   0.015020
 152  -0.033722   0.023494  -0.006157   0.016384
 153  -0.008318   0.012322  -0.016028   0.012024
 154   0.003062   0.006734  -0.006829  -0.002968
 155   0.015020  -0.001476   0.007127  -0.020671
 156   0.011255  -0.008212  -0.019078   0.016034
 157  -0.000560  -0.006708  -0.010366   0.017633
 158   0.010844  -0.015816  -0.002158   0.007130
 159   0.008851  -0.000259  -0.009105   0.000513
 160   0.005709   0.002558  -0.015344   0.007076
 161  -0.016471   0.006849  -0.013645   0.023266
 162   0.006378   0.021277  -0.014312  -0.013343
 163   0.011928  -0.012571  -0.024657   0.025301
 164  -0.005284   0.004795  -0.020867   0.021356
 165   0.005345   0.007251  -0.016617   0.004022
 166  -0.008388   0.008610   0.002762  -0.002984
 167  -0.006761   0.010406  -0.009486   0.005840
 168  -0.007054   0.013467  -0.018858   0.012445
 169   0.003226   0.017274  -0.026781   0.006281
 170   0.000404   0.025091  -0.024764  -0.000730
 171  -0.000586  -0.006291   0.003633   0.003244
 172  -0.017052   0.009754  -0.013240   0.020538
 173  -0.004701   0.007752  -0.010855   0.007804
 174  -0.008149   0.023072  -0.029251   0.014327
 175  -0.018260   0.008113   0.012079  -0.001932
 176   0.001921   0.001989   0.002808  -0.006718
 177   0.003306  -0.010355   0.014117  -0.007068
 178   0.000753  -0.017170   0.010548   0.005869
 179  -0.013455   0.004483   0.017643  -0.008671
