pos      val_A      val_C      val_G      val_T
   0   0.042393  -0.023419  -0.018652  -0.000321
   1   0.071387   0.018104  -0.101395   0.011904
   2   0.012921  -0.014652   0.000962   0.000769
   3  -0.005965  -0.011051   0.006111   0.010905
   4   0.016162  -0.019726  -0.003661   0.007225
   5  -0.004442   0.002825   0.002003  -0.000387
   6   0.020898   0.005940  -0.024677  -0.002161
   7   0.006878   0.001943   0.008849  -0.017670
   8  -0.001340  -0.009287  -0.005972   0.016598
   9  -0.003560  -0.013229  -0.003451   0.020241
  10   0.012725  -0.012728  -0.002324   0.002326
  11  -0.007540  -0.011419   0.021598  -0.002638
  12  -0.000379  -0.005823   0.007387  -0.001185
  13  -0.003908   0.004159  -0.004358   0.004107
  14  -0.007989   0.005407   0.000880   0.001702
  15  -0.013578   0.012113   0.014564  -0.013099
  16   0.029983  -0.043149   0.017666  -0.004501
  17   0.042731  -0.020031  -0.014851  -0.007849
  18  -0.012059   0.042459  -0.022925  -0.007475
  19  -0.018368  -0.009177   0.014278   0.013267
  20   0.016843  -0.000815  -0.005389  -0.010639
  21   0.000578   0.012043  -0.025332   0.012710
  22  -0.011138  -0.000817  -0.008646   0.020601
  23   0.023877  -0.013703  -0.003460  -0.006715
  24  -0.006606  -0.005289   0.005459   0.006437
  25  -0.029050  -0.000607   0.018699   0.010958
  26   0.002474   0.008153  -0.008133  -0.002494
  27  -0.004919  -0.004511   0.035104  -0.025674
  28  -0.001856   0.004455  -0.014078   0.011479
  29  -0.001273  -0.009102  -0.009712   0.020087
  30   0.010520   0.006220  -0.001747  -0.014993
  31  -0.011111  -0.020288   0.019684   0.011716
  32  -0.011922   0.008447   0.004751  -0.001276
  33   0.004591  -0.005542  -0.006300   0.007251
  34   0.004675  -0.006792  -0.022857   0.024975
  35   0.028328  -0.000704   0.013782  -0.041406
  36  -0.008355   0.028921  -0.007081  -0.013486
  37   0.032917  -0.019727  -0.005806  -0.007385
  38  -0.011346   0.000622  -0.005368   0.016092
  39   0.000349   0.007380  -0.008815   0.001086
  40   0.002375  -0.009074   0.033827  -0.027128
  41  -0.000898   0.013598  -0.002350  -0.010350
  42   0.004041  -0.012042   0.005896   0.002105
  43  -0.002079   0.006430  -0.009033   0.004682
  44  -0.004759  -0.000782   0.001953   0.003588
  45  -0.012353   0.004560  -0.002997   0.010791
  46  -0.021811  -0.009641   0.020228   0.011224
  47  -0.002173   0.004420  -0.006061   0.003814
  48  -0.025053  -0.004417   0.035723  -0.006253
  49   0.003573  -0.000584  -0.002314  -0.000675
  50   0.011925  -0.019207   0.025107  -0.017824
  51   0.016206  -0.010598   0.013165  -0.018773
  52   0.000475   0.011679  -0.006632  -0.005523
  53  -0.002418  -0.008677   0.017475  -0.006380
  54  -0.006483   0.007290  -0.004427   0.003620
  55  -0.004899  -0.021091   0.008097   0.017893
  56  -0.008716  -0.010309  -0.012016   0.031041
  57   0.002384   0.010383  -0.006787  -0.005980
  58   0.001628  -0.013661   0.012491  -0.000459
  59  -0.011585   0.018726   0.009536  -0.016677
  60  -0.009956  -0.005601   0.017118  -0.001562
  61   0.008705  -0.011062  -0.001657   0.004014
  62   0.013729  -0.021192  -0.011723   0.019185
  63   0.008439  -0.005775  -0.010691   0.008027
  64   0.011433  -0.016119  -0.011983   0.016669
  65  -0.016704   0.019410  -0.013445   0.010739
  66   0.020240  -0.016505  -0.009217   0.005482
  67   0.001177  -0.007215  -0.002947   0.008984
  68   0.002138  -0.003523  -0.011455   0.012840
  69   0.069880  -0.010704  -0.045398  -0.013778
  70   0.034671  -0.047955   0.014748  -0.001464
  71   0.040777  -0.021610  -0.018754  -0.000414
  72   0.019857  -0.027993  -0.015555   0.023691
  73   0.007841  -0.001683  -0.005045  -0.001113
  74  -0.013063  -0.023192   0.000383   0.035872
  75   0.035500  -0.007055  -0.017753  -0.010692
  76  -0.009904   0.011067   0.007047  -0.008209
  77  -0.020172   0.003281  -0.013537   0.030428
  78  -0.014974  -0.037322   0.006566   0.045731
  79   0.000236  -0.004830   0.013832  -0.009239
  80   0.101353  -0.085939   0.004774  -0.020188
  81   0.011435   0.019960  -0.023892  -0.007503
  82   0.026663   0.005866  -0.029035  -0.003494
  83  -0.006239  -0.027787   0.028251   0.005775
  84   0.022577   0.007484  -0.005730  -0.024331
  85   0.003377  -0.007539   0.002022   0.002140
  86  -0.012946   0.000685   0.002920   0.009341
  87   0.013205  -0.004857   0.019198  -0.027547
  88   0.018424  -0.019855   0.021491  -0.020060
  89  -0.015092   0.038144  -0.018083  -0.004969
  90   0.014084  -0.000143  -0.017407   0.003466
  91   0.028403   0.004074  -0.031053  -0.001424
  92   0.016228  -0.013036   0.001112  -0.004305
  93   0.027493  -0.016391  -0.006375  -0.004727
  94   0.013022   0.002030  -0.021355   0.006303
  95  -0.009142   0.008025   0.000424   0.000693
  96  -0.001518  -0.017636  -0.015299   0.034453
  97   0.001908  -0.019769   0.005044   0.012817
  98   0.001575  -0.006207   0.019846  -0.015214
  99  -0.014663  -0.007319   0.003351   0.018631
 100  -0.002578   0.010405  -0.006813  -0.001014
 101  -0.014346  -0.011097  -0.007549   0.032993
 102   0.061652  -0.033226  -0.052821   0.024395
 103   0.075852  -0.020754  -0.026904  -0.028193
 104  -0.005207  -0.029905  -0.007907   0.043020
 105   0.071047  -0.078707   0.000274   0.007386
 106   0.044280  -0.018707  -0.033967   0.008394
 107  -0.030738  -0.022517  -0.030313   0.083567
 108   0.017912  -0.021334   0.013246  -0.009823
 109   0.001212  -0.002023   0.009847  -0.009037
 110   0.010356  -0.004624  -0.006998   0.001267
 111   0.048493  -0.004410  -0.026247  -0.017835
 112  -0.007045  -0.010589  -0.009182   0.026816
 113  -0.001874   0.012431  -0.002978  -0.007579
 114  -0.016030  -0.007044   0.001248   0.021827
 115   0.010194  -0.018135   0.025157  -0.017216
 116   0.006519   0.003310   0.006136  -0.015965
 117  -0.002418  -0.009795   0.022353  -0.010140
 118  -0.004343  -0.010966   0.018165  -0.002856
 119   0.026341  -0.026103   0.000124  -0.000362
 120   0.014997  -0.023669   0.009535  -0.000862
 121  -0.001047  -0.006912   0.003361   0.004598
 122  -0.000214   0.013206   0.010642  -0.023634
 123   0.027300  -0.037482   0.012621  -0.002439
 124   0.033609  -0.000050  -0.040295   0.006736
 125   0.009366  -0.017111  -0.003973   0.011717
 126  -0.005503   0.013499  -0.009355   0.001360
 127  -0.022881   0.016510   0.002553   0.003818
 128  -0.004301   0.020754  -0.008090  -0.008362
 129   0.010228   0.002435   0.006193  -0.018856
 130  -0.002073   0.006925   0.000824  -0.005677
 131  -0.007549   0.013450  -0.020876   0.014975
 132  -0.001422  -0.000434  -0.009849   0.011705
 133   0.004636  -0.005295   0.014421  -0.013762
 134  -0.012855   0.022549  -0.000499  -0.009195
 135  -0.005340   0.004979  -0.020879   0.021240
 136   0.003470  -0.016061  -0.000320   0.012912
 137  -0.004730  -0.008794   0.020163  -0.006640
 138   0.007724  -0.014493  -0.000056   0.006825
 139   0.010855  -0.024495  -0.008792   0.022432
 140  -0.000314  -0.006636  -0.009055   0.016006
 141   0.003351  -0.029543   0.008918   0.017274
 142   0.017660  -0.010584  -0.006091  -0.000985
 143  -0.005567   0.012166  -0.001967  -0.004633
 144  -0.004133  -0.026922   0.029559   0.001496
 145   0.048049  -0.001453  -0.022062  -0.024534
 146   0.007262  -0.010946  -0.005585   0.009268
 147  -0.011772  -0.008323   0.002987   0.017108
 148  -0.012658  -0.007381  -0.005062   0.025100
 149  -0.000520   0.003010  -0.009357   0.006867
 150  -0.004549   0.025520  -0.005551  -0.015419
 151  -0.013812  -0.018320   0.040736  -0.008603
 152   0.020488  -0.028296   0.017526  -0.009717
 153   0.012193  -0.015838   0.018476  -0.014830
 154  -0.007059  -0.006817   0.006504   0.007373
 155  -0.006746   0.008734  -0.006205   0.004217
 156  -0.014046  -0.000350   0.021886  -0.007490
 157  -0.005285   0.008389   0.008533  -0.011637
 158  -0.002267   0.020093   0.007201  -0.025026
 159  -0.004574  -0.001133  -0.001833   0.007540
 160  -0.001797   0.008809   0.015958  -0.022971
 161   0.008843  -0.006498   0.024589  -0.026934
 162  -0.015122  -0.000822   0.021045  -0.005100
 163   0.004325  -0.010931   0.018452  -0.011846
 164   0.003006  -0.007949   0.029403  -0.024461
 165  -0.004345  -0.017755   0.035365  -0.013266
 166   0.003280   0.012340  -0.009303  -0.006318
 167  -0.009268   0.007172   0.012204  -0.010108
 168   0.008660  -0.018433   0.018466  -0.008693
 169   0.009860  -0.031037   0.028317  -0.007140
 170   0.022177  -0.019163   0.010453  -0.013467
 171   0.018201  -0.014100   0.004281  -0.008382
 172   0.017326  -0.013795   0.004827  -0.008359
 173   0.018768  -0.013529   0.016157  -0.021396
 174   0.030117  -0.009288  -0.011457  -0.009373
 175   0.027126  -0.010796  -0.019378   0.003049
 176   0.020832  -0.024329  -0.000758   0.004256
 177   0.018261   0.006677  -0.023656  -0.001282
 178   0.028251  -0.000673  -0.046775   0.019197
 179   0.006563  -0.002135  -0.050175   0.045747
