pos      val_A      val_C      val_G      val_T
   0  -0.038172   0.037136  -0.013114   0.014149
   1  -0.078305   0.022991   0.032374   0.022939
   2   0.045530   0.029690   0.035257  -0.110477
   3   0.001216   0.036595   0.004371  -0.042182
   4  -0.053370   0.005696   0.000417   0.047256
   5   0.016979   0.011812   0.012511  -0.041303
   6   0.010130  -0.001773  -0.037392   0.029035
   7   0.004779   0.006564  -0.032864   0.021521
   8   0.023283   0.021694   0.001817  -0.046795
   9  -0.038827   0.026195   0.007586   0.005046
  10  -0.009910   0.017504  -0.009456   0.001862
  11  -0.005493   0.000020  -0.002392   0.007865
  12  -0.024514  -0.004242  -0.013614   0.042370
  13   0.039876   0.007640   0.014092  -0.061609
  14  -0.015609  -0.000365  -0.013083   0.029056
  15  -0.000132   0.020405  -0.015197  -0.005076
  16  -0.003582   0.003124   0.012943  -0.012485
  17  -0.019141   0.007269   0.012542  -0.000671
  18   0.006373  -0.017833  -0.014900   0.026359
  19   0.005996   0.021441  -0.023639  -0.003799
  20  -0.009654  -0.013298   0.022118   0.000834
  21   0.031074   0.027947   0.000502  -0.059523
  22  -0.005031   0.011889  -0.011284   0.004426
  23  -0.012172   0.062329  -0.035586  -0.014570
  24  -0.001239   0.022663  -0.032182   0.010758
  25  -0.008330   0.030206  -0.020643  -0.001233
  26  -0.006978   0.008697  -0.036601   0.034882
  27  -0.025276   0.055543  -0.015920  -0.014346
  28   0.016478   0.021935  -0.029889  -0.008524
  29  -0.003322   0.001752  -0.000964   0.002534
  30  -0.009046  -0.006940  -0.011748   0.027734
  31  -0.002602   0.015298  -0.023921   0.011225
  32  -0.037616   0.026337  -0.009289   0.020567
  33  -0.007010   0.017522  -0.039255   0.028743
  34   0.003441   0.008544  -0.024544   0.012560
  35   0.012733   0.001950  -0.014866   0.000183
  36  -0.032284   0.016297   0.003444   0.012544
  37   0.000294   0.040362  -0.056337   0.015681
  38  -0.004414  -0.014204   0.003934   0.014685
  39  -0.044999  -0.001538   0.026574   0.019962
  40  -0.009624   0.011658   0.005488  -0.007522
  41  -0.017668  -0.007717   0.023101   0.002285
  42  -0.029353   0.016680   0.020425  -0.007752
  43  -0.041100   0.016553  -0.009733   0.034280
  44  -0.003503  -0.000636   0.012942  -0.008802
  45   0.000586   0.024109  -0.016500  -0.008195
  46  -0.000379  -0.015352  -0.006993   0.022724
  47  -0.022006   0.014286  -0.011991   0.019710
  48  -0.015685   0.008289   0.011824  -0.004428
  49  -0.011700   0.029329  -0.021413   0.003784
  50   0.000254   0.005943  -0.013848   0.007651
  51   0.002680   0.007418  -0.012639   0.002540
  52   0.004243  -0.004259  -0.002659   0.002675
  53  -0.002800   0.001449  -0.011154   0.012504
  54  -0.009110   0.008069   0.002558  -0.001517
  55   0.011010   0.010354  -0.016542  -0.004822
  56   0.010391  -0.016516  -0.007568   0.013694
  57   0.018378   0.013907  -0.031488  -0.000797
  58  -0.031726   0.008182   0.016139   0.007405
  59   0.001235  -0.012255  -0.007568   0.018588
  60  -0.005218   0.010953  -0.006172   0.000437
  61  -0.012075   0.012014  -0.001147   0.001209
  62   0.009098   0.007686  -0.005063  -0.011721
  63   0.020115  -0.002647  -0.006199  -0.011269
  64   0.001045   0.029636  -0.034247   0.003565
  65   0.005008  -0.022554  -0.004805   0.022352
  66   0.012881   0.014398  -0.044490   0.017211
  67   0.004861   0.004396  -0.010663   0.001405
  68   0.011641   0.011048   0.003710  -0.026399
  69  -0.021525  -0.002381   0.015461   0.008445
  70   0.003800   0.012430  -0.007983  -0.008246
  71  -0.017297   0.036916  -0.010317  -0.009301
  72   0.020252  -0.016130  -0.003310  -0.000811
  73  -0.021342  -0.009148   0.011724   0.018767
  74   0.017385   0.029553  -0.042883  -0.004054
  75  -0.003896   0.013322   0.015843  -0.025269
  76  -0.011421  -0.000314   0.002280   0.009456
  77   0.000856  -0.018590  -0.001999   0.019734
  78   0.027736  -0.011621  -0.017544   0.001429
  79  -0.001280   0.017607  -0.010364  -0.005963
  80  -0.008530   0.012537  -0.010997   0.006990
  81  -0.000317   0.016411  -0.026435   0.010341
  82  -0.009240   0.031449  -0.019213  -0.002996
  83   0.037129   0.003663   0.010434  -0.051226
  84   0.015503   0.015537  -0.007031  -0.024009
  85  -0.017747   0.014495  -0.010090   0.013341
  86  -0.003009  -0.003840   0.002328   0.004521
  87   0.015387  -0.015410   0.003181  -0.003159
  88  -0.023040   0.025000  -0.027892   0.025932
  89   0.009201  -0.000807  -0.039976   0.031582
  90  -0.005786   0.042712  -0.014469  -0.022456
  91  -0.020918   0.018563   0.002308   0.000047
  92  -0.014737   0.057624  -0.016817  -0.026071
  93  -0.009875   0.016568  -0.028530   0.021837
  94  -0.015450   0.040586  -0.026646   0.001511
  95  -0.006262   0.018760  -0.006310  -0.006188
  96  -0.007961   0.002213   0.014926  -0.009178
  97   0.011416  -0.024836   0.009163   0.004257
  98   0.001900   0.013095  -0.009681  -0.005314
  99  -0.013149   0.005188  -0.004994   0.012956
 100   0.007401   0.000153  -0.005839  -0.001716
 101   0.033957   0.005145  -0.013476  -0.025625
 102  -0.000090  -0.001159  -0.001726   0.002975
 103  -0.020183   0.006969   0.002547   0.010667
 104   0.003257   0.012837  -0.003664  -0.012429
 105   0.003392   0.002755   0.000952  -0.007100
 106  -0.003612   0.000424  -0.012828   0.016016
 107  -0.000543  -0.015126  -0.000003   0.015672
 108   0.000891   0.011093  -0.026347   0.014364
 109   0.012439   0.021665  -0.028726  -0.005379
 110   0.008770  -0.007670  -0.006345   0.005245
 111   0.009806  -0.011624  -0.001112   0.002930
 112  -0.021839   0.030589  -0.022716   0.013966
 113  -0.020387   0.019873  -0.010783   0.011296
 114   0.005504   0.008005  -0.015780   0.002272
 115   0.000671   0.010065  -0.011483   0.000747
 116  -0.016974   0.010885   0.005945   0.000143
 117  -0.003935   0.006900  -0.010273   0.007308
 118  -0.004061  -0.008204  -0.005253   0.017518
 119  -0.015509   0.004698  -0.008919   0.019730
 120  -0.004787  -0.005562   0.007147   0.003202
 121   0.006878  -0.010661  -0.018635   0.022418
 122   0.010672  -0.005724  -0.025747   0.020800
 123  -0.018020   0.001499   0.007101   0.009421
 124   0.018054  -0.003946  -0.011318  -0.002790
 125   0.010894   0.014666  -0.035092   0.009532
 126  -0.010002   0.003580   0.002982   0.003440
 127  -0.010049   0.044426  -0.047046   0.012670
 128   0.014409   0.015924  -0.049922   0.019589
 129  -0.001604   0.002963  -0.019191   0.017832
 130  -0.010941   0.018576  -0.013898   0.006263
 131   0.000237   0.021373  -0.038452   0.016842
 132  -0.024384   0.010622  -0.016630   0.030393
 133  -0.013175   0.019815  -0.002491  -0.004149
 134   0.005981   0.010389  -0.001871  -0.014499
 135  -0.002165   0.036674  -0.042772   0.008263
 136  -0.002013   0.030725  -0.019176  -0.009536
 137  -0.003242   0.012439   0.011024  -0.020220
 138  -0.037496   0.003789   0.018653   0.015054
 139  -0.000322   0.045008  -0.023556  -0.021130
 140  -0.009360   0.003581   0.013975  -0.008195
 141  -0.019852   0.008617  -0.020517   0.031752
 142  -0.015582   0.018279   0.009351  -0.012048
 143  -0.007739   0.035233  -0.036801   0.009307
 144  -0.006200  -0.007981  -0.002283   0.016464
 145  -0.032973   0.007234   0.011383   0.014355
 146  -0.022626   0.019319  -0.007202   0.010508
 147  -0.002004   0.049066  -0.031280  -0.015782
 148   0.006804  -0.004518   0.011029  -0.013315
 149  -0.054004   0.033922  -0.000675   0.020758
 150   0.002246   0.010524  -0.001732  -0.011038
 151   0.022785  -0.001031  -0.032718   0.010964
 152  -0.034465   0.036067   0.003118  -0.004720
 153   0.008050   0.003357  -0.027321   0.015914
 154  -0.004894   0.007230  -0.010145   0.007809
 155  -0.028072   0.021473   0.001476   0.005123
 156  -0.002600   0.007587   0.008107  -0.013094
 157  -0.017178   0.006907  -0.019467   0.029737
 158   0.003621   0.017972  -0.016934  -0.004659
 159   0.007078   0.008693  -0.011778  -0.003992
 160   0.013409  -0.005204  -0.021196   0.012990
 161   0.009588  -0.006915  -0.036291   0.033618
 162   0.002496  -0.004695   0.007192  -0.004993
 163  -0.001120   0.006899  -0.028715   0.022935
 164   0.024567   0.020605  -0.028024  -0.017147
 165  -0.019333  -0.001070  -0.001508   0.021911
 166  -0.009215  -0.013403  -0.000618   0.023236
 167  -0.016182   0.008785  -0.016194   0.023592
 168  -0.029128   0.010332  -0.004529   0.023325
 169  -0.019662   0.021216  -0.022189   0.020635
 170  -0.020457   0.029107  -0.031741   0.023091
 171  -0.031574   0.008599   0.011303   0.011672
 172  -0.035454   0.035826  -0.007413   0.007040
 173  -0.021548   0.027807   0.009858  -0.016116
 174  -0.053003   0.031207  -0.009113   0.030910
 175  -0.024421   0.021265   0.048545  -0.045388
 176  -0.034067   0.032200   0.033175  -0.031307
 177  -0.046433   0.024357   0.059027  -0.036951
 178  -0.032691   0.012552   0.061005  -0.040866
 179  -0.017105  -0.011103   0.092261  -0.064053
