pos      val_A      val_C      val_G      val_T
   0  -0.051043   0.057694  -0.002220  -0.004430
   1  -0.049966   0.008679   0.030003   0.011284
   2   0.040988   0.036273   0.026889  -0.104149
   3   0.013224   0.032858   0.013193  -0.059274
   4  -0.054855   0.011194  -0.000609   0.044271
   5   0.011569   0.008742   0.003562  -0.023873
   6  -0.005849   0.010261  -0.032017   0.027604
   7   0.017149   0.006467  -0.025950   0.002334
   8   0.016999   0.015297  -0.003929  -0.028366
   9  -0.050402   0.020636   0.014763   0.015003
  10  -0.010758   0.006558  -0.006906   0.011105
  11  -0.010698  -0.004545   0.000628   0.014614
  12  -0.010873  -0.001624  -0.000546   0.013043
  13   0.028108   0.017067   0.017126  -0.062302
  14   0.004904  -0.005108  -0.022880   0.023085
  15   0.001278   0.012454  -0.007751  -0.005981
  16   0.006298   0.012043   0.002633  -0.020974
  17  -0.022065   0.010346   0.003812   0.007907
  18   0.005792  -0.012965  -0.006209   0.013382
  19   0.007676   0.010333  -0.009510  -0.008499
  20   0.010663  -0.007768   0.001654  -0.004548
  21   0.019661   0.017358   0.004510  -0.041528
  22  -0.002294   0.003886   0.000270  -0.001862
  23  -0.005872   0.051092  -0.029846  -0.015374
  24  -0.011247   0.039091  -0.033650   0.005807
  25  -0.001550   0.021343  -0.009709  -0.010085
  26  -0.013123   0.010971  -0.012497   0.014648
  27  -0.007695   0.032293  -0.003629  -0.020969
  28   0.007524  -0.003502   0.001031  -0.005054
  29   0.006019  -0.000308  -0.009020   0.003309
  30  -0.013635  -0.000965  -0.002237   0.016837
  31   0.013821   0.006771  -0.025489   0.004897
  32   0.002809   0.008367  -0.002821  -0.008356
  33  -0.014651   0.015037  -0.019694   0.019308
  34  -0.000425   0.016062  -0.027198   0.011561
  35   0.004275   0.004971  -0.024040   0.014795
  36  -0.037956   0.016532   0.013514   0.007910
  37  -0.003559   0.018348  -0.029705   0.014916
  38  -0.011911  -0.006486   0.023308  -0.004911
  39  -0.019616  -0.005015   0.024376   0.000256
  40   0.013260  -0.005239  -0.007313  -0.000708
  41  -0.004975  -0.006723   0.007901   0.003796
  42  -0.011789   0.005905   0.005157   0.000727
  43  -0.036356   0.012788  -0.004744   0.028312
  44   0.008391   0.005104   0.001486  -0.014980
  45   0.005880   0.009532  -0.026884   0.011472
  46  -0.008860  -0.003924   0.005121   0.007664
  47  -0.011892   0.007145  -0.009836   0.014583
  48  -0.020951   0.021965  -0.000164  -0.000849
  49  -0.001712   0.006969  -0.015892   0.010635
  50   0.007276   0.007936  -0.003473  -0.011739
  51  -0.014293   0.003523  -0.003935   0.014705
  52   0.018456  -0.009816  -0.011931   0.003291
  53   0.000147   0.004827  -0.014439   0.009464
  54  -0.002883  -0.002309   0.004687   0.000505
  55   0.009189   0.018268  -0.021946  -0.005511
  56   0.003411  -0.003819  -0.001567   0.001975
  57   0.018656   0.012507  -0.036696   0.005533
  58  -0.030580   0.011332   0.012173   0.007075
  59   0.001066  -0.004340  -0.004003   0.007277
  60  -0.002240   0.018280  -0.013148  -0.002893
  61  -0.010802  -0.000616  -0.013327   0.024745
  62   0.004818   0.006885   0.009094  -0.020797
  63   0.019750   0.008359   0.001183  -0.029292
  64  -0.004749   0.026089  -0.028887   0.007547
  65   0.007742  -0.013519   0.000613   0.005165
  66   0.006100   0.015581  -0.028395   0.006714
  67   0.012235   0.003155  -0.020749   0.005358
  68  -0.004733   0.009782   0.006432  -0.011481
  69   0.005757  -0.008340   0.012222  -0.009638
  70  -0.010464   0.031147  -0.011543  -0.009140
  71  -0.008498   0.024503  -0.003915  -0.012090
  72   0.000703  -0.000571  -0.002021   0.001890
  73  -0.003663  -0.010841   0.000684   0.013820
  74   0.010799   0.038637  -0.040618  -0.008818
  75  -0.003589   0.007212  -0.001475  -0.002147
  76   0.000700  -0.012618   0.000293   0.011625
  77  -0.001707   0.016659  -0.022791   0.007839
  78   0.014917  -0.003156  -0.003620  -0.008141
  79   0.001186   0.010589  -0.003286  -0.008489
  80  -0.021413   0.024041  -0.009757   0.007129
  81   0.000962   0.012209  -0.013489   0.000318
  82  -0.011933   0.019752  -0.010788   0.002969
  83   0.035511   0.008820   0.002109  -0.046440
  84   0.026015   0.005663  -0.005130  -0.026548
  85   0.001074   0.004602  -0.016590   0.010915
  86   0.014375  -0.005285  -0.000709  -0.008380
  87   0.012632  -0.010014   0.002413  -0.005031
  88   0.006787   0.002973  -0.017886   0.008126
  89   0.002050  -0.000432  -0.021716   0.020099
  90   0.002196   0.013900  -0.015592  -0.000504
  91   0.002657   0.018490  -0.008025  -0.013122
  92  -0.008034   0.045436  -0.014503  -0.022899
  93  -0.008460   0.028046  -0.016658  -0.002928
  94  -0.010996   0.028738  -0.023315   0.005572
  95   0.000078   0.012364  -0.010304  -0.002139
  96   0.004176  -0.000150  -0.007753   0.003728
  97   0.014739  -0.017929   0.013137  -0.009947
  98  -0.010644   0.017493   0.000065  -0.006915
  99   0.001732   0.006727  -0.008157  -0.000302
 100   0.006325  -0.009041   0.001832   0.000884
 101   0.008693   0.003939   0.001707  -0.014339
 102  -0.001526   0.001676  -0.001195   0.001045
 103  -0.000535   0.003678  -0.005134   0.001992
 104  -0.009537   0.019660  -0.003989  -0.006134
 105   0.001404  -0.001500   0.006604  -0.006508
 106  -0.006588   0.016721  -0.019821   0.009688
 107  -0.017029   0.006741  -0.011182   0.021470
 108  -0.005062   0.002927  -0.003000   0.005135
 109  -0.009097   0.019634  -0.016254   0.005717
 110  -0.006118   0.003472  -0.000025   0.002671
 111   0.007795  -0.000617  -0.006263  -0.000915
 112  -0.015453   0.038909  -0.033698   0.010242
 113  -0.001118   0.013875  -0.012890   0.000133
 114  -0.014006   0.003345   0.004495   0.006167
 115   0.006538   0.002389  -0.012649   0.003722
 116  -0.011453   0.006649   0.004811  -0.000007
 117  -0.000806   0.006520  -0.008029   0.002315
 118  -0.003142  -0.005183  -0.005248   0.013573
 119   0.000491   0.005926  -0.025530   0.019113
 120  -0.003055  -0.004041   0.006709   0.000387
 121   0.003385   0.010571  -0.022602   0.008645
 122   0.002009  -0.004857  -0.015551   0.018400
 123  -0.007368   0.006849  -0.002701   0.003220
 124   0.015704   0.001481  -0.012599  -0.004585
 125   0.014031   0.003086  -0.016218  -0.000899
 126   0.003382   0.014965  -0.008211  -0.010137
 127   0.000350   0.022294  -0.035204   0.012561
 128   0.010239   0.012889  -0.041716   0.018589
 129   0.008561   0.005684  -0.025796   0.011551
 130  -0.011930  -0.007462  -0.003501   0.022893
 131  -0.007518   0.013624  -0.009250   0.003144
 132  -0.014901   0.002623   0.001636   0.010641
 133  -0.020962   0.015545  -0.005449   0.010867
 134  -0.002454   0.009514  -0.005115  -0.001945
 135   0.006842   0.012917  -0.022240   0.002482
 136  -0.000685   0.023433   0.002820  -0.025569
 137  -0.006029   0.008411  -0.002368  -0.000014
 138  -0.019190   0.007117   0.008586   0.003487
 139   0.003830   0.027035  -0.016960  -0.013906
 140  -0.012015   0.000345   0.014601  -0.002931
 141  -0.017241   0.012789  -0.009775   0.014226
 142  -0.021966   0.018643  -0.003639   0.006963
 143  -0.006126   0.019103  -0.027222   0.014245
 144  -0.005765  -0.002397   0.001427   0.006735
 145  -0.004702  -0.001282  -0.001934   0.007918
 146  -0.029746   0.018655   0.004214   0.006877
 147  -0.025842   0.029866  -0.008843   0.004819
 148   0.014398  -0.021036   0.012674  -0.006037
 149  -0.056370   0.031274   0.007365   0.017730
 150   0.008238   0.012346  -0.020453  -0.000132
 151   0.016120   0.007368  -0.028611   0.005123
 152  -0.037839   0.030917  -0.000398   0.007320
 153   0.001625   0.017547  -0.030349   0.011177
 154  -0.005906   0.008105  -0.011477   0.009278
 155  -0.009481   0.020031  -0.012363   0.001813
 156  -0.021039   0.011021   0.011239  -0.001222
 157  -0.011910  -0.004225  -0.018181   0.034315
 158  -0.007862   0.021262  -0.005697  -0.007704
 159   0.004502   0.005791  -0.008729  -0.001564
 160   0.006599   0.011369  -0.004816  -0.013152
 161   0.011203  -0.002289  -0.025119   0.016205
 162  -0.015021   0.016218  -0.013624   0.012426
 163   0.004468   0.008691  -0.031995   0.018836
 164   0.013919   0.002852  -0.030875   0.014104
 165  -0.002926  -0.006809  -0.013704   0.023439
 166   0.000526  -0.003275  -0.015452   0.018201
 167  -0.014401   0.012469  -0.027638   0.029571
 168  -0.008559   0.010985  -0.006560   0.004134
 169   0.002596  -0.011480  -0.029881   0.038766
 170  -0.002500   0.017303  -0.032491   0.017688
 171  -0.016106   0.001937   0.000608   0.013561
 172  -0.029347   0.022120  -0.008253   0.015479
 173  -0.005472   0.008575  -0.005467   0.002364
 174  -0.023644   0.004164  -0.017823   0.037302
 175   0.001469  -0.001124   0.004364  -0.004710
 176  -0.010127   0.016329  -0.010605   0.004403
 177  -0.019311   0.008336   0.028830  -0.017855
 178  -0.016452   0.012148   0.018250  -0.013946
 179  -0.004414   0.003128   0.040005  -0.038719
