pos          info
        0 -2.239462e-03
        1 -8.505240e-04
        2 -3.224553e-03
        3 -8.127714e-04
        4 -8.509879e-04
        5 -1.795243e-04
        6 -1.247803e-04
        7 -6.142128e-04
        8 -5.200314e-04
        9  3.868095e-04
       10  1.466903e-07
       11 -1.002744e-04
       12 -1.236550e-04
       13 -5.423314e-04
       14  2.523289e-05
       15 -1.043249e-06
       16 -4.252065e-06
       17 -1.617648e-04
       18  1.017818e-05
       19  5.941994e-05
       20  6.474609e-05
       21  4.074075e-05
       22  8.896070e-05
       23  6.995122e-04
       24  4.717627e-04
       25  7.771692e-07
       26  3.474567e-04
       27  1.048363e-04
       28  1.631087e-06
       29 -4.911776e-06
       30 -4.299288e-05
       31  2.439366e-05
       32  1.459449e-05
       33  1.141358e-04
       34 -4.908661e-05
       35 -7.560635e-06
       36 -1.063404e-04
       37 -4.949540e-04
       38  1.200296e-04
       39  2.595844e-05
       40  2.220399e-04
       41  3.680738e-06
       42  2.368808e-05
       43  5.702390e-06
       44 -5.127708e-05
       45 -4.152340e-06
       46 -1.068661e-04
       47  6.719369e-05
       48  5.752417e-05
       49  9.108467e-10
       50  6.627521e-05
       51  2.942094e-07
       52  5.454848e-06
       53 -1.653230e-04
       54 -2.283841e-05
       55 -1.551749e-05
       56 -2.753048e-05
       57 -2.876637e-04
       58  1.650513e-05
       59  4.729160e-06
       60  1.043715e-06
       61  6.841784e-05
       62 -3.555235e-07
       63 -1.528673e-05
       64 -1.967402e-05
       65 -1.324878e-05
       66 -1.605366e-04
       67 -1.076664e-04
       68 -6.124669e-06
       69 -4.197278e-05
       70 -1.221494e-04
       71 -4.050542e-08
       72  9.045621e-09
       73  2.548999e-05
       74  1.712620e-04
       75  8.623754e-06
       76  2.270025e-06
       77  8.550631e-06
       78  1.697564e-05
       79 -1.570715e-07
       80 -8.357592e-05
       81  6.369158e-07
       82  2.235770e-06
       83 -1.336440e-04
       84  1.837547e-05
       85  2.010215e-04
       86  2.042930e-05
       87  4.581251e-05
       88  2.915193e-05
       89 -1.130853e-06
       90  2.813432e-04
       91 -6.836262e-05
       92  1.953073e-04
       93  1.076611e-04
       94  4.377385e-04
       95  5.644641e-07
       96  7.632407e-06
       97  1.388114e-05
       98  1.421043e-04
       99 -3.100078e-05
      100 -3.792343e-05
      101 -2.078358e-05
      102 -1.591310e-06
      103 -5.782805e-05
      104 -3.283793e-05
      105 -2.135694e-06
      106  2.791526e-05
      107  1.680261e-05
      108  7.281758e-05
      109 -1.620311e-04
      110  2.182337e-05
      111 -1.223905e-04
      112  1.336008e-04
      113  1.720012e-05
      114  1.813460e-06
      115 -4.060407e-05
      116 -9.139168e-07
      117 -4.145288e-05
      118 -1.662559e-04
      119  2.159261e-05
      120  1.685505e-05
      121 -8.706801e-05
      122  1.356925e-06
      123  4.746552e-05
      124  8.694826e-05
      125 -3.629590e-05
      126 -7.120601e-05
      127 -1.769392e-04
      128 -1.819951e-04
      129 -6.755237e-05
      130  7.815280e-05
      131  1.508026e-04
      132  9.997528e-05
      133 -2.235449e-05
      134 -1.210035e-04
      135 -6.131727e-05
      136  3.401534e-04
      137 -1.325724e-05
      138  2.898143e-06
      139  3.153449e-05
      140  1.664588e-04
      141  5.630343e-05
      142 -3.142778e-05
      143 -4.961854e-05
      144 -4.156835e-06
      145 -3.214160e-04
      146  1.007626e-04
      147  1.965565e-04
      148 -1.392295e-04
      149 -3.164780e-04
      150 -2.658337e-06
      151 -5.177474e-05
      152 -6.721337e-05
      153 -5.392492e-05
      154  5.963726e-07
      155  3.775743e-07
      156  1.340531e-06
      157 -8.099155e-06
      158 -1.500349e-04
      159 -4.204176e-05