pos          info
        0  5.611145e-05
        1  6.310502e-05
        2 -9.119947e-07
        3  2.354457e-06
        4 -4.653915e-06
        5  8.206881e-07
        6  9.337731e-06
        7  1.158481e-05
        8  8.620075e-05
        9  8.063510e-05
       10  5.880138e-05
       11 -3.690708e-05
       12  1.016936e-04
       13  1.254716e-04
       14  1.400682e-04
       15 -1.108340e-06
       16  5.748574e-06
       17 -3.139601e-05
       18 -8.605720e-06
       19 -2.214793e-05
       20  1.255898e-05
       21 -3.236382e-05
       22 -3.032140e-05
       23 -2.948306e-05
       24 -7.202632e-06
       25  9.901314e-06
       26  1.618309e-05
       27  5.890392e-05
       28  1.854074e-04
       29  1.791023e-04
       30  1.396878e-04
       31  7.392617e-05
       32  7.496825e-05
       33  4.866950e-05
       34 -2.455944e-05
       35 -4.500789e-06
       36  1.548967e-05
       37  1.695092e-05
       38  6.747218e-06
       39  2.373025e-05
       40  2.381293e-05
       41 -1.335195e-05
       42 -1.280515e-05
       43 -1.545056e-05
       44  1.369779e-05
       45 -2.586259e-05
       46 -1.666813e-05
       47 -1.919651e-05
       48  2.193028e-05
       49  1.723789e-05
       50  5.460171e-05
       51 -1.507494e-05
       52 -1.696225e-05
       53 -1.260715e-04
       54 -7.924061e-05
       55 -5.680001e-05
       56  2.181807e-05
       57 -3.968399e-05
       58 -5.855807e-05
       59 -6.844665e-05
       60 -1.431577e-05
       61  4.185553e-05
       62  4.716850e-05
       63  3.586750e-05
       64 -2.315971e-05
       65  2.721831e-05
       66  3.539159e-05
       67  1.013528e-04
       68  8.210792e-06
       69  1.649658e-05
       70 -2.256220e-05
       71  1.656946e-05
       72  2.594132e-05
       73  2.098950e-06
       74 -4.848911e-04
       75 -3.759627e-04
       76 -1.072243e-04
       77  5.702525e-04
       78  5.107872e-04
       79  3.260916e-04
       80  1.164726e-04
       81  1.112290e-05
       82 -6.763402e-05
       83 -4.209217e-05
       84  1.269240e-05
       85  4.663409e-06
       86  2.333131e-06
       87 -5.395360e-07
       88 -3.642859e-06
       89  2.360196e-05
       90  1.816372e-05
       91  1.210750e-04
       92  1.624218e-04
       93 -2.554894e-05
       94 -8.906414e-05
       95 -1.652911e-04
       96  2.895696e-06
       97  6.625620e-04
       98  1.430510e-03
       99  1.425248e-03
      100  9.864119e-04
      101  4.841941e-04
      102  1.045838e-03
      103  7.985896e-04
      104  5.301234e-04
      105 -4.062152e-05
      106 -7.777983e-05
      107 -8.467188e-05
      108  2.960344e-05
      109  5.797811e-05
      110  6.276328e-05
      111 -3.869438e-05
      112 -5.340746e-05
      113 -1.115793e-04
      114 -1.252885e-04
      115 -1.658419e-04
      116 -1.386162e-04
      117 -1.285455e-04
      118 -1.187388e-04
      119 -1.041814e-04
      120 -8.132412e-05
      121 -7.351364e-06
      122  2.294995e-05
      123  3.032761e-05
      124  4.396080e-05
      125  5.505570e-05
      126  8.030933e-05
      127  3.958262e-05
      128  2.662209e-05
      129  1.290520e-05
      130  3.767301e-05
      131  3.674043e-05
      132  2.433830e-05
      133 -6.489015e-06
      134 -5.506641e-06
      135  2.929277e-05
      136  2.406350e-06
      137  5.121305e-06
      138 -3.427878e-05
      139 -4.965283e-06
      140  8.756491e-07
      141  6.092977e-07
      142  4.609327e-06
      143  8.696467e-06
      144  2.467157e-05
      145  2.561504e-05
      146  1.303539e-05
      147  3.912017e-05
      148  3.865333e-05
      149  1.312147e-04
      150 -1.377957e-04
      151 -1.394687e-04
      152 -2.644447e-04
      153 -6.436026e-05
      154 -7.369006e-06
      155  1.523960e-04
      156  2.001155e-04
      157  0.000000e+00
      158  0.000000e+00
      159  0.000000e+00