pos      val_A      val_C      val_G      val_T
   0   0.004803  -0.003260   0.006958  -0.008501
   1  -0.009630   0.010704  -0.002404   0.001330
   2  -0.007912  -0.004251   0.001627   0.010536
   3  -0.000404   0.003456   0.007507  -0.010560
   4  -0.004586  -0.000939  -0.008239   0.013764
   5  -0.004886   0.003629   0.000150   0.001108
   6  -0.004383  -0.001270  -0.007892   0.013545
   7   0.000897   0.005470  -0.010211   0.003843
   8   0.011460  -0.007668  -0.001814  -0.001978
   9  -0.013132  -0.001406   0.020429  -0.005891
  10   0.024010   0.002670  -0.017192  -0.009488
  11   0.000522   0.023014  -0.020712  -0.002825
  12   0.007780  -0.020537  -0.012275   0.025032
  13  -0.009542  -0.007737   0.004127   0.013152
  14   0.001609  -0.022114  -0.014423   0.034928
  15  -0.015773   0.023183  -0.009148   0.001739
  16   0.006575  -0.004593   0.004018  -0.006000
  17   0.006496  -0.007512  -0.009214   0.010231
  18  -0.011934  -0.021524   0.007669   0.025789
  19  -0.003833  -0.000363   0.022990  -0.018794
  20  -0.004735  -0.017821   0.019269   0.003287
  21   0.010012   0.018753  -0.004820  -0.023945
  22   0.005343   0.002964   0.009970  -0.018277
  23   0.006576   0.005809   0.003788  -0.016173
  24  -0.002699   0.002041  -0.014529   0.015187
  25   0.013509   0.001112  -0.003456  -0.011165
  26   0.010149  -0.002492  -0.000481  -0.007176
  27   0.011010  -0.011594   0.011973  -0.011389
  28   0.000494  -0.006289   0.002561   0.003233
  29  -0.008617   0.019172  -0.010849   0.000294
  30   0.013313  -0.010461  -0.015369   0.012516
  31   0.008954   0.000810  -0.007081  -0.002683
  32  -0.002010   0.009206   0.004370  -0.011567
  33  -0.022009   0.007779  -0.008817   0.023047
  34   0.004095   0.010161  -0.002051  -0.012205
  35  -0.001993  -0.001273  -0.015853   0.019119
  36   0.008402   0.001774  -0.000861  -0.009314
  37  -0.002837  -0.014433   0.000843   0.016427
  38  -0.000930  -0.001452   0.007186  -0.004803
  39  -0.002697  -0.023290   0.028268  -0.002281
  40   0.013582   0.010656  -0.016857  -0.007382
  41  -0.019027   0.018105  -0.018506   0.019428
  42   0.001969   0.001959  -0.002117  -0.001811
  43   0.009018  -0.003798  -0.012803   0.007583
  44  -0.000489   0.001801   0.003152  -0.004464
  45  -0.013178  -0.006778   0.012645   0.007311
  46  -0.008110  -0.002665  -0.008665   0.019440
  47  -0.002107   0.007299  -0.020044   0.014851
  48  -0.010226   0.008510   0.006697  -0.004980
  49   0.006453   0.009105  -0.010559  -0.004999
  50   0.002849  -0.009091  -0.007234   0.013475
  51   0.006928  -0.018428  -0.000388   0.011888
  52  -0.000676  -0.010038  -0.006374   0.017088
  53   0.014016  -0.010746   0.016279  -0.019549
  54   0.000995  -0.001139  -0.012356   0.012500
  55  -0.030760   0.013213  -0.004817   0.022364
  56   0.003065   0.003706   0.001660  -0.008431
  57   0.023997  -0.014301  -0.003927  -0.005768
  58   0.003766  -0.011671   0.004881   0.003023
  59  -0.006689   0.006092  -0.018498   0.019095
  60  -0.005982   0.014555  -0.000541  -0.008032
  61   0.013169  -0.011895  -0.001010  -0.000264
  62   0.010453  -0.012529   0.014400  -0.012323
  63  -0.015428  -0.007607   0.008632   0.014404
  64  -0.007112  -0.002380  -0.004212   0.013704
  65  -0.017319  -0.001076   0.005659   0.012737
  66  -0.004424   0.002654  -0.001807   0.003578
  67   0.029374   0.003011  -0.019173  -0.013211
  68   0.026442  -0.007028  -0.013980  -0.005434
  69   0.017341  -0.027222   0.028983  -0.019102
  70   0.038079  -0.003964  -0.031141  -0.002974
  71   0.025810  -0.014695  -0.008134  -0.002981
  72   0.017356  -0.002679   0.001973  -0.016650
  73  -0.000371  -0.011050   0.005818   0.005603
  74   0.027045  -0.001982  -0.013573  -0.011490
  75  -0.017715   0.011744   0.015555  -0.009584
  76  -0.034705  -0.028535  -0.117814   0.181054
  77  -0.018637  -0.022423  -0.021756   0.062816
  78  -0.031000  -0.015068   0.073022  -0.026954
  79  -0.001874   0.049679  -0.017119  -0.030686
  80   0.029589   0.000439  -0.020572  -0.009457
  81   0.014474  -0.007762  -0.006775   0.000063
  82  -0.008680  -0.004945  -0.005133   0.018759
  83  -0.003923   0.003000  -0.003656   0.004578
  84   0.005699  -0.002102  -0.021025   0.017427
  85  -0.002824   0.012761  -0.005885  -0.004052
  86   0.003033  -0.004033   0.003938  -0.002938
  87  -0.018098   0.004140   0.004697   0.009261
  88  -0.010523  -0.004113  -0.019139   0.033775
  89  -0.013287  -0.005670   0.004571   0.014387
  90  -0.014750   0.011597   0.013301  -0.010148
  91   0.011206  -0.016120   0.003386   0.001528
  92   0.036951  -0.018226  -0.011370  -0.007355
  93   0.004729   0.001193  -0.014534   0.008612
  94  -0.008210  -0.010261  -0.008698   0.027169
  95  -0.001167   0.005811   0.036818  -0.041463
  96   0.011224  -0.013783   0.015986  -0.013427
  97  -0.006052  -0.000224   0.012572  -0.006295
  98  -0.013088   0.020635   0.003890  -0.011437
  99  -0.029799  -0.038267  -0.030561   0.098627
 100   0.088084  -0.024777  -0.025635  -0.037672
 101  -0.005549  -0.005974  -0.015871   0.027395
 102   0.065718  -0.016059  -0.039034  -0.010625
 103  -0.005184   0.058020  -0.021574  -0.031262
 104  -0.037259  -0.015458  -0.039092   0.091809
 105  -0.009048   0.015197  -0.009752   0.003603
 106  -0.006270  -0.012307   0.007900   0.010678
 107   0.006953   0.011641  -0.001828  -0.016766
 108   0.009731   0.014616  -0.024703   0.000356
 109   0.012458   0.000674  -0.004214  -0.008918
 110  -0.010597   0.022653  -0.014561   0.002504
 111   0.008181  -0.007498  -0.004659   0.003976
 112  -0.029008   0.002985   0.016048   0.009975
 113  -0.005745   0.005570   0.007345  -0.007170
 114   0.001538  -0.012923   0.012154  -0.000769
 115   0.012916  -0.029201   0.021241  -0.004957
 116  -0.016645   0.025628  -0.015225   0.006241
 117  -0.004440   0.021366   0.003134  -0.020061
 118  -0.018435  -0.001923   0.027432  -0.007074
 119  -0.003311  -0.007044   0.007328   0.003027
 120  -0.023773  -0.000362   0.012560   0.011575
 121   0.002567   0.002574  -0.006992   0.001850
 122   0.008713  -0.010691   0.002150  -0.000173
 123   0.025046  -0.019815   0.000246  -0.005478
 124  -0.004891  -0.000028   0.008339  -0.003419
 125  -0.005380   0.007826   0.012221  -0.014666
 126   0.004249  -0.000960  -0.012190   0.008901
 127   0.008957   0.007058   0.004802  -0.020817
 128   0.009106  -0.007581  -0.023003   0.021477
 129  -0.001211  -0.016045  -0.005526   0.022781
 130   0.007566  -0.031173  -0.000979   0.024586
 131  -0.005264  -0.007615  -0.004287   0.017167
 132  -0.014172   0.007885  -0.000282   0.006569
 133  -0.008567   0.009718  -0.008770   0.007619
 134   0.025945   0.002145  -0.024374  -0.003716
 135   0.009900  -0.010097  -0.016817   0.017014
 136   0.000771  -0.004113   0.001684   0.001658
 137   0.015566  -0.009314   0.000549  -0.006801
 138  -0.013153  -0.007965   0.016909   0.004208
 139  -0.019784   0.011451  -0.012924   0.021257
 140  -0.010895  -0.009488   0.005198   0.015186
 141   0.011014  -0.002381  -0.009203   0.000570
 142  -0.000549   0.005236  -0.009536   0.004849
 143  -0.000646   0.005253  -0.008549   0.003942
 144   0.012798  -0.015675   0.012991  -0.010114
 145   0.003370  -0.015206  -0.002257   0.014093
 146   0.018087   0.001967  -0.010805  -0.009249
 147  -0.004929  -0.001593  -0.008662   0.015184
 148   0.001666  -0.009079   0.000015   0.007398
 149  -0.005104  -0.007211  -0.021503   0.033819
 150   0.005666  -0.013842  -0.006976   0.015152
 151  -0.010512  -0.004520   0.021973  -0.006940
 152   0.064311  -0.007714  -0.013042  -0.043555
 153  -0.009897  -0.004513  -0.006051   0.020461
 154  -0.002289  -0.007018   0.010578  -0.001271
 155  -0.001818  -0.023322  -0.021387   0.046527
 156  -0.009368  -0.010612  -0.000743   0.020723
 157   0.001633  -0.013418  -0.015288   0.027073
 158  -0.009182  -0.006567  -0.010915   0.026664
 159  -0.000005  -0.005678   0.020573  -0.014890
 160   0.004864  -0.019315   0.030713  -0.016261
 161  -0.002114  -0.016697   0.017681   0.001131
 162   0.003440  -0.016420   0.028644  -0.015665
 163   0.017070  -0.018993   0.004791  -0.002868
 164   0.012045  -0.009425  -0.008173   0.005554
 165   0.004953  -0.022014   0.007154   0.009908
 166   0.010461  -0.025062   0.007828   0.006773
 167   0.014208  -0.016482   0.009154  -0.006880
 168   0.010868  -0.007185  -0.006496   0.002813
 169   0.019598  -0.020541   0.004514  -0.003572
 170   0.000426  -0.028809   0.025062   0.003321
 171   0.008421  -0.014197   0.010776  -0.005000
 172   0.013651  -0.018699  -0.000394   0.005442
 173   0.008038  -0.026456   0.019090  -0.000672
 174   0.020992  -0.015664  -0.005431   0.000103
 175   0.018815  -0.021471  -0.010238   0.012893
 176   0.019866  -0.029307  -0.013600   0.023041
 177   0.006764  -0.009496   0.001420   0.001313
 178  -0.006410  -0.007505  -0.010493   0.024407
 179   0.005924  -0.021994  -0.009080   0.025150
