pos          info
        0  1.193968e-05
        1  8.180506e-06
        2 -2.648114e-05
        3 -2.869668e-05
        4 -3.683748e-05
        5 -4.419644e-06
        6  1.165833e-06
        7 -3.180376e-05
        8  6.944523e-06
        9  6.954791e-05
       10  8.664029e-05
       11  5.945446e-05
       12  4.952458e-05
       13  6.740516e-05
       14  4.956997e-05
       15 -3.060810e-06
       16 -1.706926e-06
       17 -5.088026e-05
       18 -2.065410e-05
       19 -4.053157e-05
       20  2.244508e-05
       21 -1.989536e-05
       22  5.313738e-06
       23  2.161092e-05
       24  5.146650e-05
       25  7.459397e-05
       26  3.517473e-05
       27  5.772661e-05
       28  6.745208e-05
       29  9.701538e-05
       30  5.644546e-05
       31  2.520192e-05
       32  1.881426e-05
       33  9.811108e-06
       34  4.003055e-05
       35  2.806404e-05
       36  3.886441e-05
       37  6.917256e-08
       38  3.161315e-06
       39  1.492922e-05
       40  1.855426e-05
       41  9.311535e-06
       42 -2.907865e-05
       43 -4.567879e-05
       44 -3.888918e-05
       45 -3.165506e-05
       46  2.796580e-05
       47  2.764058e-05
       48  5.876667e-05
       49  1.375414e-05
       50  1.735165e-05
       51 -9.207072e-05
       52 -9.224210e-05
       53 -1.800322e-04
       54 -4.560916e-05
       55  3.683976e-05
       56  1.117703e-04
       57 -1.347544e-07
       58 -6.452595e-05
       59 -5.027668e-05
       60  2.156010e-05
       61  6.355233e-05
       62  5.818168e-05
       63  3.234407e-05
       64  2.479264e-05
       65  6.387650e-05
       66  9.696749e-05
       67  1.422978e-04
       68  5.346380e-05
       69  8.549353e-05
       70  5.524186e-05
       71  1.050902e-04
       72  6.911337e-05
       73  3.819798e-06
       74 -1.820779e-03
       75 -1.341286e-03
       76 -8.390080e-04
       77  1.150521e-03
       78  7.189196e-04
       79  2.444999e-04
       80  7.954491e-05
       81  3.174584e-05
       82  7.573568e-06
       83  4.596019e-05
       84  4.721533e-05
       85  4.288814e-05
       86 -3.532516e-05
       87 -3.828678e-05
       88 -4.071052e-05
       89 -7.486617e-07
       90 -7.946713e-07
       91  4.298970e-05
       92  7.275570e-05
       93 -1.928083e-05
       94 -4.556618e-05
       95 -7.735396e-05
       96  2.801097e-05
       97  7.381678e-04
       98  1.296724e-03
       99  1.252458e-03
      100  7.392169e-04
      101  4.598359e-04
      102  9.882656e-04
      103  7.830948e-04
      104  5.057722e-04
      105 -3.558612e-05
      106 -6.804031e-05
      107 -7.705547e-05
      108 -2.809416e-05
      109 -1.283993e-06
      110 -2.591803e-05
      111 -1.518219e-04
      112 -1.421647e-04
      113 -1.570627e-04
      114 -7.681541e-05
      115 -1.408051e-04
      116 -1.372534e-04
      117 -9.613879e-05
      118 -1.220953e-04
      119 -7.772410e-05
      120 -9.349115e-05
      121  6.062720e-05
      122  5.800674e-05
      123  7.332266e-05
      124  2.870729e-06
      125  1.137888e-05
      126  1.732292e-05
      127  2.035029e-05
      128 -3.388768e-06
      129 -8.689406e-06
      130 -1.553603e-05
      131 -1.895693e-06
      132 -1.410347e-05
      133 -1.616910e-05
      134  6.644552e-06
      135  7.097097e-05
      136  5.417407e-05
      137  3.787131e-05
      138 -1.465983e-05
      139  6.427821e-08
      140 -1.141453e-07
      141  2.951351e-05
      142  1.989493e-05
      143  2.582889e-05
      144  1.097065e-05
      145  3.539444e-05
      146  2.840809e-05
      147  7.585065e-05
      148  7.660441e-05
      149  7.560670e-05
      150 -9.045717e-05
      151 -6.093612e-05
      152 -6.024349e-05
      153  4.155114e-05
      154  1.181937e-06
      155  4.429092e-05
      156  5.543310e-05
      157  0.000000e+00
      158  0.000000e+00
      159  0.000000e+00