pos      val_A      val_C      val_G      val_T
   0  -0.002767   0.002873  -0.014140   0.014034
   1   0.016737  -0.022035   0.015507  -0.010208
   2   0.013976  -0.006453   0.006011  -0.013533
   3   0.006436  -0.008271  -0.005187   0.007022
   4   0.016148   0.003787   0.000989  -0.020924
   5   0.007783  -0.005591   0.002881  -0.005073
   6   0.005082   0.008114  -0.005006  -0.008190
   7  -0.002365   0.002591   0.025038  -0.025264
   8  -0.015793   0.008121  -0.012511   0.020183
   9   0.024423  -0.012882  -0.020208   0.008667
  10  -0.044392  -0.000813   0.019936   0.025268
  11   0.008642  -0.024347   0.016916  -0.001211
  12  -0.008746   0.019622   0.027109  -0.037986
  13  -0.002561   0.002910  -0.001391   0.001042
  14  -0.004695   0.015183   0.007878  -0.018367
  15   0.021177  -0.018959   0.009521  -0.011738
  16  -0.007032   0.014543  -0.015701   0.008190
  17   0.000925   0.016361  -0.003316  -0.013970
  18   0.011301   0.009549  -0.004953  -0.015897
  19   0.008377  -0.009778  -0.011928   0.013330
  20   0.004629   0.021350  -0.021610  -0.004369
  21  -0.014953  -0.009616  -0.002479   0.027049
  22  -0.000687  -0.003814  -0.008553   0.013054
  23  -0.002172  -0.023477   0.014339   0.011311
  24   0.024446   0.003006  -0.004489  -0.022963
  25  -0.011842   0.003267   0.009943  -0.001368
  26  -0.018596   0.014778  -0.004324   0.008143
  27  -0.019934   0.017576  -0.021713   0.024071
  28  -0.008325   0.000376   0.000300   0.007648
  29   0.025814  -0.025253   0.012251  -0.012812
  30  -0.010053  -0.000622   0.025887  -0.015211
  31  -0.002967  -0.005035   0.007564   0.000439
  32   0.018602  -0.018659  -0.013606   0.013663
  33   0.029321  -0.012000   0.000944  -0.018266
  34  -0.002625  -0.008480   0.004746   0.006359
  35   0.020337  -0.000601   0.006353  -0.026089
  36  -0.020781   0.003982  -0.005851   0.022650
  37   0.005306   0.024745  -0.000928  -0.029122
  38  -0.001986   0.006033  -0.004109   0.000061
  39  -0.014972   0.024311  -0.021888   0.012549
  40  -0.009726  -0.006674   0.014491   0.001909
  41   0.005575  -0.013462   0.031215  -0.023328
  42   0.009143  -0.007885  -0.012087   0.010829
  43  -0.004784  -0.006887   0.014053  -0.002382
  44  -0.010485   0.006462  -0.003999   0.008023
  45   0.012174   0.007196  -0.010215  -0.009156
  46   0.008844  -0.001292   0.004159  -0.011712
  47   0.010656  -0.015722   0.023599  -0.018532
  48   0.000151   0.001055  -0.006386   0.005180
  49   0.008656  -0.015398   0.002659   0.004084
  50   0.003488   0.017047  -0.004418  -0.016117
  51   0.002958   0.009579   0.007039  -0.019575
  52  -0.011746  -0.000699   0.021904  -0.009459
  53  -0.029519   0.013647  -0.018143   0.034015
  54  -0.010608   0.001832   0.019113  -0.010338
  55   0.031671   0.000586  -0.015380  -0.016876
  56  -0.014395  -0.004041   0.003178   0.015258
  57  -0.025993   0.007302   0.011999   0.006692
  58  -0.001559   0.008664  -0.016373   0.009267
  59   0.000427  -0.009782   0.012792  -0.003438
  60   0.005235  -0.018715   0.001635   0.011845
  61  -0.014741   0.024576  -0.010296   0.000461
  62  -0.007260   0.005243  -0.012030   0.014047
  63   0.008247   0.005601  -0.020108   0.006260
  64  -0.003985   0.002133   0.016414  -0.014563
  65   0.006266   0.013860  -0.017672  -0.002455
  66   0.011429  -0.017834   0.007489  -0.001084
  67  -0.036270  -0.010579   0.017559   0.029289
  68  -0.019436   0.013652   0.004120   0.001664
  69  -0.042314   0.045903  -0.031418   0.027829
  70  -0.055130  -0.000181   0.053778   0.001533
  71  -0.033439   0.025030  -0.002569   0.010978
  72  -0.033321   0.009513   0.006769   0.017039
  73   0.001690   0.013112  -0.003588  -0.011214
  74  -0.020322  -0.011923   0.025521   0.006724
  75   0.007080  -0.021981  -0.009064   0.023966
  76   0.057038   0.039676   0.148568  -0.245282
  77   0.037803   0.029870   0.026752  -0.094426
  78   0.037690   0.028434  -0.100926   0.034802
  79  -0.009799  -0.062558   0.038769   0.033587
  80  -0.038475   0.009170   0.024999   0.004306
  81  -0.019095   0.009610   0.005867   0.003618
  82   0.013439   0.007206   0.011259  -0.031903
  83   0.000590  -0.011019   0.008301   0.002129
  84   0.000130  -0.000757   0.007181  -0.006554
  85  -0.004581  -0.002166   0.000086   0.006660
  86   0.003321  -0.001737  -0.009170   0.007586
  87   0.019420   0.002356   0.000021  -0.021797
  88   0.007187   0.001490   0.013602  -0.022278
  89   0.026174   0.009181  -0.014091  -0.021263
  90  -0.001896  -0.003628  -0.011140   0.016664
  91  -0.002053   0.018394  -0.008123  -0.008218
  92  -0.054210   0.029294   0.019973   0.004944
  93  -0.007078   0.016519   0.031626  -0.041067
  94   0.016147   0.015103   0.004684  -0.035934
  95  -0.000144  -0.019950  -0.019016   0.039110
  96  -0.016514   0.022309  -0.020011   0.014216
  97   0.002409  -0.001828  -0.021464   0.020884
  98   0.018200  -0.019444  -0.000069   0.001314
  99   0.027129   0.046346   0.017238  -0.090713
 100  -0.112135   0.027826   0.040636   0.043673
 101   0.017508   0.024828   0.021330  -0.063666
 102  -0.087152   0.019676   0.045664   0.021812
 103  -0.011283  -0.044778   0.029678   0.026383
 104   0.043835   0.016403   0.047630  -0.107868
 105   0.012307  -0.027780   0.012894   0.002579
 106   0.002277   0.002190   0.005775  -0.010242
 107  -0.016798  -0.007658   0.003627   0.020828
 108   0.006481  -0.008505  -0.001655   0.003679
 109  -0.006784  -0.008945   0.009616   0.006112
 110   0.026965  -0.021956   0.002294  -0.007303
 111  -0.006781   0.016982   0.004583  -0.014785
 112   0.022558  -0.005949  -0.018345   0.001736
 113  -0.016849   0.005732  -0.015177   0.026294
 114   0.002254  -0.007750  -0.004652   0.010149
 115  -0.019105   0.022378  -0.008820   0.005548
 116   0.006698  -0.016452   0.018386  -0.008633
 117   0.004396  -0.013971  -0.003692   0.013267
 118   0.017671  -0.000827  -0.025317   0.008474
 119  -0.008202   0.018142   0.003198  -0.013137
 120   0.030590   0.009849  -0.027244  -0.013195
 121   0.005163  -0.008000   0.001311   0.001526
 122  -0.017199   0.015022  -0.002542   0.004718
 123  -0.022450   0.022834   0.005697  -0.006081
 124   0.003142  -0.008080  -0.003428   0.008366
 125   0.006896  -0.016381  -0.009027   0.018512
 126  -0.017231  -0.000559   0.016028   0.001762
 127  -0.001086  -0.002733  -0.007630   0.011449
 128  -0.019786   0.024317   0.017083  -0.021614
 129  -0.003749   0.008694   0.008110  -0.013056
 130  -0.015140   0.018550   0.004837  -0.008248
 131  -0.013616   0.018689  -0.000907  -0.004166
 132   0.004752  -0.007181   0.012013  -0.009585
 133  -0.011525   0.001729   0.011373  -0.001577
 134  -0.026830   0.013686   0.011129   0.002015
 135  -0.005979   0.007900   0.018859  -0.020779
 136   0.006903  -0.002173  -0.017937   0.013207
 137  -0.028422   0.019745   0.000442   0.008236
 138   0.011548   0.002187  -0.009899  -0.003836
 139   0.020814  -0.001064   0.020682  -0.040432
 140   0.003163   0.000688   0.002928  -0.006779
 141  -0.006108  -0.005649   0.003127   0.008630
 142   0.011474  -0.008206  -0.001321  -0.001947
 143   0.007131  -0.027174   0.006981   0.013062
 144  -0.024381   0.019580  -0.018126   0.022927
 145  -0.010480   0.029388   0.009604  -0.028511
 146  -0.018713   0.009475   0.003067   0.006172
 147   0.009166  -0.003983   0.013947  -0.019130
 148  -0.019475   0.010626  -0.000858   0.009707
 149  -0.004056   0.007267   0.025982  -0.029193
 150  -0.024563   0.021096   0.007312  -0.003844
 151   0.004109  -0.006507  -0.011221   0.013619
 152  -0.039067   0.004346   0.017926   0.016795
 153  -0.000653   0.002491   0.007678  -0.009516
 154   0.013126   0.004305  -0.011659  -0.005771
 155   0.010679   0.028732  -0.009203  -0.030208
 156   0.002895   0.009397   0.001363  -0.013654
 157   0.006244   0.016870   0.008620  -0.031734
 158   0.012288  -0.001923   0.009649  -0.020014
 159  -0.008245   0.009570  -0.011846   0.010520
 160  -0.002771   0.011876  -0.023476   0.014370
 161   0.008363  -0.000158  -0.015646   0.007440
 162  -0.012187   0.017718  -0.027816   0.022286
 163  -0.013207   0.007725  -0.005098   0.010581
 164  -0.003958   0.005261   0.000629  -0.001931
 165  -0.003210   0.007140  -0.004502   0.000572
 166  -0.004058   0.007558  -0.005516   0.002016
 167  -0.013162  -0.007380  -0.005868   0.026410
 168  -0.022760   0.022593   0.003302  -0.003135
 169  -0.031129   0.012738   0.005632   0.012758
 170  -0.021713   0.037447  -0.017052   0.001318
 171  -0.034352   0.033807  -0.003756   0.004301
 172  -0.016397   0.025477  -0.000220  -0.008860
 173  -0.021708   0.028138   0.005772  -0.012202
 174  -0.043084   0.013614   0.028036   0.001435
 175  -0.049087   0.030666   0.030423  -0.012002
 176  -0.049121   0.050761   0.037442  -0.039082
 177  -0.051853   0.037954   0.039488  -0.025589
 178  -0.024510   0.015770   0.060154  -0.051414
 179  -0.021428   0.016614   0.055979  -0.051164
