pos          info
        0  1.996831e-05
        1  1.537930e-05
        2 -1.638427e-05
        3 -1.637098e-05
        4 -2.856601e-05
        5 -3.186422e-06
        6  1.526924e-07
        7 -3.518487e-05
        8  2.937505e-07
        9  6.189764e-05
       10  8.524973e-05
       11  6.126345e-05
       12  5.100942e-05
       13  6.798422e-05
       14  4.674230e-05
       15 -3.634195e-06
       16 -2.829438e-06
       17 -5.688057e-05
       18 -2.373460e-05
       19 -4.095744e-05
       20  2.923019e-05
       21 -2.068661e-05
       22  5.268356e-06
       23  1.408887e-05
       24  4.631611e-05
       25  5.948030e-05
       26  3.072134e-05
       27  5.879002e-05
       28  7.366228e-05
       29  1.020216e-04
       30  5.777231e-05
       31  2.809242e-05
       32  1.779353e-05
       33  6.692672e-06
       34  3.455203e-05
       35  2.460619e-05
       36  3.809463e-05
       37 -7.304384e-08
       38  1.116152e-06
       39  1.007885e-05
       40  1.571531e-05
       41  8.307811e-06
       42 -2.612512e-05
       43 -5.263633e-05
       44 -4.575553e-05
       45 -4.136955e-05
       46  1.509073e-05
       47  1.397435e-05
       48  4.288433e-05
       49  1.056874e-05
       50  1.564370e-05
       51 -9.233353e-05
       52 -9.237766e-05
       53 -1.898879e-04
       54 -5.656269e-05
       55  2.167606e-05
       56  1.028102e-04
       57 -4.458593e-06
       58 -5.943997e-05
       59 -4.065318e-05
       60  3.077806e-05
       61  6.512585e-05
       62  5.730416e-05
       63  2.992798e-05
       64  1.840722e-05
       65  4.305385e-05
       66  7.507266e-05
       67  1.436198e-04
       68  5.871388e-05
       69  8.337348e-05
       70  4.236388e-05
       71  1.025218e-04
       72  7.360151e-05
       73  1.052615e-06
       74 -1.754571e-03
       75 -1.323094e-03
       76 -8.562239e-04
       77  1.056304e-03
       78  6.667098e-04
       79  2.373687e-04
       80  8.065120e-05
       81  4.089458e-05
       82  6.969686e-06
       83  3.821244e-05
       84  3.875349e-05
       85  3.645052e-05
       86 -3.096529e-05
       87 -3.380817e-05
       88 -3.688567e-05
       89 -5.954219e-07
       90 -8.309073e-07
       91  4.198484e-05
       92  7.796190e-05
       93 -1.737017e-05
       94 -4.947068e-05
       95 -8.774485e-05
       96  2.131623e-05
       97  6.626981e-04
       98  1.216318e-03
       99  1.166674e-03
      100  7.293502e-04
      101  4.494299e-04
      102  9.424992e-04
      103  7.333053e-04
      104  4.616060e-04
      105 -3.583036e-05
      106 -6.566470e-05
      107 -7.634862e-05
      108 -2.860783e-05
      109  2.653882e-08
      110 -2.659333e-05
      111 -1.671255e-04
      112 -1.624029e-04
      113 -1.657087e-04
      114 -7.860359e-05
      115 -1.388174e-04
      116 -1.620109e-04
      117 -1.153920e-04
      118 -1.397764e-04
      119 -7.619985e-05
      120 -9.232469e-05
      121  7.701167e-05
      122  7.152202e-05
      123  8.741199e-05
      124 -8.469655e-07
      125  1.394592e-05
      126  1.917296e-05
      127  2.012977e-05
      128 -1.296228e-05
      129 -1.786072e-05
      130 -2.247728e-05
      131 -2.483651e-06
      132 -1.217128e-05
      133 -1.320532e-05
      134  5.665993e-06
      135  7.087923e-05
      136  5.804139e-05
      137  4.635801e-05
      138 -9.731163e-06
      139  2.073786e-06
      140 -7.205075e-07
      141  3.103610e-05
      142  2.458183e-05
      143  3.189811e-05
      144  1.691429e-05
      145  3.823462e-05
      146  3.066507e-05
      147  7.926877e-05
      148  7.732310e-05
      149  7.686608e-05
      150 -1.078829e-04
      151 -7.653843e-05
      152 -7.563666e-05
      153  4.101191e-05
      154  1.211360e-06
      155  4.403916e-05
      156  6.148681e-05
      157  0.000000e+00
      158  0.000000e+00
      159  0.000000e+00