pos      val_A      val_C      val_G      val_T
   0  -0.012195  -0.012571   0.013109   0.011657
   1   0.002779  -0.017003  -0.000912   0.015135
   2   0.000450  -0.002312   0.010549  -0.008688
   3  -0.000437  -0.018362  -0.006229   0.025028
   4  -0.015162  -0.003505   0.003240   0.015426
   5  -0.012901   0.041387  -0.012161  -0.016324
   6  -0.016695  -0.011916   0.025145   0.003465
   7   0.015724  -0.000981  -0.019885   0.005141
   8  -0.007276  -0.008335  -0.017965   0.033576
   9   0.016507  -0.028056   0.003194   0.008356
  10  -0.000395  -0.010516  -0.012669   0.023580
  11   0.004280  -0.023607   0.025473  -0.006147
  12  -0.009632  -0.002410   0.005829   0.006214
  13   0.004657   0.027778  -0.037749   0.005313
  14   0.027151  -0.030325  -0.012420   0.015595
  15  -0.002757   0.006476  -0.008756   0.005038
  16  -0.019053   0.021140   0.002398  -0.004484
  17  -0.028789   0.043918  -0.012103  -0.003027
  18   0.012670  -0.008012   0.022631  -0.027289
  19  -0.005322   0.025836  -0.010108  -0.010406
  20  -0.025240   0.022229  -0.034131   0.037142
  21   0.005304  -0.000332   0.004952  -0.009923
  22   0.004808   0.030229   0.000516  -0.035553
  23   0.009938  -0.014876   0.002962   0.001976
  24   0.009814  -0.004772   0.000433  -0.005474
  25   0.025234  -0.001887  -0.003996  -0.019351
  26   0.003595   0.011072  -0.009099  -0.005568
  27  -0.012514   0.014974   0.007908  -0.010367
  28  -0.016657   0.019857   0.004893  -0.008093
  29  -0.004623   0.017106   0.000035  -0.012518
  30  -0.001740   0.009277  -0.000736  -0.006802
  31   0.000779   0.016836  -0.025235   0.007620
  32   0.011115   0.003549  -0.024981   0.010317
  33  -0.004559   0.024151  -0.010107  -0.009485
  34   0.011867  -0.006204  -0.000705  -0.004958
  35   0.020221  -0.009849  -0.023362   0.012991
  36   0.011548  -0.004782   0.001085  -0.007851
  37  -0.004788  -0.004895   0.019651  -0.009968
  38  -0.000084  -0.013874   0.027381  -0.013422
  39  -0.010974   0.005251   0.014706  -0.008983
  40  -0.022891   0.018456   0.007298  -0.002863
  41  -0.006935   0.010925  -0.016870   0.012881
  42   0.025383  -0.018413   0.013707  -0.020677
  43  -0.016949   0.024833   0.011516  -0.019400
  44   0.009503   0.004903  -0.006363  -0.008043
  45   0.010341   0.005273  -0.014785  -0.000829
  46  -0.002934   0.026639   0.023762  -0.047466
  47  -0.013608   0.008352  -0.008076   0.013333
  48  -0.003585   0.002063  -0.011235   0.012758
  49   0.000380  -0.007784   0.019363  -0.011959
  50   0.017061   0.021934  -0.017511  -0.021484
  51  -0.002004   0.013538   0.001810  -0.013344
  52   0.016138  -0.004705  -0.012166   0.000733
  53   0.002780  -0.001900   0.012530  -0.013411
  54  -0.024793  -0.002585   0.023939   0.003439
  55  -0.004012   0.013516  -0.008902  -0.000602
  56  -0.011391   0.022878  -0.003090  -0.008397
  57   0.001557   0.011241  -0.018322   0.005524
  58  -0.009200   0.007905   0.018967  -0.017672
  59  -0.002205   0.003325   0.013991  -0.015111
  60  -0.023201   0.009742   0.044291  -0.030832
  61   0.012068   0.020288   0.025796  -0.058153
  62  -0.039067   0.017187   0.072927  -0.051047
  63   0.006183   0.012527   0.043735  -0.062445
  64   0.002879   0.002603   0.040587  -0.046069
  65  -0.008768   0.009943   0.022555  -0.023730
  66  -0.023746   0.023577   0.010561  -0.010392
  67   0.037331   0.004494  -0.021392  -0.020433
  68   0.000314  -0.001982   0.004902  -0.003235
  69   0.012048   0.010979  -0.027964   0.004937
  70  -0.006149  -0.009027  -0.000347   0.015522
  71  -0.006302   0.006581  -0.004657   0.004378
  72   0.003471  -0.004041   0.020191  -0.019622
  73  -0.008834  -0.005005   0.015905  -0.002066
  74   0.012747  -0.031971   0.014471   0.004754
  75  -0.015392  -0.016128   0.007969   0.023551
  76   0.008532  -0.041845   0.043606  -0.010292
  77   0.021851  -0.099796   0.032753   0.045192
  78   0.065654   0.059069   0.048235  -0.172958
  79   0.048484   0.081584   0.080997  -0.211065
  80   0.028550   0.078873  -0.132061   0.024637
  81  -0.098845   0.033639   0.039061   0.026145
  82  -0.056879   0.009119   0.039780   0.007980
  83  -0.023586   0.015177   0.014380  -0.005971
  84   0.006440   0.008448  -0.003383  -0.011505
  85  -0.039611   0.009831   0.023292   0.006487
  86   0.018265  -0.023298  -0.002870   0.007903
  87  -0.025393   0.011951  -0.000045   0.013486
  88  -0.021426   0.014187  -0.018088   0.025327
  89   0.002324   0.015258  -0.012021  -0.005562
  90  -0.016125   0.016958  -0.016397   0.015564
  91   0.003193   0.006419  -0.007453  -0.002159
  92   0.020529   0.009483  -0.008548  -0.021464
  93   0.011739  -0.008134   0.003350  -0.006955
  94  -0.017526   0.003852  -0.005047   0.018721
  95  -0.010760  -0.009190   0.018696   0.001253
  96  -0.045664   0.056364  -0.056306   0.045606
  97   0.021822  -0.007880   0.023261  -0.037204
  98   0.007035  -0.105915   0.075927   0.022953
  99   0.021984  -0.103751   0.020361   0.061407
 100   0.064123  -0.124013   0.039626   0.020264
 101  -0.007895  -0.096134   0.086743   0.017286
 102  -0.196394   0.077200   0.039548   0.079647
 103  -0.003291   0.007788   0.039980  -0.044477
 104  -0.068073   0.009488   0.031162   0.027423
 105  -0.042047   0.045204   0.041676  -0.044833
 106  -0.030523  -0.024013   0.061983  -0.007447
 107  -0.027761   0.019704   0.050052  -0.041995
 108  -0.035450   0.026316   0.034681  -0.025547
 109   0.002244   0.019794   0.010868  -0.032906
 110  -0.015959   0.019847   0.026515  -0.030403
 111  -0.034361   0.035849   0.028826  -0.030314
 112  -0.026610   0.025790   0.039055  -0.038235
 113  -0.040235   0.067468  -0.012343  -0.014890
 114  -0.066601   0.063983  -0.040014   0.042632
 115  -0.021960   0.028671  -0.024723   0.018012
 116  -0.018347   0.021114  -0.020657   0.017890
 117  -0.029123  -0.003612  -0.016817   0.049552
 118   0.008112   0.015226  -0.034336   0.010997
 119  -0.009449   0.002639   0.015652  -0.008842
 120   0.022091   0.011430  -0.033482  -0.000039
 121  -0.022178   0.025872  -0.018971   0.015277
 122  -0.029344  -0.006346   0.017315   0.018375
 123  -0.015776   0.021577   0.007054  -0.012855
 124   0.008390   0.012608  -0.015075  -0.005923
 125  -0.053344   0.015626  -0.001232   0.038950
 126  -0.013110   0.020206  -0.003472  -0.003624
 127  -0.032852   0.033701   0.020822  -0.021671
 128   0.035129   0.010780  -0.011379  -0.034530
 129   0.005752   0.021091  -0.031000   0.004157
 130  -0.003375   0.018891  -0.009866  -0.005650
 131  -0.018558   0.011761  -0.010916   0.017713
 132   0.017384  -0.006301  -0.000588  -0.010495
 133   0.010680   0.007046  -0.017573  -0.000154
 134   0.010654   0.006377  -0.012421  -0.004609
 135  -0.006822   0.003410  -0.034339   0.037751
 136  -0.014998   0.047199  -0.010916  -0.021285
 137   0.028416  -0.005580  -0.011655  -0.011180
 138   0.016699   0.015997  -0.028391  -0.004306
 139   0.003972   0.014517  -0.012846  -0.005643
 140   0.017956   0.004385  -0.024323   0.001982
 141  -0.025758   0.018934  -0.014691   0.021515
 142  -0.026499   0.036400   0.003234  -0.013136
 143   0.013473   0.023590  -0.023786  -0.013277
 144   0.019097   0.003282  -0.014417  -0.007962
 145  -0.041767   0.050567  -0.006327  -0.002473
 146  -0.013535   0.029616  -0.020392   0.004310
 147  -0.017292   0.035196  -0.009595  -0.008310
 148   0.002030   0.026970  -0.039804   0.010804
 149   0.008580   0.015996  -0.032073   0.007497
 150  -0.023452   0.005855   0.006918   0.010679
 151  -0.002541   0.026037  -0.021769  -0.001727
 152  -0.014978   0.035064  -0.021771   0.001684
 153  -0.009095   0.027576  -0.022626   0.004145
 154   0.020345   0.045067  -0.055608  -0.009804
 155   0.018428  -0.000131  -0.031907   0.013610
 156   0.002282   0.026070  -0.011036  -0.017316
 157   0.022768   0.005671  -0.032121   0.003682
 158  -0.011830   0.052844  -0.056020   0.015006
 159  -0.051832   0.026588  -0.012793   0.038037
 160   0.010118   0.007017  -0.047269   0.030135
 161  -0.003338   0.000198  -0.010009   0.013149
 162  -0.004393  -0.001811  -0.005733   0.011936
 163  -0.009113   0.012992  -0.007565   0.003687
 164  -0.008365   0.006178  -0.010041   0.012229
 165   0.009124   0.003927  -0.018040   0.004989
 166  -0.004294   0.009206  -0.015875   0.010963
 167  -0.000394  -0.001442  -0.012085   0.013920
 168  -0.009382   0.015564  -0.010588   0.004407
 169  -0.019162   0.017826  -0.000311   0.001647
 170  -0.012745   0.031611  -0.017190  -0.001676
 171  -0.017017   0.023784  -0.006015  -0.000752
 172  -0.019117   0.020122  -0.001428   0.000422
 173  -0.024111   0.005884   0.020267  -0.002040
 174  -0.029533   0.013588   0.017413  -0.001468
 175  -0.013836   0.005861   0.011195  -0.003220
 176  -0.020082   0.001484   0.019379  -0.000780
 177  -0.035377   0.016448   0.037343  -0.018415
 178  -0.018358   0.007257   0.035059  -0.023958
 179  -0.019219  -0.004499   0.051218  -0.027500
