pos      val_A      val_C      val_G      val_T
   0   0.047611  -0.023706  -0.020350  -0.003556
   1   0.000191  -0.002354   0.029114  -0.026952
   2  -0.011491   0.020117   0.009938  -0.018565
   3   0.032480   0.003338  -0.026878  -0.008940
   4   0.003133  -0.018381  -0.018456   0.033704
   5   0.008065  -0.009124  -0.010482   0.011542
   6   0.024614  -0.006269  -0.023900   0.005555
   7   0.014176  -0.017607   0.004185  -0.000753
   8  -0.014285   0.012804   0.013788  -0.012307
   9   0.024503   0.023510  -0.004893  -0.043120
  10  -0.032562   0.044189  -0.025917   0.014290
  11  -0.018174  -0.002913   0.001912   0.019174
  12  -0.032854   0.017137   0.036279  -0.020562
  13   0.028674  -0.033776   0.017978  -0.012876
  14   0.001307   0.009407   0.012564  -0.023278
  15  -0.009565  -0.034502   0.023130   0.020936
  16  -0.000616   0.003290  -0.013490   0.010816
  17   0.013439  -0.018596  -0.008951   0.014107
  18  -0.023037   0.004685   0.010932   0.007419
  19   0.024850  -0.037279  -0.012507   0.024935
  20   0.022872   0.014996  -0.026377  -0.011491
  21   0.002921  -0.015129   0.017885  -0.005678
  22  -0.010992  -0.012846  -0.039193   0.063031
  23  -0.001106  -0.007168  -0.004499   0.012773
  24   0.007894   0.019298  -0.014559  -0.012633
  25   0.000519  -0.018088   0.009145   0.008423
  26   0.013081  -0.008963   0.040714  -0.044833
  27   0.001946  -0.022549  -0.002280   0.022883
  28   0.005292  -0.005511   0.013552  -0.013333
  29  -0.019112  -0.023683   0.011505   0.031290
  30   0.014016  -0.004559   0.010368  -0.019826
  31   0.030571  -0.022321   0.005785  -0.014035
  32   0.001815  -0.016888   0.033827  -0.018754
  33  -0.012606   0.032762   0.004947  -0.025103
  34   0.013955  -0.013483  -0.002043   0.001572
  35   0.010629   0.021109  -0.025257  -0.006481
  36   0.018199  -0.012340  -0.020910   0.015051
  37   0.006741  -0.033301  -0.010970   0.037530
  38   0.043565   0.018489  -0.027145  -0.034910
  39   0.008299  -0.006077   0.003929  -0.006151
  40   0.041314  -0.017451   0.003897  -0.027760
  41   0.025875  -0.002365  -0.014846  -0.008664
  42   0.005858   0.035395  -0.038155  -0.003098
  43  -0.024570  -0.020115   0.011772   0.032913
  44   0.006024   0.003237   0.031426  -0.040687
  45  -0.017719   0.002304  -0.003815   0.019230
  46  -0.005317  -0.014576   0.002276   0.017616
  47   0.010870   0.007207  -0.010232  -0.007844
  48  -0.000314  -0.005144   0.002711   0.002747
  49   0.041962  -0.009389  -0.029945  -0.002628
  50  -0.011356  -0.007968   0.011992   0.007332
  51   0.000788  -0.007954  -0.014565   0.021731
  52   0.011462  -0.004370  -0.007564   0.000472
  53   0.029929  -0.034729  -0.000712   0.005511
  54  -0.002772   0.026522  -0.012170  -0.011580
  55  -0.001978   0.002169  -0.002090   0.001899
  56   0.003854   0.012693  -0.003394  -0.013153
  57   0.038518  -0.026246   0.002274  -0.014546
  58   0.001189  -0.008119  -0.013037   0.019967
  59  -0.033640  -0.015859   0.003833   0.045666
  60  -0.042787   0.018744   0.002461   0.021582
  61   0.002428  -0.003402  -0.003128   0.004102
  62   0.061080  -0.019395   0.009135  -0.050820
  63  -0.006954  -0.014219   0.012627   0.008545
  64  -0.031490   0.045934  -0.015893   0.001449
  65   0.019290  -0.001652  -0.004438  -0.013200
  66   0.043208  -0.028079  -0.008502  -0.006628
  67   0.034907   0.011125  -0.019090  -0.026942
  68   0.011671   0.011276  -0.005447  -0.017501
  69  -0.030959  -0.010163   0.007052   0.034069
  70   0.006377  -0.016667  -0.000868   0.011158
  71   0.032376  -0.001742  -0.023159  -0.007476
  72   0.014137  -0.004460  -0.021500   0.011822
  73   0.007386  -0.035513   0.013637   0.014490
  74  -0.001867   0.022713   0.000916  -0.021762
  75   0.031090  -0.017456   0.001362  -0.014995
  76   0.001097   0.010594  -0.018062   0.006371
  77   0.010723  -0.005020   0.005500  -0.011204
  78  -0.025808   0.002346   0.041922  -0.018460
  79  -0.021142  -0.013047   0.022590   0.011599
  80   0.035569   0.007243  -0.012834  -0.029978
  81  -0.022866  -0.017753   0.065845  -0.025225
  82   0.004049   0.038865  -0.039040  -0.003873
  83  -0.006974  -0.013518   0.001156   0.019336
  84  -0.008462  -0.008751   0.030574  -0.013360
  85  -0.033663   0.014545  -0.001385   0.020503
  86  -0.013882   0.028056  -0.017354   0.003179
  87   0.037818   0.006508  -0.019213  -0.025114
  88   0.042126  -0.010075  -0.030989  -0.001061
  89  -0.006473   0.024428  -0.016596  -0.001359
  90   0.010785  -0.019124   0.021095  -0.012756
  91  -0.019084  -0.002988  -0.004205   0.026277
  92  -0.043701  -0.001313   0.008315   0.036698
  93  -0.015876   0.028683  -0.024764   0.011956
  94   0.000733  -0.017546   0.014309   0.002504
  95   0.014637   0.008261  -0.028435   0.005536
  96   0.017505  -0.018907  -0.016891   0.018294
  97  -0.011160   0.025682   0.015958  -0.030479
  98   0.003248  -0.030049  -0.000458   0.027259
  99   0.010829  -0.001830   0.024843  -0.033842
 100   0.044281  -0.021679  -0.030280   0.007678
 101  -0.007639  -0.064682   0.034571   0.037750
 102  -0.014349   0.014675   0.011339  -0.011664
 103  -0.007045   0.007698  -0.026579   0.025927
 104  -0.008907   0.004564  -0.015704   0.020047
 105  -0.007716  -0.007343  -0.015048   0.030106
 106  -0.000433   0.004386  -0.007997   0.004044
 107  -0.011927  -0.028613   0.019790   0.020750
 108   0.003811   0.018932  -0.015359  -0.007385
 109  -0.040083   0.007057  -0.018610   0.051637
 110  -0.026139  -0.046735  -0.031110   0.103983
 111   0.003346  -0.016636   0.036487  -0.023197
 112   0.128539  -0.020061  -0.045027  -0.063451
 113  -0.014382   0.039785  -0.021080  -0.004322
 114   0.035323  -0.019513  -0.013940  -0.001869
 115  -0.004856  -0.025307   0.004509   0.025654
 116   0.001475   0.000486  -0.001180  -0.000781
 117  -0.015949  -0.022589   0.027191   0.011348
 118   0.008593  -0.015999   0.024686  -0.017280
 119   0.014578  -0.000283  -0.004642  -0.009653
 120   0.001213   0.044901  -0.015720  -0.030394
 121  -0.020137   0.039664  -0.007068  -0.012459
 122  -0.007720  -0.013988  -0.021625   0.043333
 123  -0.000111  -0.024045   0.012143   0.012012
 124   0.036566  -0.021515  -0.020624   0.005573
 125   0.040072  -0.029903   0.022767  -0.032936
 126   0.021004  -0.027385   0.002704   0.003677
 127  -0.018202  -0.003710  -0.014987   0.036899
 128  -0.023167   0.048645  -0.011742  -0.013736
 129  -0.025754  -0.007828  -0.012346   0.045928
 130  -0.016986  -0.081949   0.000703   0.098232
 131  -0.018564  -0.005676   0.050283  -0.026043
 132   0.011412  -0.034416  -0.035509   0.058512
 133   0.086533  -0.033627  -0.022915  -0.029991
 134   0.030920  -0.028112  -0.027444   0.024636
 135   0.007252  -0.006007   0.022929  -0.024173
 136   0.061838   0.006259  -0.039342  -0.028755
 137  -0.033994   0.007772  -0.027266   0.053488
 138   0.008593  -0.028411  -0.002569   0.022387
 139  -0.024514   0.030109   0.001712  -0.007307
 140  -0.026776   0.004049   0.017966   0.004761
 141   0.011148  -0.026982   0.016477  -0.000643
 142  -0.000190  -0.013931  -0.012203   0.026325
 143   0.007191  -0.004369  -0.000772  -0.002051
 144  -0.009954  -0.007455  -0.007913   0.025322
 145   0.008286  -0.034722  -0.015250   0.041686
 146  -0.018402  -0.005447   0.039166  -0.015316
 147   0.012239  -0.012138  -0.007212   0.007111
 148  -0.013888   0.012695  -0.020438   0.021631
 149  -0.015985   0.009078  -0.001493   0.008400
 150  -0.002557   0.014267   0.012825  -0.024534
 151  -0.007252   0.012792  -0.015757   0.010217
 152   0.001646  -0.018139   0.019419  -0.002926
 153  -0.000530   0.007189  -0.002128  -0.004531
 154  -0.030307   0.004562   0.013775   0.011970
 155   0.020196  -0.010197  -0.025170   0.015171
 156   0.000705   0.000503   0.012027  -0.013235
 157   0.005023  -0.030962   0.039237  -0.013299
 158   0.004880  -0.007149   0.006097  -0.003829
 159  -0.022711   0.008441  -0.022850   0.037119
 160  -0.020711  -0.010212   0.032417  -0.001494
 161   0.012837   0.003075  -0.019123   0.003210
 162  -0.007675   0.032983  -0.007224  -0.018083
 163  -0.021516  -0.000609   0.009683   0.012442
 164   0.001512  -0.017276   0.012424   0.003341
 165  -0.021149   0.003978   0.024256  -0.007085
 166  -0.003342  -0.000207  -0.007836   0.011385
 167  -0.016403   0.014515  -0.000573   0.002461
 168   0.014835  -0.004807  -0.015777   0.005749
 169  -0.007140   0.008105  -0.016115   0.015151
 170   0.019268  -0.006053  -0.027614   0.014400
 171   0.009514  -0.019536  -0.010192   0.020213
 172   0.031470  -0.003623  -0.030552   0.002705
 173   0.028429  -0.004555  -0.014361  -0.009512
 174   0.049386  -0.040984  -0.002335  -0.006067
 175   0.003498   0.027251  -0.026160  -0.004589
 176   0.038148  -0.016208  -0.018436  -0.003505
 177   0.046774  -0.032330  -0.018765   0.004322
 178   0.007604   0.011923  -0.047663   0.028137
 179  -0.001730   0.025916  -0.084225   0.060039
