pos          info
        0  1.487028e-04
        1  1.081987e-04
        2 -2.196133e-06
        3 -1.973887e-04
        4 -6.502471e-05
        5 -2.260866e-04
        6  4.062197e-06
        7  1.764072e-05
        8 -8.020844e-05
        9 -1.888478e-04
       10 -3.700224e-06
       11 -9.210983e-05
       12 -4.016273e-04
       13  1.888777e-05
       14 -8.520454e-06
       15  3.085071e-04
       16  1.528466e-06
       17  7.615667e-05
       18 -8.846555e-05
       19  6.067953e-06
       20  9.449621e-05
       21  3.434976e-05
       22 -1.103469e-04
       23  1.526183e-05
       24 -1.338713e-07
       25  3.151841e-06
       26 -7.416040e-05
       27 -4.353546e-04
       28  3.270323e-05
       29  2.590203e-07
       30 -3.879435e-07
       31 -1.077003e-04
       32 -1.402770e-04
       33  3.950185e-04
       34 -2.100997e-05
       35  5.041040e-04
       36  1.331490e-04
       37 -2.812785e-04
       38  6.259744e-05
       39 -6.382044e-05
       40  8.859069e-05
       41 -1.332970e-05
       42  1.368234e-04
       43  6.613083e-04
       44 -1.822189e-04
       45  5.125117e-06
       46  6.236926e-05
       47  1.057489e-05
       48  6.551920e-09
       49 -5.779893e-05
       50  2.727118e-04
       51  6.822667e-06
       52 -1.643330e-04
       53  1.372073e-05
       54  4.009734e-04
       55  7.482792e-05
       56  4.048101e-04
       57  5.648668e-06
       58  3.907944e-06
       59  7.193844e-05
       60  8.434059e-05
       61  1.153413e-05
       62 -7.356721e-05
       63  5.535061e-05
       64  2.210742e-04
       65 -1.236277e-06
       66 -1.375425e-05
       67  1.192425e-05
       68 -3.296462e-05
       69  1.715815e-04
       70 -1.044341e-04
       71 -1.262541e-04
       72  2.530883e-05
       73 -2.992621e-04
       74  7.545441e-05
       75 -5.585022e-05
       76  3.046634e-05
       77  8.372417e-05
       78  1.732309e-05
       79  1.927308e-04
       80  6.036881e-05
       81  1.368253e-05
       82  5.642926e-05
       83 -4.715610e-07
       84  2.461530e-05
       85  6.511060e-06
       86  7.751679e-05
       87 -6.612428e-05
       88 -1.054601e-06
       89 -1.779977e-05
       90  7.626948e-05
       91  1.504750e-06
       92 -3.214293e-06
       93  1.266109e-04
       94 -1.709367e-05
       95  1.107180e-04
       96  5.360825e-06
       97  3.284492e-05
       98  5.244600e-05
       99  2.650504e-05
      100 -1.185010e-04
      101 -6.872578e-04
      102 -6.126075e-06
      103  1.106150e-04
      104  1.049802e-06
      105  1.265922e-04
      106  1.214175e-07
      107  4.936128e-06
      108  5.740384e-06
      109  9.287594e-04
      110 -3.014267e-04
      111  5.690222e-05
      112 -7.395963e-04
      113  1.136147e-04
      114  1.406579e-04
      115  9.964694e-06
      116 -1.314110e-06
      117 -9.727091e-05
      118  4.160426e-05
      119 -4.631596e-08
      120  5.430978e-04
      121 -7.674148e-09
      122 -1.855845e-05
      123 -5.063329e-05
      124  2.930576e-04
      125  5.285108e-04
      126  5.330449e-04
      127  6.659099e-05
      128  1.087415e-04
      129 -9.744155e-05
      130 -1.163738e-03
      131  1.606728e-04
      132  5.661078e-04
      133  3.558311e-04
      134  7.263573e-05
      135  1.372050e-04
      136  7.874348e-06
      137  1.883810e-04
      138 -7.586416e-04
      139 -1.431440e-05
      140  3.586284e-05
      141 -3.766116e-08
      142 -6.590612e-05
      143  1.103331e-06
      144  5.811960e-04
      145 -6.326385e-04
      146  1.454197e-05
      147 -6.323455e-05
      148  5.374301e-05
      149 -1.248527e-05
      150 -3.378299e-05
      151 -9.374583e-06
      152  4.698336e-06
      153  4.818542e-06
      154 -1.491196e-05
      155  1.764783e-05
      156 -3.218512e-04
      157  1.731335e-05
      158  2.825273e-05
      159  2.208750e-05