pos      val_A      val_C      val_G      val_T
   0  -0.052851   0.030839   0.016998   0.005013
   1  -0.007561   0.016152  -0.021076   0.012485
   2  -0.005380  -0.013608   0.002988   0.016000
   3  -0.021005  -0.012647   0.012769   0.020883
   4  -0.000126   0.006670  -0.014066   0.007522
   5  -0.020493   0.002530   0.032230  -0.014267
   6  -0.017595   0.001764   0.025910  -0.010080
   7   0.004414   0.017842  -0.016048  -0.006209
   8   0.005230  -0.016055   0.000976   0.009849
   9  -0.029984  -0.016884   0.005311   0.041557
  10   0.020308  -0.025834   0.014913  -0.009386
  11   0.022052  -0.000022   0.002143  -0.024173
  12   0.032290  -0.011356  -0.023545   0.002611
  13  -0.021335   0.030879  -0.021700   0.012156
  14   0.007243  -0.016903   0.012601  -0.002941
  15   0.004177   0.024815  -0.024248  -0.004745
  16   0.008927   0.001057  -0.006387  -0.003596
  17  -0.012940   0.021708  -0.017943   0.009175
  18  -0.002406   0.007469   0.007483  -0.012546
  19  -0.017210   0.020264  -0.007463   0.004409
  20  -0.010420  -0.000666  -0.005648   0.016734
  21   0.001300  -0.003353   0.009610  -0.007557
  22  -0.011567   0.005712   0.038077  -0.032221
  23   0.011459   0.005448  -0.015259  -0.001648
  24  -0.015590  -0.010810   0.021084   0.005316
  25   0.000948   0.016433  -0.004682  -0.012700
  26   0.013902  -0.003949  -0.031904   0.021951
  27   0.014315   0.019388  -0.004631  -0.029072
  28  -0.000521  -0.002658  -0.000941   0.004120
  29   0.001414   0.010056  -0.010591  -0.000878
  30  -0.012313   0.000078  -0.001935   0.014170
  31  -0.018609   0.015344   0.010515  -0.007250
  32   0.000294   0.009714  -0.024667   0.014659
  33  -0.014388  -0.003046   0.012590   0.004844
  34  -0.012136   0.003201  -0.006236   0.015171
  35   0.002976  -0.032831   0.016812   0.013044
  36  -0.013741   0.010962   0.002769   0.000010
  37  -0.019056   0.048828  -0.011082  -0.018690
  38  -0.022839  -0.003523   0.017170   0.009192
  39  -0.011311   0.028553   0.009568  -0.026810
  40  -0.000607   0.007082  -0.024673   0.018198
  41  -0.004046   0.011827  -0.014947   0.007166
  42  -0.004703  -0.015932   0.023509  -0.002875
  43   0.010762   0.019336   0.002333  -0.032431
  44  -0.005748  -0.002741  -0.021203   0.029692
  45   0.016384  -0.007497   0.012085  -0.020972
  46   0.012716   0.014203  -0.019136  -0.007784
  47  -0.003123   0.013939  -0.000017  -0.010799
  48   0.003640   0.006318  -0.003192  -0.006766
  49  -0.027861   0.035827  -0.001173  -0.006793
  50   0.010679   0.010015  -0.009226  -0.011468
  51  -0.013938   0.024182   0.021220  -0.031464
  52   0.000884   0.002137   0.000255  -0.003275
  53  -0.003300   0.016375  -0.001847  -0.011228
  54   0.014822  -0.023965  -0.011057   0.020199
  55   0.003357  -0.001869   0.014727  -0.016215
  56  -0.017162   0.019481  -0.003959   0.001640
  57  -0.019190   0.017422  -0.011461   0.013230
  58   0.003192   0.006980   0.018460  -0.028632
  59   0.029775   0.011585  -0.015855  -0.025505
  60   0.031648  -0.023061  -0.002012  -0.006575
  61   0.002308   0.015931   0.003302  -0.021540
  62  -0.044898   0.005944   0.003282   0.035673
  63  -0.002266   0.021329  -0.009899  -0.009164
  64   0.018334  -0.039030   0.019112   0.001584
  65  -0.018250  -0.003932   0.004431   0.017751
  66  -0.051131   0.026757   0.004757   0.019617
  67  -0.007355  -0.028980   0.014679   0.021656
  68  -0.018171  -0.020643   0.017850   0.020965
  69   0.023333   0.007654  -0.003842  -0.027145
  70   0.002867  -0.001982  -0.004157   0.003273
  71  -0.028865   0.003683   0.013731   0.011451
  72  -0.008736   0.002457   0.008186  -0.001907
  73  -0.004607   0.034314  -0.021877  -0.007830
  74   0.020267  -0.021863  -0.015118   0.016714
  75  -0.017309   0.035465  -0.014608  -0.003548
  76   0.007346  -0.024765   0.026998  -0.009578
  77  -0.001696  -0.007476   0.015902  -0.006730
  78   0.023968  -0.003034  -0.034733   0.013798
  79   0.011341   0.012748   0.018742  -0.042831
  80  -0.034200   0.005074   0.009502   0.019624
  81   0.000532   0.009209  -0.029146   0.019404
  82   0.001833  -0.038921   0.022610   0.014478
  83  -0.001372   0.011915  -0.008975  -0.001569
  84   0.000004   0.004977  -0.021553   0.016571
  85   0.006221  -0.018756   0.008882   0.003654
  86   0.014751  -0.017901   0.004229  -0.001079
  87  -0.039122   0.016088   0.017885   0.005149
  88  -0.029569   0.011872   0.009309   0.008389
  89   0.000463  -0.011319   0.020085  -0.009229
  90  -0.008565   0.011818  -0.017747   0.014494
  91   0.016118   0.014997  -0.009440  -0.021675
  92   0.023968  -0.022957   0.007196  -0.008207
  93   0.003698  -0.031018   0.018303   0.009016
  94   0.003949   0.008185  -0.022670   0.010536
  95   0.008259  -0.041876   0.023345   0.010271
  96  -0.024061   0.015005   0.000115   0.008940
  97   0.013782  -0.032687  -0.018682   0.037587
  98   0.013795  -0.009201   0.015339  -0.019933
  99   0.004971   0.004448  -0.031580   0.022160
 100  -0.017476   0.019274   0.006857  -0.008655
 101   0.020368   0.047663  -0.045134  -0.022896
 102   0.013939  -0.023048  -0.002694   0.011803
 103   0.006116   0.013450   0.017244  -0.036810
 104   0.002697  -0.013308   0.022122  -0.011511
 105   0.009344   0.012432   0.006414  -0.028189
 106  -0.006874   0.015794   0.007445  -0.016365
 107   0.014054   0.018160  -0.014021  -0.018193
 108  -0.000281  -0.029246   0.022295   0.007232
 109   0.032090   0.011171   0.020345  -0.063607
 110   0.022305   0.039989   0.034327  -0.096621
 111  -0.013300   0.023360  -0.015514   0.005454
 112  -0.094908   0.015986   0.027054   0.051868
 113   0.018888  -0.015969  -0.004103   0.001184
 114  -0.037851   0.017503   0.011605   0.008743
 115   0.004796   0.003837  -0.011511   0.002878
 116  -0.003086   0.008986  -0.019333   0.013433
 117   0.002553   0.013500  -0.014894  -0.001159
 118  -0.001351   0.016856  -0.015098  -0.000408
 119  -0.004596  -0.003225   0.006422   0.001399
 120  -0.015759  -0.017142   0.019130   0.013771
 121   0.012119  -0.007374  -0.005396   0.000650
 122  -0.000975   0.014981   0.018178  -0.032184
 123  -0.019451   0.011629   0.010635  -0.002814
 124  -0.028527   0.018448   0.016714  -0.006635
 125  -0.047509   0.018422  -0.007906   0.036994
 126  -0.033362   0.024318   0.013560  -0.004516
 127   0.017287  -0.020062   0.022575  -0.019801
 128   0.017981  -0.026749   0.007837   0.000931
 129   0.016350   0.018737  -0.009818  -0.025269
 130   0.017259   0.067150  -0.011658  -0.072751
 131   0.003291   0.017892  -0.040861   0.019678
 132   0.022817   0.025853   0.022171  -0.070840
 133  -0.045257   0.022088   0.011069   0.012100
 134  -0.016462   0.038820   0.019247  -0.041605
 135  -0.017036   0.012651  -0.021625   0.026010
 136  -0.061660   0.017286   0.026002   0.018372
 137   0.026768   0.009551   0.019641  -0.055961
 138  -0.014213   0.039212   0.000330  -0.025329
 139   0.013825  -0.007727  -0.009968   0.003870
 140   0.014597   0.002052  -0.020083   0.003435
 141  -0.013976   0.022969  -0.007127  -0.001866
 142  -0.023147   0.021283   0.007203  -0.005338
 143   0.005879  -0.008548  -0.008842   0.011511
 144   0.007468   0.010675   0.009654  -0.027797
 145  -0.034492   0.042548   0.009360  -0.017416
 146   0.015721   0.010120  -0.038442   0.012600
 147  -0.005536   0.028471  -0.017701  -0.005234
 148   0.018622  -0.019564   0.016195  -0.015252
 149   0.018492  -0.018541   0.010187  -0.010139
 150  -0.013901  -0.004006  -0.003688   0.021596
 151   0.008453  -0.005646   0.001248  -0.004055
 152   0.030961   0.000298  -0.025356  -0.005903
 153  -0.012205  -0.006070   0.008257   0.010018
 154   0.031375   0.000762  -0.007012  -0.025125
 155   0.012321   0.005033  -0.002340  -0.015014
 156   0.001717   0.007967  -0.004897  -0.004786
 157   0.018148   0.011166  -0.025176  -0.004137
 158  -0.002432   0.015308  -0.022675   0.009799
 159  -0.009197  -0.001199   0.015450  -0.005054
 160   0.036002   0.002957  -0.067551   0.028593
 161  -0.031955   0.009121   0.019606   0.003227
 162   0.013750  -0.026712  -0.004839   0.017802
 163   0.003104  -0.013030  -0.009431   0.019357
 164   0.017181   0.019550  -0.022231  -0.014500
 165   0.002499   0.012045  -0.035200   0.020655
 166   0.005487  -0.001186  -0.009569   0.005268
 167   0.015607   0.004452  -0.012050  -0.008010
 168   0.007691   0.015937  -0.021925  -0.001703
 169  -0.021496   0.013154   0.015873  -0.007532
 170   0.010551   0.022589  -0.019948  -0.013191
 171  -0.011166   0.033000   0.006635  -0.028469
 172  -0.036116   0.015264   0.010332   0.010520
 173  -0.017459   0.028797   0.009644  -0.020981
 174  -0.039906   0.046434  -0.010296   0.003768
 175  -0.013089  -0.013494   0.013345   0.013239
 176  -0.023500   0.001201   0.001720   0.020579
 177  -0.044658   0.045184   0.000327  -0.000853
 178   0.015055  -0.027915   0.053218  -0.040357
 179  -0.028001  -0.038053   0.081126  -0.015071
