pos       info
        0   0.000220
        1  -0.000061
        2  -0.000064
        3  -0.000142
        4  -0.000089
        5  -0.000009
        6   0.000060
        7   0.000038
        8  -0.000031
        9  -0.000023
       10  -0.000009
       11  -0.000007
       12  -0.000029
       13   0.000004
       14   0.000020
       15   0.000063
       16   0.000032
       17   0.000054
       18   0.000040
       19   0.000063
       20  -0.000012
       21  -0.000221
       22  -0.000170
       23  -0.000073
       24   0.000133
       25   0.000082
       26   0.000016
       27  -0.000013
       28  -0.000045
       29  -0.000111
       30  -0.000093
       31   0.000002
       32   0.000099
       33   0.000149
       34   0.000072
       35   0.000024
       36   0.000027
       37   0.000019
       38   0.000164
       39   0.000133
       40   0.000157
       41   0.000194
       42   0.000196
       43   0.000192
       44  -0.000028
       45  -0.000030
       46  -0.000046
       47   0.000004
       48   0.000034
       49  -0.000016
       50  -0.000235
       51  -0.000178
       52   0.000084
       53   0.000304
       54   0.000211
       55   0.000029
       56   0.000037
       57   0.000041
       58   0.000125
       59   0.000382
       60   0.000374
       61   0.000288
       62   0.000217
       63   0.000248
       64   0.000230
       65   0.000081
       66   0.000050
       67   0.000193
       68   0.000072
       69   0.000091
       70   0.000039
       71   0.000058
       72   0.000065
       73  -0.000031
       74   0.000241
       75   0.000305
       76   0.000514
       77   0.000566
       78   0.000677
       79   0.000564
       80   0.000452
       81   0.000206
       82   0.000095
       83  -0.000053
       84  -0.000010
       85  -0.000164
       86  -0.000165
       87  -0.000165
       88   0.000028
       89   0.000027
       90   0.000028
       91   0.000002
       92  -0.000017
       93   0.000045
       94   0.000048
       95   0.000104
       96   0.000389
       97   0.000496
       98   0.000842
       99   0.000456
      100   0.000661
      101   0.000608
      102   0.000645
      103   0.000560
      104   0.000227
      105   0.000228
      106  -0.000013
      107   0.000303
      108   0.000233
      109   0.000243
      110  -0.000226
      111  -0.000157
      112  -0.000095
      113   0.000009
      114   0.000010
      115  -0.000048
      116   0.000024
      117   0.000023
      118  -0.000052
      119  -0.000070
      120  -0.000123
      121  -0.000073
      122  -0.000042
      123   0.000270
      124   0.000576
      125   0.000547
      126   0.000470
      127   0.000181
      128  -0.000067
      129   0.000004
      130   0.000305
      131   0.000655
      132   0.000405
      133   0.000134
      134  -0.000021
      135   0.000246
      136   0.000151
      137   0.000185
      138   0.000058
      139   0.000145
      140   0.000163
      141   0.000017
      142   0.000023
      143  -0.000188
      144  -0.000212
      145  -0.000269
      146  -0.000063
      147  -0.000056
      148  -0.000010
      149  -0.000033
      150  -0.000004
      151   0.000001
      152  -0.000207
      153  -0.000215
      154  -0.000237
      155  -0.000043
      156  -0.000070
      157   0.000000
      158   0.000000
      159   0.000000