pos          info
        0 -5.366333e-03
        1  5.044817e-04
        2 -3.375414e-04
        3  1.751911e-03
        4 -1.078999e-03
        5  2.065710e-03
        6  8.710831e-05
        7  2.993124e-04
        8  1.700346e-03
        9  1.179084e-03
       10  2.775757e-04
       11  9.646629e-04
       12  1.638052e-03
       13 -3.255479e-03
       14  2.847168e-03
       15 -1.445556e-03
       16 -1.526286e-05
       17 -3.033504e-03
       18  2.666452e-03
       19 -3.571094e-04
       20 -5.592012e-05
       21 -5.742952e-04
       22 -1.292484e-03
       23 -1.098379e-03
       24  5.562830e-05
       25  8.035165e-04
       26  2.894216e-04
       27 -6.086185e-05
       28 -4.387199e-05
       29 -2.980812e-04
       30  8.168163e-04
       31  4.310692e-04
       32 -1.118081e-03
       33 -1.014849e-04
       34 -6.421971e-04
       35  1.228665e-03
       36  1.717622e-03
       37  7.126952e-03
       38 -2.977628e-04
       39 -1.418549e-03
       40 -3.837771e-04
       41 -2.260252e-03
       42 -3.299692e-05
       43 -4.331718e-03
       44 -1.839717e-03
       45 -1.201438e-03
       46  4.208983e-04
       47  3.284648e-05
       48 -1.646267e-04
       49  3.232580e-04
       50  1.603889e-03
       51  5.976432e-04
       52 -4.175522e-04
       53 -1.896525e-03
       54 -3.985609e-03
       55 -7.900098e-05
       56 -1.985171e-04
       57 -6.014827e-05
       58 -1.561929e-03
       59 -2.051946e-03
       60  3.229709e-03
       61  1.432441e-03
       62  4.355130e-03
       63  9.086108e-04
       64  4.441020e-04
       65 -1.275957e-03
       66 -6.021554e-06
       67 -1.912878e-03
       68 -7.440671e-04
       69 -1.666640e-03
       70  4.163032e-04
       71  2.316013e-03
       72 -2.215097e-05
       73 -4.184590e-03
       74 -1.083255e-03
       75 -1.281974e-03
       76 -9.587776e-04
       77 -9.253719e-04
       78 -4.713458e-04
       79 -1.962741e-03
       80 -8.289885e-04
       81 -4.663383e-05
       82 -1.778852e-06
       83 -5.739379e-05
       84 -4.482577e-03
       85  7.822767e-04
       86  1.752474e-03
       87  1.749875e-04
       88 -9.401867e-04
       89 -2.315487e-03
       90 -5.851953e-04
       91 -5.916664e-05
       92 -1.647369e-06
       93 -5.376665e-03
       94 -5.232257e-05
       95 -2.091238e-03
       96 -4.121391e-03
       97 -5.712956e-03
       98 -1.850603e-03
       99  1.811294e-04
      100  4.056049e-04
      101  8.072345e-03
      102  4.028366e-04
      103 -5.681914e-03
      104 -2.056736e-04
      105 -2.309740e-03
      106 -1.923720e-04
      107 -3.729149e-04
      108 -1.027410e-03
      109 -1.144149e-02
      110 -1.194330e-02
      111 -2.292007e-03
      112 -1.576595e-02
      113 -1.488230e-03
      114 -3.934735e-03
      115 -9.685564e-04
      116 -2.440176e-04
      117 -9.985950e-05
      118 -1.219484e-04
      119 -6.508991e-04
      120 -8.315728e-03
      121 -4.292858e-04
      122 -2.575059e-04
      123 -5.271091e-04
      124 -4.486451e-03
      125 -1.018631e-02
      126 -7.868934e-03
      127 -5.666898e-05
      128  6.737362e-03
      129 -1.038573e-03
      130 -3.220936e-02
      131 -5.564527e-03
      132 -2.070267e-02
      133 -1.247434e-02
      134 -8.934124e-04
      135 -5.023444e-04
      136 -1.043362e-03
      137 -7.353169e-03
      138 -3.889729e-03
      139 -3.405133e-04
      140 -1.329428e-03
      141 -1.674426e-03
      142 -2.843375e-04
      143 -5.765692e-04
      144 -8.267889e-03
      145  1.092903e-03
      146  4.255347e-03
      147 -3.325172e-04
      148 -2.312507e-07
      149 -3.240171e-04
      150 -4.046398e-03
      151 -2.870653e-05
      152 -5.821098e-04
      153 -1.038238e-04
      154 -5.887045e-04
      155 -1.169466e-03
      156 -3.757766e-04
      157 -2.605779e-05
      158 -3.035854e-06
      159 -6.528706e-04