pos      val_A      val_C      val_G      val_T
   0  -0.009021  -0.009608  -0.000098   0.018727
   1   0.008464  -0.008917   0.007532  -0.007079
   2  -0.006505   0.003875   0.019432  -0.016801
   3   0.011410  -0.005691   0.010188  -0.015907
   4   0.019560  -0.034338   0.012558   0.002220
   5  -0.006523   0.010132  -0.004316   0.000707
   6   0.007821  -0.013980   0.020422  -0.014263
   7  -0.003844  -0.008487  -0.019832   0.032163
   8  -0.009908   0.003856   0.006686  -0.000634
   9  -0.018130  -0.015276   0.005731   0.027675
  10   0.038979  -0.000873  -0.028830  -0.009276
  11  -0.000057  -0.000183   0.008127  -0.007887
  12  -0.029898   0.034779  -0.016572   0.011691
  13   0.005333  -0.027690   0.016211   0.006146
  14  -0.000868  -0.008558   0.004887   0.004539
  15  -0.003262   0.033443  -0.022375  -0.007806
  16  -0.019435   0.006635  -0.005851   0.018651
  17   0.003643  -0.004240  -0.006821   0.007419
  18  -0.015299   0.011233  -0.004957   0.009024
  19   0.000090  -0.001002  -0.002837   0.003749
  20  -0.009246   0.014247  -0.005186   0.000185
  21  -0.003576  -0.022988   0.025067   0.001497
  22  -0.024279  -0.000549  -0.016049   0.040877
  23  -0.006226  -0.000827   0.011588  -0.004536
  24   0.005337  -0.016419   0.007907   0.003174
  25   0.009187  -0.008156  -0.006399   0.005368
  26  -0.016383  -0.025430   0.025900   0.015912
  27  -0.007582  -0.011188  -0.003010   0.021780
  28  -0.005726  -0.022011   0.025965   0.001772
  29   0.027284  -0.025335  -0.003007   0.001058
  30  -0.010835  -0.011639   0.005066   0.017408
  31   0.011458   0.013557   0.000945  -0.025961
  32  -0.007999  -0.002448   0.009779   0.000668
  33   0.033435  -0.028850   0.006310  -0.010896
  34  -0.004132  -0.014339  -0.004539   0.023010
  35  -0.030791   0.038355  -0.004019  -0.003546
  36  -0.019864  -0.018983   0.053311  -0.014464
  37   0.009409  -0.031219   0.009736   0.012074
  38  -0.003095   0.009584  -0.004177  -0.002312
  39  -0.015233   0.012024  -0.027040   0.030249
  40   0.004085   0.002539  -0.010912   0.004288
  41   0.002490   0.005942   0.008473  -0.016904
  42   0.014883  -0.017815  -0.008938   0.011870
  43  -0.001678  -0.009729  -0.006031   0.017438
  44   0.032519  -0.007245  -0.016850  -0.008425
  45  -0.012279   0.000408   0.003809   0.008062
  46   0.006867  -0.015590  -0.028107   0.036830
  47   0.020021  -0.014141  -0.000436  -0.005445
  48   0.020013  -0.006318  -0.007065  -0.006630
  49  -0.019471  -0.010376   0.047207  -0.017359
  50  -0.029341   0.038248  -0.014885   0.005978
  51  -0.020261   0.000297  -0.004744   0.024707
  52   0.002674  -0.009405   0.001539   0.005193
  53   0.003728   0.010593   0.002180  -0.016501
  54  -0.002561   0.029899  -0.013597  -0.013740
  55  -0.015629   0.015827   0.014260  -0.014458
  56  -0.009180   0.004964   0.024630  -0.020414
  57  -0.012827   0.010065  -0.008666   0.011427
  58   0.009245   0.016384  -0.012832  -0.012797
  59  -0.022010   0.021913   0.012306  -0.012208
  60   0.009227  -0.006253   0.004068  -0.007041
  61   0.002550  -0.003957   0.011024  -0.009617
  62   0.026053  -0.029835   0.000314   0.003468
  63   0.003727   0.001089   0.028202  -0.033018
  64  -0.002389  -0.020398   0.033578  -0.010791
  65   0.004144  -0.007900  -0.011202   0.014958
  66   0.010176   0.015973  -0.005640  -0.020509
  67  -0.017194   0.003051  -0.016896   0.031038
  68  -0.007717   0.018225   0.031785  -0.042293
  69   0.002310   0.010403   0.003328  -0.016041
  70  -0.003690   0.005679   0.006436  -0.008424
  71  -0.018932   0.003688   0.004323   0.010921
  72   0.008780   0.003807  -0.012780   0.000193
  73  -0.006785  -0.017366   0.008904   0.015246
  74  -0.001874  -0.014911  -0.009759   0.026544
  75  -0.024301   0.000940   0.023942  -0.000581
  76  -0.013336   0.010354   0.003631  -0.000648
  77  -0.003727   0.016778  -0.010278  -0.002773
  78  -0.010684  -0.015956   0.007333   0.019307
  79   0.015243  -0.015013   0.021740  -0.021971
  80  -0.022816  -0.018661   0.003723   0.037754
  81  -0.005267  -0.017432  -0.027295   0.049994
  82  -0.004412  -0.008932  -0.004039   0.017383
  83   0.026157  -0.007742  -0.003494  -0.014921
  84   0.008698  -0.008112  -0.008141   0.007555
  85   0.005063  -0.003908   0.024916  -0.026071
  86  -0.014970   0.032305  -0.026910   0.009575
  87  -0.006706   0.017915  -0.010686  -0.000523
  88  -0.001883  -0.007993   0.020033  -0.010157
  89   0.016929  -0.012584  -0.004598   0.000253
  90   0.040192   0.007712  -0.029905  -0.017998
  91  -0.003102   0.012656  -0.004787  -0.004767
  92  -0.022196   0.013297  -0.007146   0.016045
  93  -0.003789  -0.005008   0.009959  -0.001162
  94  -0.018754   0.022780  -0.005845   0.001819
  95  -0.027751  -0.018500   0.002837   0.043414
  96   0.059399   0.000153  -0.001854  -0.057697
  97   0.008419  -0.007565  -0.018868   0.018014
  98  -0.022196  -0.006992   0.000472   0.028716
  99  -0.003727  -0.007904   0.010530   0.001101
 100  -0.016454  -0.029106  -0.025064   0.070624
 101  -0.003834  -0.017572   0.003447   0.017958
 102   0.003183  -0.000132   0.000877  -0.003928
 103  -0.014162  -0.032588  -0.007633   0.054383
 104   0.049944  -0.028942  -0.011107  -0.009895
 105   0.003083  -0.010574  -0.016099   0.023590
 106   0.019645   0.003042  -0.019469  -0.003217
 107   0.069849   0.017618  -0.007145  -0.080322
 108   0.005067  -0.035008  -0.002672   0.032613
 109   0.008807  -0.020532   0.024134  -0.012409
 110  -0.013649  -0.027299   0.031985   0.008963
 111  -0.002589   0.008312   0.000430  -0.006153
 112  -0.014950   0.009045   0.013067  -0.007163
 113  -0.011858  -0.007674   0.006175   0.013358
 114   0.010257  -0.000470   0.013249  -0.023036
 115   0.025774   0.003224  -0.003241  -0.025757
 116   0.002312   0.000041   0.011509  -0.013862
 117  -0.013672   0.012907   0.044754  -0.043989
 118  -0.000519   0.018207  -0.014032  -0.003656
 119  -0.022030  -0.005024   0.025534   0.001520
 120   0.016980  -0.013956   0.026672  -0.029696
 121   0.024843   0.004830  -0.025622  -0.004051
 122  -0.013343   0.018346  -0.000856  -0.004148
 123  -0.020871  -0.001325   0.008895   0.013301
 124  -0.009523   0.002913   0.019069  -0.012459
 125  -0.005154  -0.004738   0.011155  -0.001263
 126   0.013630  -0.007355   0.025801  -0.032075
 127   0.018328  -0.011944  -0.014095   0.007710
 128   0.005192  -0.025925   0.011717   0.009016
 129  -0.015063   0.019348   0.012201  -0.016486
 130   0.005494  -0.009945   0.023121  -0.018670
 131  -0.000932   0.016695  -0.010972  -0.004791
 132  -0.061278  -0.023857   0.024027   0.061108
 133   0.018212  -0.014183  -0.005425   0.001396
 134   0.014943  -0.022394   0.023790  -0.016340
 135  -0.036276   0.022880   0.001114   0.012282
 136  -0.009566   0.020808   0.001882  -0.013125
 137  -0.001839   0.001556  -0.008951   0.009234
 138   0.027839  -0.021721   0.002893  -0.009011
 139  -0.008452   0.010966   0.000043  -0.002557
 140  -0.012685   0.037338   0.007758  -0.032411
 141   0.017967   0.016582  -0.029243  -0.005307
 142  -0.003651  -0.003461   0.015991  -0.008879
 143   0.082717  -0.034505   0.021917  -0.070128
 144   0.032406  -0.005572  -0.024177  -0.002657
 145  -0.035984   0.024143   0.027540  -0.015698
 146  -0.007501  -0.012179   0.000864   0.018815
 147   0.015087  -0.036356   0.003519   0.017750
 148   0.024113   0.019324  -0.021623  -0.021815
 149  -0.013747  -0.000268  -0.011767   0.025781
 150   0.014499  -0.020137  -0.021669   0.027307
 151   0.008191  -0.015059  -0.007682   0.014550
 152   0.009601   0.005437  -0.007565  -0.007473
 153  -0.000326  -0.004002  -0.021212   0.025541
 154  -0.002130   0.004577  -0.010402   0.007956
 155  -0.008007   0.008471  -0.018522   0.018057
 156   0.014752  -0.005070  -0.010605   0.000923
 157   0.030600   0.011396  -0.007098  -0.034898
 158   0.011956  -0.004304   0.013683  -0.021336
 159  -0.007436   0.030717  -0.017322  -0.005959
 160   0.039810  -0.013759  -0.022060  -0.003991
 161   0.009504  -0.017632   0.008081   0.000046
 162  -0.001923  -0.041354   0.019821   0.023456
 163   0.019249   0.004515  -0.005897  -0.017867
 164  -0.000067  -0.000792   0.000718   0.000141
 165   0.011859   0.000719  -0.001422  -0.011155
 166   0.009009  -0.010246  -0.009440   0.010676
 167   0.043339  -0.029798  -0.018647   0.005106
 168   0.028881  -0.010069  -0.006252  -0.012560
 169   0.035116  -0.020572   0.003043  -0.017587
 170   0.023235  -0.009734  -0.010616  -0.002885
 171   0.014169  -0.017315  -0.005174   0.008319
 172   0.024147  -0.003019  -0.022668   0.001540
 173   0.022667   0.005003  -0.018286  -0.009384
 174   0.040664  -0.000001  -0.046905   0.006243
 175   0.011865   0.009857  -0.044984   0.023263
 176   0.023835  -0.011042  -0.053079   0.040286
 177   0.021163  -0.016537  -0.043532   0.038905
 178   0.029231   0.022101  -0.059352   0.008020
 179   0.056527  -0.039300  -0.054303   0.037077
