pos      val_A      val_C      val_G      val_T
   0  -0.008766   0.001549  -0.000286   0.007503
   1  -0.014886  -0.006996   0.032487  -0.010604
   2   0.012146   0.004759   0.027320  -0.044225
   3  -0.027642   0.005748   0.015487   0.006407
   4   0.017601  -0.023887   0.006274   0.000012
   5  -0.018995   0.036696  -0.006638  -0.011062
   6  -0.004707   0.002444   0.010762  -0.008498
   7   0.008336  -0.020082  -0.004356   0.016101
   8  -0.018434   0.006436   0.000997   0.011001
   9  -0.008282  -0.001016  -0.008153   0.017451
  10   0.047928  -0.007536  -0.014952  -0.025440
  11  -0.029191   0.017826   0.038784  -0.027420
  12  -0.013563   0.028874  -0.024656   0.009345
  13  -0.017988  -0.033972   0.048305   0.003654
  14   0.001254   0.000631  -0.014822   0.012937
  15   0.006361  -0.002544  -0.009266   0.005448
  16   0.009054  -0.007756  -0.026513   0.025215
  17  -0.006933  -0.014587   0.006412   0.015107
  18  -0.015578   0.022140  -0.014046   0.007484
  19  -0.028626   0.008944   0.013443   0.006239
  20   0.030442   0.003007  -0.018092  -0.015357
  21   0.000559  -0.019221   0.006795   0.011866
  22  -0.011196   0.005388  -0.015533   0.021342
  23   0.008575   0.002643  -0.006573  -0.004644
  24   0.009275  -0.016437  -0.006216   0.013378
  25  -0.005540   0.000904   0.017565  -0.012929
  26  -0.015548  -0.017403   0.052914  -0.019963
  27  -0.003306  -0.028075  -0.013530   0.044910
  28   0.000104  -0.030093   0.004723   0.025266
  29   0.034374  -0.005181  -0.030401   0.001208
  30   0.004044  -0.020281  -0.003232   0.019469
  31   0.052815  -0.012420   0.008145  -0.048540
  32  -0.014140  -0.000961   0.014080   0.001021
  33   0.037625  -0.016662  -0.009419  -0.011543
  34   0.016931  -0.011358  -0.012045   0.006472
  35   0.003384   0.011281  -0.006813  -0.007851
  36  -0.019225  -0.002909   0.055319  -0.033185
  37   0.006321  -0.009333  -0.005670   0.008682
  38  -0.016745   0.015998   0.014033  -0.013287
  39  -0.003430   0.016681  -0.016756   0.003505
  40  -0.020383   0.023339  -0.021778   0.018821
  41  -0.003865   0.011538  -0.005633  -0.002040
  42   0.021117  -0.023605   0.002040   0.000448
  43   0.002849   0.001669  -0.016792   0.012273
  44   0.017073   0.016028  -0.024777  -0.008324
  45   0.015411  -0.008842   0.003952  -0.010521
  46   0.003650   0.006666  -0.012747   0.002432
  47   0.009420  -0.017614   0.022582  -0.014387
  48   0.034944  -0.010539  -0.001548  -0.022858
  49   0.008795   0.002976  -0.004240  -0.007532
  50  -0.023369   0.021270  -0.007286   0.009385
  51  -0.029795   0.002485  -0.006699   0.034009
  52  -0.004801  -0.003937   0.004377   0.004361
  53   0.028115  -0.014754  -0.012068  -0.001293
  54  -0.025617  -0.002485  -0.001501   0.029603
  55  -0.016965   0.007915   0.029607  -0.020557
  56  -0.010193   0.008389   0.017813  -0.016009
  57  -0.003041   0.034838  -0.021190  -0.010607
  58   0.019126   0.017563  -0.017794  -0.018894
  59  -0.035531   0.046829  -0.011832   0.000533
  60   0.027750   0.007677  -0.016038  -0.019389
  61  -0.007164  -0.012286   0.006093   0.013358
  62   0.031399  -0.036560  -0.006448   0.011609
  63   0.004830  -0.012307   0.039984  -0.032507
  64  -0.014392  -0.022699   0.034759   0.002332
  65   0.011484  -0.017478  -0.004115   0.010109
  66  -0.009754   0.017208  -0.027398   0.019945
  67  -0.007892   0.001558  -0.008795   0.015128
  68   0.009059  -0.010099   0.010307  -0.009266
  69   0.013496   0.003340  -0.009388  -0.007448
  70   0.017328  -0.007057  -0.013548   0.003277
  71  -0.026758   0.009132   0.002964   0.014662
  72   0.004483  -0.001824  -0.011354   0.008695
  73   0.019639  -0.028755  -0.002282   0.011398
  74  -0.017704   0.015648  -0.022885   0.024940
  75  -0.028654   0.015346   0.025151  -0.011843
  76  -0.023981   0.016338   0.000793   0.006850
  77   0.015860   0.009145  -0.006294  -0.018711
  78   0.007580  -0.015383   0.013543  -0.005740
  79   0.036893  -0.013553   0.027247  -0.050587
  80  -0.007387   0.010192  -0.019976   0.017172
  81  -0.019775  -0.013196  -0.009738   0.042709
  82   0.004303   0.004929  -0.008155  -0.001078
  83   0.015677  -0.001070   0.015080  -0.029687
  84   0.021313  -0.006891  -0.004930  -0.009492
  85  -0.011329   0.012273   0.025596  -0.026540
  86  -0.011889   0.005452  -0.019509   0.025946
  87  -0.018003   0.012323  -0.008809   0.014489
  88   0.013092  -0.001912   0.004914  -0.016095
  89   0.005409  -0.046541  -0.003714   0.044846
  90   0.018360   0.027820  -0.012838  -0.033342
  91  -0.004334  -0.001057  -0.001406   0.006797
  92  -0.033696  -0.005420   0.014434   0.024682
  93   0.001305  -0.013899   0.008951   0.003642
  94   0.013617   0.002735  -0.004051  -0.012301
  95   0.012411  -0.022092  -0.003267   0.012948
  96   0.094873  -0.006993  -0.007113  -0.080767
  97   0.006240  -0.031006  -0.018321   0.043087
  98   0.012298  -0.016198  -0.015440   0.019340
  99  -0.004389  -0.006305   0.011992  -0.001298
 100  -0.021392  -0.010685  -0.026319   0.058395
 101  -0.013142  -0.019131  -0.005398   0.037671
 102  -0.000923  -0.003341   0.004348  -0.000085
 103  -0.005302  -0.012538  -0.017076   0.034916
 104   0.037289   0.024314  -0.026577  -0.035026
 105   0.019096  -0.013623  -0.026921   0.021448
 106   0.012128   0.008329  -0.011493  -0.008964
 107   0.049991   0.009842  -0.009686  -0.050147
 108   0.017589  -0.025769   0.034714  -0.026534
 109   0.015174  -0.044944   0.036529  -0.006758
 110  -0.022782  -0.008363   0.032577  -0.001432
 111  -0.022133   0.056486  -0.000847  -0.033506
 112  -0.002959  -0.031973   0.012280   0.022652
 113  -0.012946  -0.019324   0.009006   0.023264
 114   0.003527  -0.000729  -0.008415   0.005617
 115  -0.025612   0.006903   0.031521  -0.012812
 116  -0.007378  -0.013490   0.029870  -0.009001
 117  -0.026869  -0.011117   0.040271  -0.002286
 118  -0.013461  -0.009479   0.009257   0.013683
 119  -0.008103  -0.004897   0.020163  -0.007163
 120  -0.000352  -0.001696   0.035746  -0.033699
 121  -0.006556   0.022832  -0.014767  -0.001509
 122  -0.006804   0.001481   0.013673  -0.008351
 123  -0.021222  -0.003888   0.011146   0.013964
 124  -0.022021   0.021817   0.024783  -0.024578
 125  -0.013692   0.001925   0.008830   0.002937
 126   0.004471  -0.007657   0.034620  -0.031434
 127   0.033951  -0.010134  -0.021174  -0.002643
 128   0.036562  -0.023556  -0.003214  -0.009792
 129  -0.025645  -0.008958   0.031679   0.002923
 130   0.006812  -0.032321   0.007842   0.017667
 131  -0.035228   0.013201   0.016087   0.005940
 132  -0.032916  -0.001723   0.015379   0.019261
 133   0.010839  -0.009611  -0.023177   0.021949
 134   0.003289  -0.026357   0.044553  -0.021484
 135  -0.061238   0.036316   0.006374   0.018549
 136  -0.015349   0.011345   0.012683  -0.008679
 137  -0.012833   0.004348  -0.003684   0.012169
 138   0.012174  -0.011441  -0.008581   0.007848
 139   0.029003  -0.007258  -0.012018  -0.009726
 140  -0.015886   0.020483  -0.001027  -0.003569
 141  -0.007971   0.021877   0.004875  -0.018781
 142  -0.002316   0.012761  -0.009402  -0.001043
 143   0.057762  -0.033463   0.012936  -0.037236
 144   0.025606  -0.000803  -0.009123  -0.015680
 145  -0.035963   0.026682   0.001400   0.007880
 146  -0.021544  -0.012524   0.002015   0.032053
 147   0.005144  -0.035149   0.002912   0.027093
 148   0.033591  -0.020010  -0.006019  -0.007562
 149  -0.010638   0.002373  -0.029287   0.037553
 150   0.032300  -0.020806  -0.027497   0.016003
 151   0.006624   0.000483   0.009751  -0.016858
 152  -0.010875   0.016452  -0.001326  -0.004251
 153  -0.015711  -0.018243  -0.032031   0.065985
 154   0.021661  -0.016462  -0.004632  -0.000567
 155  -0.011885   0.004195  -0.018949   0.026639
 156  -0.013977   0.000664   0.000012   0.013300
 157   0.041832  -0.002809  -0.018897  -0.020126
 158   0.038595  -0.020009   0.011901  -0.030487
 159  -0.006981   0.026759  -0.020025   0.000247
 160   0.056091  -0.020250  -0.013206  -0.022636
 161  -0.011918  -0.028809   0.035500   0.005227
 162   0.016695  -0.025270   0.016212  -0.007637
 163  -0.000248   0.018539   0.002349  -0.020641
 164  -0.003963   0.006732  -0.034896   0.032127
 165  -0.009520   0.005242   0.003015   0.001264
 166   0.034845  -0.038766   0.028845  -0.024924
 167   0.047514  -0.019436  -0.028702   0.000624
 168   0.024593  -0.035687   0.020442  -0.009348
 169  -0.002107   0.030264  -0.006785  -0.021371
 170   0.027798  -0.033868   0.002038   0.004032
 171  -0.040749   0.008830   0.022018   0.009901
 172   0.007688   0.035249  -0.008189  -0.034748
 173   0.009721   0.013136   0.000027  -0.022883
 174   0.025573   0.038963  -0.014171  -0.050365
 175  -0.002389   0.009254  -0.024255   0.017390
 176   0.030796  -0.031582  -0.017537   0.018324
 177  -0.036357   0.015708  -0.013317   0.033966
 178  -0.019070   0.021322  -0.007660   0.005408
 179   0.061173  -0.066766  -0.013377   0.018970
