pos          info
        0 -5.650535e-05
        1 -5.602151e-05
        2 -6.035087e-05
        3 -1.310514e-04
        4 -1.423831e-04
        5 -6.927245e-05
        6  1.527304e-06
        7  2.510824e-05
        8 -1.129089e-05
        9 -2.128459e-05
       10 -2.452233e-05
       11  8.853895e-07
       12  1.193127e-05
       13 -5.440451e-05
       14 -5.751196e-05
       15 -5.875279e-05
       16 -2.368971e-05
       17 -2.588809e-05
       18 -2.907937e-05
       19  3.389984e-06
       20  1.822724e-05
       21  2.395084e-05
       22  4.651305e-06
       23 -6.343258e-06
       24 -1.190814e-05
       25  1.244123e-05
       26  5.707191e-06
       27 -1.499523e-05
       28 -2.350698e-05
       29 -1.692215e-05
       30  1.098599e-05
       31  7.293111e-06
       32  1.323222e-05
       33  9.057778e-06
       34  3.915705e-05
       35  7.629549e-05
       36  8.813244e-05
       37  4.693800e-05
       38  3.926770e-06
       39 -7.190550e-06
       40 -1.903431e-05
       41 -2.113138e-05
       42 -1.112536e-05
       43  1.108045e-05
       44  1.443333e-05
       45  3.762976e-06
       46 -6.818616e-05
       47 -3.299305e-05
       48 -3.309201e-05
       49  7.353124e-05
       50  4.269642e-05
       51  3.628277e-05
       52  1.126418e-05
       53  1.316526e-05
       54  1.904031e-05
       55 -1.281595e-04
       56 -1.464022e-04
       57 -1.545121e-04
       58 -5.921350e-05
       59 -4.822910e-05
       60 -3.953266e-05
       61  3.310216e-05
       62 -1.732893e-07
       63  8.698062e-06
       64 -2.170062e-05
       65  1.948543e-05
       66 -7.522688e-05
       67 -7.541831e-05
       68 -9.584871e-05
       69 -8.981692e-06
       70  8.072319e-06
       71 -6.431091e-06
       72 -4.080102e-06
       73 -1.665008e-04
       74 -1.412098e-04
       75 -1.646980e-04
       76 -2.227906e-05
       77 -1.101610e-04
       78  1.518662e-06
       79  1.298996e-04
       80  6.770964e-05
       81 -1.966845e-05
       82 -1.291638e-04
       83  4.723958e-05
       84  4.494601e-05
       85 -2.592000e-07
       86 -5.352804e-05
       87 -5.447762e-05
       88 -1.824659e-05
       89 -7.562721e-06
       90 -1.766068e-06
       91 -2.325816e-05
       92 -4.376125e-06
       93 -1.503004e-05
       94  2.927475e-05
       95  3.289724e-05
       96  5.885764e-05
       97  2.747705e-05
       98  8.692164e-05
       99  6.485857e-05
      100  2.421507e-05
      101  2.029005e-05
      102  1.193014e-04
      103  1.801640e-04
      104  1.025832e-04
      105  3.440774e-05
      106  1.579188e-05
      107  1.652699e-04
      108  1.344458e-04
      109  1.414230e-04
      110  1.058466e-05
      111  1.060935e-05
      112 -6.462447e-05
      113  5.422359e-05
      114  5.861060e-05
      115  1.463022e-04
      116 -1.254554e-05
      117 -2.877882e-05
      118  2.173498e-05
      119  6.776388e-05
      120  7.967233e-05
      121  1.043770e-05
      122  2.631427e-06
      123 -1.669280e-05
      124  4.413628e-05
      125  4.239324e-05
      126  8.158060e-05
      127  2.533900e-05
      128  2.762806e-05
      129  1.474093e-05
      130  1.824382e-05
      131  1.906583e-05
      132  1.858305e-05
      133 -1.291449e-05
      134  2.623022e-06
      135  1.610821e-07
      136  4.484551e-05
      137  2.948863e-05
      138  2.553412e-05
      139  7.544466e-05
      140  9.319767e-05
      141  1.143958e-04
      142  5.006332e-05
      143 -2.423176e-05
      144 -1.333859e-04
      145 -1.712262e-04
      146 -1.161520e-04
      147 -3.228834e-05
      148  2.337523e-06
      149  2.474747e-06
      150  2.152433e-05
      151 -1.992582e-05
      152  6.176930e-05
      153  4.663718e-05
      154  2.375787e-05
      155 -5.735630e-05
      156 -1.093777e-04
      157  0.000000e+00
      158  0.000000e+00
      159  0.000000e+00