pos      val_A      val_C      val_G      val_T
   0   0.000643  -0.000510  -0.000327   0.000194
   1  -0.000059  -0.000122   0.000460  -0.000278
   2  -0.000220  -0.000450   0.000194   0.000476
   3  -0.000263  -0.000033   0.000435  -0.000139
   4   0.000492  -0.000375   0.000229  -0.000346
   5   0.000160   0.000198  -0.000187  -0.000170
   6  -0.000200  -0.000474   0.000424   0.000250
   7   0.000377  -0.000155   0.000617  -0.000839
   8  -0.000180  -0.000355   0.000001   0.000534
   9  -0.000611   0.000478  -0.000001   0.000135
  10  -0.000066   0.000464  -0.000343  -0.000056
  11  -0.000535   0.000584  -0.000636   0.000587
  12  -0.000375   0.000060  -0.000364   0.000680
  13   0.000689  -0.000554  -0.000332   0.000197
  14  -0.001086   0.000702   0.000347   0.000038
  15   0.000101   0.000155  -0.000123  -0.000133
  16  -0.000034  -0.000268   0.000591  -0.000290
  17  -0.000865  -0.000397   0.000774   0.000488
  18   0.000761  -0.001348   0.000246   0.000341
  19   0.000086  -0.000013   0.000236  -0.000309
  20   0.000270   0.000475  -0.000273  -0.000472
  21   0.000178  -0.000248  -0.000330   0.000400
  22   0.000121  -0.000257   0.000345  -0.000209
  23  -0.000105  -0.000157  -0.000137   0.000399
  24  -0.000270   0.000480   0.000003  -0.000213
  25   0.001478  -0.000771  -0.000482  -0.000224
  26  -0.000866   0.000112   0.000531   0.000223
  27   0.000654   0.000826  -0.000871  -0.000608
  28  -0.000039  -0.001358   0.000442   0.000955
  29  -0.000695  -0.000217   0.000481   0.000430
  30  -0.000506  -0.000150   0.000186   0.000470
  31  -0.000476   0.000433  -0.000154   0.000197
  32  -0.000293   0.000013   0.000594  -0.000315
  33   0.000032  -0.000007   0.000562  -0.000587
  34  -0.000011   0.000714  -0.000302  -0.000401
  35  -0.000248   0.000263  -0.000306   0.000291
  36  -0.000216   0.000176  -0.000222   0.000262
  37  -0.000207   0.000116   0.000154  -0.000063
  38  -0.000645   0.000305   0.000372  -0.000032
  39  -0.000077   0.000352   0.000047  -0.000322
  40  -0.000771   0.000921  -0.000308   0.000158
  41  -0.000179  -0.000492   0.000265   0.000406
  42  -0.000069   0.000271  -0.000390   0.000188
  43   0.000180  -0.000553  -0.000406   0.000779
  44  -0.000156  -0.000015   0.000358  -0.000187
  45   0.000334  -0.000421   0.000333  -0.000247
  46  -0.000405  -0.000181   0.000288   0.000297
  47  -0.000731   0.001419  -0.000637  -0.000051
  48   0.000283   0.000582  -0.000240  -0.000625
  49   0.000527   0.000327  -0.000038  -0.000817
  50  -0.000044   0.000384   0.000436  -0.000776
  51   0.000322  -0.000099   0.000217  -0.000440
  52  -0.000242  -0.000155  -0.000003   0.000401
  53  -0.000730  -0.000480   0.000427   0.000783
  54  -0.000308  -0.000300  -0.000322   0.000930
  55  -0.000758   0.000433   0.000327  -0.000002
  56   0.000621   0.000912  -0.000401  -0.001133
  57  -0.000091   0.000140   0.000183  -0.000231
  58   0.000061   0.000408   0.000143  -0.000612
  59  -0.000459   0.000643   0.000366  -0.000550
  60   0.000267   0.000395  -0.000692   0.000029
  61   0.000549   0.000043  -0.000025  -0.000567
  62  -0.000554   0.000249  -0.000013   0.000318
  63   0.000717  -0.000514   0.000257  -0.000460
  64   0.001058   0.000159  -0.000148  -0.001068
  65   0.000153  -0.000572   0.000588  -0.000169
  66   0.000672  -0.000383  -0.000356   0.000067
  67  -0.000780   0.000576  -0.000189   0.000393
  68   0.000077  -0.000150   0.000421  -0.000348
  69   0.000543  -0.000213   0.000107  -0.000437
  70   0.000064  -0.000024   0.000299  -0.000339
  71  -0.000504  -0.000444   0.000588   0.000361
  72   0.000275  -0.000088  -0.000365   0.000179
  73  -0.000183   0.000523   0.000151  -0.000491
  74   0.000465   0.000365  -0.000744  -0.000086
  75   0.000485  -0.000339  -0.000422   0.000277
  76  -0.000450  -0.000608   0.000490   0.000568
  77   0.000167   0.001298  -0.000777  -0.000687
  78  -0.000232   0.000576  -0.000210  -0.000134
  79   0.000576  -0.000348  -0.000622   0.000394
  80  -0.000440   0.000488  -0.000167   0.000119
  81  -0.000824  -0.000118   0.001610  -0.000669
  82   0.000129  -0.000081   0.000432  -0.000481
  83  -0.000042   0.000041  -0.000617   0.000618
  84  -0.000045  -0.000003  -0.000068   0.000116
  85  -0.000200  -0.000392   0.000092   0.000500
  86   0.000324  -0.000406  -0.000066   0.000147
  87   0.000480  -0.000208  -0.000041  -0.000232
  88   0.000033   0.000337  -0.000112  -0.000258
  89   0.000041   0.000387  -0.000271  -0.000158
  90   0.000399   0.000251  -0.000555  -0.000095
  91   0.000338   0.000028  -0.000000  -0.000366
  92   0.000276  -0.000383  -0.000521   0.000628
  93  -0.000991  -0.000004   0.000420   0.000574
  94   0.000058  -0.000507  -0.000262   0.000711
  95  -0.000615   0.000378   0.000618  -0.000381
  96   0.000661   0.000198  -0.000111  -0.000748
  97  -0.000220   0.000576   0.000499  -0.000856
  98   0.000060   0.000442  -0.000526   0.000024
  99  -0.000120   0.000043   0.000284  -0.000207
 100  -0.000396   0.000055   0.000214   0.000126
 101   0.000750   0.000196  -0.000742  -0.000203
 102  -0.000205   0.000039  -0.000195   0.000361
 103  -0.000109   0.000377   0.000212  -0.000480
 104  -0.000388  -0.000302   0.000147   0.000544
 105  -0.000460  -0.000159   0.000481   0.000138
 106  -0.000156   0.000671  -0.000126  -0.000389
 107  -0.000198   0.000696  -0.000468  -0.000030
 108  -0.000212   0.000633   0.000065  -0.000487
 109   0.000466   0.000064  -0.000050  -0.000479
 110   0.000206  -0.000123   0.000239  -0.000322
 111   0.000198  -0.000078   0.000032  -0.000152
 112  -0.000320  -0.000006   0.000136   0.000190
 113   0.000339   0.000071  -0.000129  -0.000280
 114   0.000369  -0.001192   0.000325   0.000498
 115   0.000200  -0.000152  -0.000268   0.000220
 116   0.000150   0.000029   0.000195  -0.000374
 117   0.000130  -0.000433   0.000605  -0.000303
 118   0.000653  -0.000089  -0.000280  -0.000284
 119   0.000054  -0.000079  -0.000088   0.000113
 120  -0.000403   0.000014   0.000568  -0.000178
 121  -0.000292  -0.000748   0.000545   0.000495
 122   0.000758   0.000253  -0.000767  -0.000243
 123   0.000190   0.000068  -0.000398   0.000140
 124  -0.000494   0.000381   0.000211  -0.000099
 125  -0.000394  -0.000225   0.000025   0.000594
 126  -0.000071  -0.000103   0.000683  -0.000510
 127  -0.000896   0.000338   0.000465   0.000093
 128   0.000359  -0.000566  -0.000162   0.000369
 129  -0.000138   0.000432   0.000028  -0.000322
 130  -0.000672   0.000134   0.000480   0.000058
 131   0.000034   0.000182  -0.000079  -0.000136
 132   0.000123   0.000031  -0.000158   0.000004
 133  -0.000850   0.000203   0.000324   0.000323
 134  -0.000338   0.000049   0.000416  -0.000128
 135   0.000135   0.000007   0.000350  -0.000492
 136  -0.000244  -0.000155   0.000005   0.000393
 137  -0.000464  -0.000444   0.000483   0.000426
 138  -0.001071   0.000230   0.000591   0.000250
 139   0.000875  -0.000569  -0.000304  -0.000002
 140  -0.000171   0.000074   0.000265  -0.000168
 141   0.000316  -0.000316   0.000104  -0.000105
 142   0.000017   0.000044  -0.000103   0.000042
 143  -0.000265   0.000030  -0.000384   0.000620
 144  -0.000414   0.000417  -0.000441   0.000437
 145   0.000106   0.000265  -0.000410   0.000039
 146   0.000740  -0.001153   0.000586  -0.000172
 147   0.000554   0.000305   0.000032  -0.000891
 148   0.000648  -0.000211  -0.000547   0.000110
 149  -0.000335  -0.000139   0.000623  -0.000149
 150   0.000228  -0.000639   0.000864  -0.000452
 151  -0.000575  -0.000039   0.000133   0.000480
 152   0.000572   0.000256   0.000083  -0.000911
 153  -0.000347   0.000382   0.000394  -0.000430
 154  -0.000092  -0.000252   0.000341   0.000002
 155   0.000029   0.000122  -0.000309   0.000158
 156   0.000276   0.000085  -0.000036  -0.000324
 157  -0.000158  -0.000063  -0.000398   0.000618
 158  -0.000002  -0.000675   0.000681  -0.000003
 159  -0.000663   0.000133   0.000664  -0.000134
 160  -0.000128  -0.000025   0.000214  -0.000061
 161  -0.000370  -0.000776   0.000810   0.000336
 162  -0.000054   0.000180  -0.000058  -0.000069
 163   0.000287  -0.000841   0.000433   0.000121
 164   0.000126  -0.000374   0.000730  -0.000482
 165  -0.000055  -0.000038   0.000219  -0.000126
 166  -0.000696  -0.000663   0.000710   0.000648
 167   0.000271   0.000381  -0.000270  -0.000382
 168  -0.000147  -0.000223   0.000124   0.000245
 169   0.000447  -0.000089  -0.000358   0.000001
 170   0.000282   0.000031  -0.000253  -0.000060
 171   0.000381   0.000220  -0.000313  -0.000288
 172  -0.000196   0.000121  -0.000082   0.000157
 173   0.000272  -0.000024  -0.000249   0.000001
 174   0.000022   0.000264   0.000229  -0.000514
 175   0.000002  -0.000154   0.000074   0.000078
 176  -0.000366   0.000250   0.000207  -0.000091
 177   0.000013   0.000297  -0.000593   0.000284
 178   0.000076   0.000230  -0.000691   0.000385
 179  -0.000118  -0.000076  -0.000137   0.000331
