pos          info
        0  2.582520e-04
        1  4.929826e-05
        2 -1.768398e-04
        3  5.650190e-05
        4  1.960498e-04
        5  7.807967e-05
        6  7.932499e-05
        7 -6.266787e-05
        8  7.040413e-05
        9 -1.980411e-06
       10  1.829252e-04
       11 -2.125375e-04
       12  2.456355e-05
       13  8.112541e-05
       14  1.335417e-04
       15 -4.008881e-05
       16 -1.442483e-05
       17  1.579730e-04
       18 -1.389686e-04
       19 -5.796038e-06
       20 -1.084040e-04
       21 -1.608648e-04
       22 -4.785197e-05
       23 -5.312236e-05
       24 -3.098514e-07
       25  3.006630e-04
       26  4.218161e-05
       27  2.417223e-04
       28 -1.772888e-04
       29 -2.770322e-04
       30 -1.867278e-04
       31 -1.900899e-04
       32 -1.182885e-04
       33 -2.201279e-04
       34 -5.675588e-06
       35 -1.039993e-04
       36 -8.568242e-05
       37 -4.498830e-05
       38  2.585508e-04
       39 -3.184384e-05
       40  3.616092e-04
       41 -7.041399e-05
       42 -1.535698e-04
       43 -2.153182e-04
       44  1.402897e-04
       45  9.778778e-05
       46  7.167147e-05
       47 -2.540789e-04
       48 -2.286855e-04
       49 -2.086518e-04
       50 -3.111012e-04
       51 -3.942752e-05
       52 -9.576205e-05
       53 -1.687122e-04
       54 -1.251750e-04
       55  1.685469e-04
       56  1.599235e-04
       57  5.419728e-05
       58  2.450265e-04
       59 -1.413015e-04
       60 -1.569884e-04
       61 -9.908805e-06
       62  5.852231e-06
       63  1.820530e-04
       64  5.862750e-05
       65 -6.722265e-05
       66  2.694713e-04
       67  1.549759e-04
       68  2.977566e-05
       69 -8.373855e-05
       70 -1.030564e-05
       71 -1.429410e-04
       72 -1.427399e-04
       73  7.487246e-05
       74  3.298123e-05
       75  1.642905e-04
       76  2.396935e-04
       77  3.086254e-04
       78  5.440835e-05
       79  2.320357e-04
       80 -4.630462e-05
       81 -2.707412e-04
       82 -1.922071e-04
       83 -1.485644e-05
       84 -1.761788e-05
       85 -7.852687e-05
       86 -6.006311e-05
       87 -8.120524e-05
       88 -1.323719e-04
       89  1.605977e-05
       90  1.000747e-04
       91  1.100251e-05
       92 -1.125868e-04
       93  2.819974e-06
       94 -2.550525e-05
       95  2.476586e-04
       96 -4.410106e-05
       97 -9.079759e-05
       98 -2.413921e-05
       99 -1.111294e-04
      100  2.099932e-05
      101  7.899678e-05
      102  1.592820e-05
      103 -1.470016e-04
      104  1.538274e-04
      105  5.385336e-05
      106  1.563580e-04
      107 -1.264249e-05
      108 -8.638515e-05
      109 -1.905361e-04
      110  9.402692e-05
      111  7.889447e-05
      112  1.275835e-04
      113 -1.348743e-04
      114  1.493839e-04
      115 -8.087308e-05
      116  1.078052e-05
      117  2.384083e-04
      118  3.395287e-05
      119  3.416858e-05
      120 -1.621327e-04
      121 -2.947096e-04
      122 -3.013314e-04
      123  5.673502e-05
      124 -4.111551e-05
      125  8.818035e-05
      126  2.044795e-04
      127  3.587658e-04
      128 -2.211566e-04
      129 -1.691269e-04
      130 -2.111376e-05
      131 -5.444526e-05
      132 -1.268652e-05
      133  1.267147e-04
      134 -1.628922e-04
      135 -1.370779e-04
      136 -9.638670e-05
      137 -1.755152e-04
      138 -4.284235e-04
      139 -3.505585e-04
      140 -6.782245e-05
      141 -4.186342e-05
      142 -6.990077e-06
      143  1.288407e-05
      144  1.643933e-04
      145  1.051136e-04
      146  4.536423e-04
      147 -2.191262e-04
      148 -8.090127e-05
      149 -5.638585e-05
      150 -3.402454e-04
      151  1.906137e-04
      152 -9.998481e-05
      153 -1.532104e-04
      154 -3.672076e-05
      155 -6.343943e-05
      156  1.442557e-05
      157 -1.555657e-04
      158 -2.666284e-04
      159 -5.580203e-05