pos          info
        0 -1.540100e-08
        1  1.929244e-08
        2 -1.063033e-09
        3 -2.069071e-08
        4 -1.915286e-08
        5  1.983140e-09
        6  7.643132e-09
        7  4.521269e-09
        8 -1.510489e-08
        9  4.847882e-09
       10  4.528337e-09
       11  1.882571e-08
       12 -1.297120e-08
       13 -1.344997e-08
       14 -1.007599e-08
       15  1.239684e-08
       16  3.578045e-09
       17  3.492664e-09
       18 -3.425209e-09
       19 -6.652678e-09
       20 -7.806241e-09
       21 -1.249440e-08
       22  3.480875e-10
       23  4.890420e-08
       24  4.648324e-08
       25  7.545901e-08
       26  1.148815e-08
       27  5.052951e-08
       28  4.247111e-09
       29  3.874150e-08
       30  7.584031e-09
       31 -5.565433e-10
       32 -1.848464e-08
       33 -3.110954e-08
       34 -2.014847e-09
       35 -3.091747e-09
       36  3.578196e-08
       37  3.263867e-08
       38 -3.498737e-08
       39 -6.572158e-08
       40 -5.383259e-08
       41  3.919888e-08
       42  2.640657e-08
       43  1.876145e-08
       44 -2.883650e-09
       45  4.130043e-08
       46  9.083779e-09
       47 -1.523441e-08
       48 -1.030699e-09
       49  2.725505e-08
       50  5.342943e-08
       51 -9.592701e-09
       52 -2.187035e-09
       53 -2.166649e-08
       54  6.699064e-09
       55 -3.064287e-09
       56  4.167455e-08
       57  1.778099e-08
       58  6.376038e-09
       59 -2.338732e-08
       60 -1.287607e-08
       61  1.651760e-08
       62  1.826082e-08
       63  2.048465e-08
       64 -3.200655e-08
       65 -4.573241e-08
       66 -4.841400e-08
       67 -8.687880e-09
       68  3.299401e-09
       69 -6.409081e-09
       70  6.150379e-10
       71  3.341520e-09
       72  1.402832e-08
       73  1.749922e-08
       74  4.488684e-08
       75  9.432337e-08
       76  8.161508e-08
       77  2.471213e-08
       78 -2.632745e-08
       79  8.520228e-09
       80  5.359958e-08
       81  5.477318e-08
       82  1.861057e-08
       83  3.325811e-09
       84  1.426781e-09
       85  4.737264e-09
       86 -7.522180e-09
       87 -5.859995e-09
       88 -1.458536e-08
       89 -5.451039e-09
       90 -1.162007e-08
       91 -6.356152e-09
       92 -6.616738e-09
       93  3.012708e-08
       94  3.114231e-08
       95  3.555159e-08
       96  4.815185e-09
       97 -2.685438e-09
       98 -7.001855e-09
       99 -9.995633e-09
      100 -3.646921e-09
      101 -1.476274e-08
      102  2.692729e-10
      103 -1.037810e-09
      104  2.244631e-08
      105  1.077639e-08
      106  1.591955e-08
      107  2.181108e-08
      108  1.709173e-08
      109  1.030170e-08
      110  3.593845e-10
      111 -4.026304e-09
      112 -1.203757e-08
      113 -2.336857e-08
      114 -1.440322e-08
      115 -3.315358e-08
      116 -2.930390e-08
      117 -2.862831e-08
      118  1.427268e-08
      119  5.928299e-08
      120  1.063546e-07
      121  9.170538e-08
      122  4.692927e-08
      123  3.326853e-09
      124  2.568186e-08
      125  8.875348e-08
      126  1.103638e-07
      127  7.458819e-08
      128  1.045537e-08
      129 -1.376509e-08
      130  1.168152e-09
      131 -6.586309e-09
      132 -2.199056e-08
      133 -3.177256e-08
      134 -1.918119e-08
      135  1.092709e-08
      136  1.119265e-07
      137  4.630776e-08
      138  3.241587e-08
      139 -5.963689e-08
      140  1.342832e-09
      141 -1.030557e-09
      142  1.330449e-08
      143  7.528581e-09
      144  1.156880e-07
      145  7.842625e-08
      146  8.766179e-08
      147 -1.874059e-08
      148 -5.570440e-08
      149 -7.717529e-08
      150 -8.410254e-08
      151 -3.562107e-08
      152 -1.691542e-08
      153 -1.365375e-08
      154 -1.215647e-09
      155  1.082650e-08
      156  5.016303e-08
      157  0.000000e+00
      158  0.000000e+00
      159  0.000000e+00