pos          info
        0  3.555671e-04
        1  9.678603e-06
        2 -1.964283e-04
        3 -3.549671e-05
        4 -6.373453e-04
        5 -1.266081e-05
        6 -1.532124e-05
        7 -6.525958e-06
        8 -7.186485e-07
        9 -2.015911e-04
       10 -5.081849e-05
       11  5.130852e-05
       12  6.248181e-05
       13  2.629858e-07
       14  1.117705e-04
       15  2.926797e-05
       16  8.767166e-05
       17 -8.562863e-07
       18 -1.464407e-04
       19 -9.669289e-05
       20 -1.648871e-05
       21 -2.967395e-04
       22 -8.390539e-05
       23  1.184789e-04
       24  1.021497e-05
       25  1.340159e-05
       26 -1.112453e-05
       27 -1.587589e-04
       28 -5.758394e-06
       29 -6.149371e-09
       30 -1.693699e-05
       31 -1.025018e-06
       32 -1.037939e-05
       33 -1.560235e-06
       34 -1.433362e-04
       35  2.832616e-04
       36 -9.164802e-05
       37 -2.590893e-06
       38  3.597293e-06
       39  1.492639e-05
       40  2.184078e-04
       41 -1.468688e-04
       42  1.029297e-04
       43  4.599170e-05
       44  9.011117e-05
       45  1.220506e-06
       46  2.504873e-04
       47  2.384379e-04
       48 -2.274074e-04
       49 -1.752023e-04
       50 -8.903131e-05
       51 -1.441902e-05
       52  2.410765e-05
       53 -1.448733e-05
       54 -1.897680e-07
       55 -2.031981e-05
       56 -8.638760e-07
       57 -2.658169e-04
       58  2.262156e-05
       59  6.269954e-06
       60  5.239048e-04
       61 -6.558037e-05
       62 -2.878542e-05
       63  2.790105e-05
       64 -1.610229e-05
       65  5.991398e-05
       66 -2.357456e-04
       67  3.225348e-04
       68 -7.027513e-05
       69 -5.017442e-05
       70 -5.825063e-05
       71 -5.901965e-05
       72 -6.643587e-05
       73 -6.318770e-05
       74 -6.528435e-06
       75 -2.576012e-05
       76  1.629151e-05
       77 -4.786579e-05
       78  3.266761e-07
       79 -5.083519e-05
       80  2.028455e-06
       81 -1.382587e-05
       82  2.439304e-04
       83 -1.037291e-04
       84  1.168977e-05
       85 -1.650117e-06
       86  6.635637e-06
       87 -5.815244e-04
       88  4.734105e-04
       89 -6.844559e-05
       90 -1.787845e-05
       91 -1.224706e-04
       92 -7.990672e-05
       93  1.396336e-04
       94 -4.671173e-05
       95 -3.457444e-05
       96 -1.639908e-05
       97 -4.486816e-06
       98 -7.578353e-05
       99  1.202970e-06
      100  1.208681e-04
      101  1.219320e-04
      102 -1.408002e-05
      103 -5.488557e-06
      104 -1.001683e-07
      105 -6.390086e-05
      106 -1.220789e-04
      107 -1.402991e-04
      108 -1.695026e-04
      109 -1.867836e-04
      110  6.037824e-05
      111  3.164659e-05
      112  3.436945e-04
      113 -3.589824e-06
      114 -1.642335e-05
      115 -9.004589e-05
      116 -1.123936e-06
      117 -9.560851e-05
      118 -3.444911e-05
      119 -1.361441e-06
      120 -5.567969e-06
      121 -9.434433e-05
      122 -7.701440e-05
      123  1.087760e-04
      124 -4.073750e-05
      125 -1.850277e-06
      126 -3.053119e-04
      127  6.423383e-05
      128  3.711849e-04
      129 -1.535131e-04
      130 -1.016655e-06
      131 -9.832763e-06
      132 -2.777603e-04
      133 -1.835358e-05
      134 -1.945262e-05
      135 -1.090494e-04
      136 -4.237104e-06
      137 -5.023842e-06
      138 -4.160905e-05
      139 -2.678971e-04
      140 -4.641857e-04
      141  6.254488e-06
      142  1.265314e-04
      143  1.224206e-05
      144  8.949891e-06
      145  1.052918e-03
      146  4.688153e-07
      147  3.249088e-04
      148  5.210088e-06
      149  7.139242e-07
      150  5.364862e-04
      151 -3.694930e-05
      152 -7.396663e-05
      153 -1.331831e-07
      154 -5.321991e-06
      155 -1.213627e-05
      156 -2.819416e-05
      157 -1.838690e-05
      158 -1.421886e-05
      159 -3.188751e-07