pos      val_A      val_C      val_G      val_T
   0  -0.010103   0.010427   0.010126  -0.010450
   1  -0.011327   0.003231  -0.007080   0.015176
   2  -0.008489  -0.023414   0.011393   0.020509
   3   0.002097  -0.011419  -0.003265   0.012587
   4   0.022580  -0.021321  -0.029997   0.028739
   5   0.001609  -0.014379  -0.001861   0.014630
   6   0.007962   0.000703   0.005009  -0.013673
   7   0.003481   0.015276  -0.016910  -0.001848
   8  -0.018999   0.009254  -0.004204   0.013949
   9  -0.005685   0.031565  -0.018444  -0.007435
  10   0.009826  -0.020133  -0.003957   0.014264
  11  -0.011870   0.032899   0.001773  -0.022802
  12   0.005402  -0.000544   0.002484  -0.007341
  13  -0.022514  -0.009518   0.038798  -0.006766
  14  -0.008800  -0.013050   0.033567  -0.011717
  15  -0.023253  -0.039076   0.023506   0.038824
  16   0.015275  -0.023259   0.015732  -0.007749
  17  -0.009205  -0.023776   0.010501   0.022480
  18  -0.005245   0.018956   0.011909  -0.025620
  19  -0.010487   0.029348   0.001744  -0.020605
  20  -0.011316  -0.005423  -0.008076   0.024815
  21   0.003030   0.020624  -0.019156  -0.004499
  22  -0.020493   0.019087  -0.012872   0.014278
  23  -0.007138   0.009511   0.022765  -0.025138
  24  -0.041374   0.030942   0.017470  -0.007038
  25   0.003528   0.013768  -0.030856   0.013560
  26   0.022614   0.012400  -0.018968  -0.016047
  27  -0.041190   0.019958   0.020289   0.000943
  28  -0.024378   0.034116  -0.017222   0.007483
  29   0.003469   0.003022  -0.003972  -0.002519
  30   0.000224   0.019455  -0.015037  -0.004641
  31   0.010539   0.008566   0.004530  -0.023634
  32  -0.012658  -0.023145   0.011790   0.024013
  33   0.003734  -0.012046  -0.001619   0.009932
  34   0.021752  -0.030054  -0.003735   0.012037
  35   0.014903  -0.014652   0.043415  -0.043667
  36  -0.000639  -0.008884   0.005580   0.003942
  37  -0.009834   0.004576   0.013897  -0.008639
  38   0.003586   0.000923   0.007436  -0.011944
  39  -0.004055   0.000975   0.017256  -0.014176
  40   0.028852   0.011825  -0.006173  -0.034503
  41   0.020250  -0.015247  -0.020887   0.015884
  42   0.008698  -0.033237  -0.000890   0.025429
  43  -0.028620   0.023006   0.001696   0.003919
  44   0.020558   0.022744  -0.020937  -0.022364
  45   0.040340   0.009406  -0.024110  -0.025636
  46   0.024388  -0.002476  -0.016405  -0.005507
  47  -0.017269   0.030656  -0.048953   0.035566
  48  -0.026465   0.016709   0.022914  -0.013158
  49  -0.005364  -0.011258   0.002559   0.014064
  50  -0.020097   0.019179   0.013539  -0.012620
  51   0.019106   0.006296  -0.017850  -0.007551
  52  -0.028864   0.013946   0.003699   0.011218
  53   0.001582  -0.007931   0.026208  -0.019859
  54  -0.003541   0.002054  -0.009640   0.011126
  55  -0.005002   0.006166   0.012273  -0.013436
  56   0.023391   0.020540  -0.025529  -0.018401
  57   0.027885  -0.008169  -0.000276  -0.019440
  58  -0.011069   0.006839   0.002315   0.001915
  59   0.032692  -0.012797  -0.009273  -0.010623
  60  -0.025245   0.037012  -0.004824  -0.006943
  61  -0.006391   0.022019  -0.003652  -0.011976
  62  -0.026648   0.015281  -0.003578   0.014945
  63   0.001339  -0.019363  -0.003512   0.021535
  64   0.024420  -0.007880   0.009745  -0.026285
  65  -0.006746  -0.011563   0.023981  -0.005672
  66   0.031830  -0.001503  -0.004891  -0.025436
  67   0.031253  -0.006414  -0.013488  -0.011351
  68  -0.030651  -0.008504  -0.022992   0.062147
  69   0.006569  -0.007640   0.024974  -0.023903
  70  -0.015846   0.012878  -0.009605   0.012573
  71   0.011402  -0.035059   0.014094   0.009563
  72   0.004605   0.014222  -0.008233  -0.010594
  73  -0.002782   0.005438  -0.018426   0.015770
  74  -0.012669   0.034143  -0.004908  -0.016565
  75  -0.029613   0.000307   0.008887   0.020419
  76   0.036468  -0.014586  -0.018225  -0.003657
  77  -0.014253  -0.007004  -0.003332   0.024590
  78   0.010375  -0.002799   0.012144  -0.019720
  79   0.007842   0.014052  -0.020157  -0.001737
  80  -0.014718  -0.002100   0.031813  -0.014995
  81  -0.001838  -0.019921   0.027343  -0.005583
  82   0.019543  -0.029786  -0.030010   0.040253
  83   0.009353   0.002085  -0.007881  -0.003558
  84   0.005263  -0.009397  -0.017961   0.022095
  85  -0.000787   0.013282  -0.009531  -0.002965
  86   0.001943  -0.007803  -0.020936   0.026795
  87  -0.017280  -0.020303  -0.017327   0.054910
  88   0.045883  -0.005149  -0.049139   0.008406
  89  -0.007144   0.008135  -0.015587   0.014596
  90   0.011052  -0.000262  -0.011862   0.001072
  91  -0.050971   0.019614   0.027597   0.003761
  92  -0.012292   0.018465   0.025281  -0.031454
  93   0.017883   0.000322   0.004662  -0.022867
  94   0.021184  -0.015412  -0.003690  -0.002082
  95  -0.009464  -0.017254   0.020467   0.006251
  96  -0.007506   0.011271   0.024799  -0.028564
  97   0.010789  -0.018546  -0.007017   0.014774
  98  -0.015569   0.005593  -0.013852   0.023828
  99   0.012139   0.009132  -0.013491  -0.007780
 100   0.003311  -0.001497   0.027390  -0.029204
 101   0.029887  -0.010148  -0.012323  -0.007417
 102  -0.010674   0.006124  -0.006084   0.010634
 103   0.003534  -0.012835  -0.006935   0.016236
 104   0.035755  -0.025132  -0.004925  -0.005698
 105   0.003566  -0.000184  -0.002713  -0.000669
 106  -0.012994  -0.026118   0.025499   0.013613
 107  -0.000340  -0.001265  -0.040139   0.041744
 108  -0.023283  -0.037728   0.028151   0.032860
 109   0.015629   0.004486  -0.037580   0.017465
 110   0.002025  -0.014785   0.008377   0.004382
 111  -0.007700  -0.024914  -0.011171   0.043786
 112   0.044956  -0.023745   0.002213  -0.023424
 113  -0.002444   0.019397  -0.014006  -0.002947
 114  -0.019316  -0.000744   0.008056   0.012004
 115  -0.021617   0.024731  -0.014082   0.010968
 116  -0.014212   0.016102   0.012575  -0.014465
 117  -0.003693  -0.014086   0.007910   0.009868
 118  -0.019126   0.003937  -0.007771   0.022961
 119  -0.004876   0.036899  -0.017259  -0.014765
 120   0.028292  -0.011717  -0.029819   0.013245
 121   0.000919  -0.012977   0.012854  -0.000797
 122   0.001609  -0.010691  -0.006148   0.015230
 123  -0.004480  -0.009796  -0.009959   0.024235
 124  -0.002899  -0.002433   0.015523  -0.010190
 125   0.001437  -0.027988  -0.009835   0.036386
 126  -0.002011   0.001118   0.018527  -0.017635
 127  -0.020389   0.024016  -0.013253   0.009626
 128   0.004707  -0.037090   0.006075   0.026308
 129  -0.013537   0.005892   0.016348  -0.008703
 130   0.006664  -0.021751   0.008009   0.007079
 131  -0.000835  -0.014730  -0.013282   0.028846
 132  -0.022905  -0.014011   0.008413   0.028503
 133   0.013653   0.011005   0.000622  -0.025279
 134   0.007033   0.001814  -0.003087  -0.005760
 135   0.002951  -0.009320  -0.010415   0.016784
 136  -0.008050   0.000091   0.010909  -0.002949
 137  -0.009188   0.003328  -0.009328   0.015188
 138   0.009489   0.010558  -0.018451  -0.001596
 139  -0.017151  -0.010381   0.035989  -0.008456
 140  -0.001658  -0.024779   0.009588   0.016848
 141   0.021640   0.010519  -0.010995  -0.021165
 142  -0.006170   0.001833  -0.008940   0.013277
 143   0.039569  -0.027772  -0.014261   0.002465
 144   0.018270  -0.007406  -0.026090   0.015227
 145  -0.022874  -0.006257  -0.079058   0.108189
 146   0.007210  -0.013696  -0.014641   0.021127
 147  -0.009163   0.014683  -0.025936   0.020416
 148   0.013118   0.021029  -0.001240  -0.032907
 149   0.006454  -0.002796  -0.022616   0.018958
 150   0.037239  -0.014268   0.008872  -0.031843
 151   0.020108  -0.017238   0.001649  -0.004519
 152   0.007049  -0.008020   0.008173  -0.007202
 153   0.003048  -0.031534   0.012520   0.015966
 154  -0.007409  -0.000067   0.029354  -0.021877
 155   0.054629  -0.035355   0.020360  -0.039635
 156   0.020354   0.008300  -0.040792   0.012139
 157   0.012853  -0.037674   0.006345   0.018477
 158  -0.018184   0.009116   0.001301   0.007767
 159  -0.030200   0.019053  -0.021195   0.032342
 160  -0.006995  -0.029239   0.053446  -0.017212
 161   0.024055  -0.009869  -0.006901  -0.007284
 162  -0.021635   0.017309  -0.045582   0.049909
 163   0.025667  -0.042595   0.040919  -0.023991
 164  -0.001908  -0.068278   0.038647   0.031538
 165   0.033895  -0.010534  -0.007443  -0.015918
 166   0.001011   0.000280   0.013960  -0.015251
 167  -0.002335   0.011028  -0.020651   0.011958
 168   0.040077   0.014946  -0.024591  -0.030431
 169   0.048102  -0.006366  -0.032222  -0.009514
 170   0.015436   0.029716  -0.026642  -0.018509
 171   0.058494  -0.027169   0.014897  -0.046222
 172  -0.002143   0.009253  -0.010557   0.003447
 173   0.025647  -0.063986   0.028348   0.009991
 174  -0.000075   0.012683  -0.024588   0.011980
 175   0.015922  -0.036876  -0.000813   0.021767
 176   0.018715   0.040118  -0.023428  -0.035404
 177   0.031678  -0.008340   0.016208  -0.039545
 178   0.055936   0.036120  -0.064887  -0.027168
 179   0.020095   0.022704  -0.077482   0.034684
