pos          info
        0 -1.013508e-04
        1 -1.143732e-04
        2 -4.828383e-05
        3  1.211000e-04
        4  1.536753e-04
        5  1.218975e-04
        6  1.790598e-05
        7 -2.488527e-05
        8 -1.151735e-05
        9 -1.642878e-05
       10 -9.707550e-06
       11  1.139182e-05
       12  1.198529e-05
       13  5.128120e-05
       14  6.997575e-05
       15  6.169978e-05
       16  3.195037e-05
       17 -1.081194e-05
       18  2.399408e-05
       19  2.466179e-05
       20  2.196214e-04
       21  4.674791e-04
       22  4.587955e-04
       23  9.677257e-05
       24 -1.564307e-04
       25 -2.489928e-04
       26 -5.726916e-05
       27 -8.012041e-05
       28 -9.654935e-05
       29 -1.650406e-04
       30 -1.632348e-04
       31 -8.991747e-05
       32  3.784564e-05
       33 -8.266823e-05
       34  9.105137e-05
       35 -3.578792e-05
       36  8.395061e-05
       37 -5.251002e-05
       38 -9.023690e-06
       39 -1.179290e-05
       40 -1.315627e-04
       41 -1.292110e-04
       42 -1.630804e-04
       43 -5.581762e-05
       44 -6.889778e-05
       45 -4.294775e-05
       46 -2.419494e-05
       47  7.416406e-05
       48  1.142836e-04
       49  1.572103e-04
       50  1.589859e-05
       51  3.164017e-04
       52  2.853337e-04
       53  3.397826e-04
       54  2.265324e-07
       55 -2.024184e-05
       56  7.981231e-07
       57  1.386193e-05
       58  2.679927e-05
       59 -9.225274e-07
       60 -8.890425e-06
       61 -1.100233e-05
       62 -6.316843e-06
       63 -2.415857e-05
       64 -2.740207e-05
       65 -1.694358e-05
       66  5.215813e-06
       67 -3.452303e-05
       68  4.511476e-05
       69  1.470543e-04
       70  1.776027e-04
       71  7.285609e-05
       72  9.647867e-05
       73 -1.444806e-04
       74 -1.305944e-04
       75 -2.848270e-04
       76 -1.848655e-05
       77 -1.435837e-05
       78  1.526881e-05
       79  8.611459e-05
       80  8.629224e-05
       81  8.511142e-05
       82  1.790845e-04
       83  1.876403e-04
       84  7.604985e-05
       85 -1.077855e-04
       86 -1.166791e-04
       87  2.425128e-05
       88 -2.637384e-05
       89 -2.254094e-05
       90 -5.127687e-05
       91  1.334602e-06
       92 -1.621039e-06
       93  3.220491e-05
       94  3.427934e-05
       95  1.634049e-04
       96  1.316586e-04
       97 -9.681683e-05
       98 -1.916910e-04
       99  2.470192e-05
      100  2.092741e-04
      101  1.907981e-04
      102 -1.259024e-04
      103 -1.045375e-04
      104 -1.196707e-04
      105 -3.793206e-05
      106  2.519766e-05
      107 -9.664446e-05
      108 -1.325267e-04
      109 -1.730724e-04
      110  6.486656e-05
      111  1.214250e-04
      112  1.312424e-04
      113  1.225241e-04
      114  1.369847e-04
      115 -5.339957e-05
      116 -1.737467e-04
      117 -4.433924e-05
      118  1.352641e-04
      119  2.030583e-04
      120  1.022563e-04
      121  1.011216e-04
      122  4.463347e-05
      123  3.791700e-05
      124  1.543733e-06
      125  6.197223e-05
      126 -1.386388e-06
      127 -6.138832e-05
      128 -1.477034e-04
      129 -1.623714e-04
      130 -7.467300e-05
      131 -4.877229e-05
      132  9.685767e-06
      133  7.755871e-05
      134  1.636930e-04
      135  9.391882e-05
      136  1.927033e-04
      137  1.080047e-04
      138  2.719045e-04
      139  1.223948e-04
      140  1.095182e-04
      141 -1.080228e-05
      142 -7.819117e-05
      143 -7.012745e-05
      144 -2.319639e-05
      145 -5.992104e-05
      146 -5.245156e-05
      147 -9.095858e-05
      148  3.044239e-05
      149  2.373055e-05
      150  2.079432e-05
      151  4.910071e-05
      152  9.475944e-05
      153  9.479675e-05
      154  4.974928e-05
      155  3.291668e-05
      156 -1.000330e-04
      157  0.000000e+00
      158  0.000000e+00
      159  0.000000e+00