pos          info
        0 -1.156270e-05
        1 -4.791921e-05
        2 -8.670387e-06
        3  1.650743e-06
        4  1.373052e-04
        5  1.461983e-04
        6 -1.806416e-05
        7 -4.805778e-05
        8 -1.945429e-05
        9 -1.533530e-06
       10 -1.769100e-04
       11  8.048743e-06
       12 -4.417835e-05
       13 -6.632508e-06
       14 -5.518520e-05
       15 -1.929476e-07
       16 -1.725742e-04
       17 -3.576087e-05
       18  1.967091e-05
       19  1.694802e-06
       20  1.754425e-04
       21  7.442316e-06
       22  1.253643e-04
       23 -5.916111e-06
       24 -1.374260e-05
       25  6.712340e-05
       26  2.690264e-05
       27  5.485504e-05
       28  4.408238e-06
       29 -2.191966e-05
       30 -6.748778e-05
       31 -4.035592e-04
       32  1.277142e-06
       33  3.349803e-05
       34  1.407777e-04
       35 -1.352979e-05
       36 -9.649684e-06
       37  2.991500e-07
       38 -1.212566e-06
       39 -1.626763e-04
       40 -7.298853e-05
       41 -7.273743e-05
       42 -1.613955e-06
       43 -7.743991e-05
       44 -2.369078e-05
       45 -6.309174e-05
       46  5.537259e-06
       47 -4.844870e-06
       48  1.462208e-05
       49  3.970034e-06
       50  1.000019e-04
       51  2.680552e-05
       52  2.204367e-05
       53  1.970061e-04
       54 -1.975867e-05
       55 -1.505462e-04
       56 -2.614977e-07
       57 -3.576915e-06
       58  1.814005e-04
       59  7.187166e-06
       60  5.581843e-05
       61 -5.278613e-06
       62  1.369256e-04
       63  1.895761e-05
       64 -3.326672e-04
       65 -2.094691e-04
       66 -6.426337e-06
       67 -1.653007e-05
       68 -1.108539e-04
       69  3.349721e-05
       70  2.671718e-05
       71 -1.329345e-04
       72 -2.251971e-04
       73 -1.186709e-06
       74 -5.468304e-06
       75 -1.918816e-04
       76 -8.207378e-07
       77 -2.115918e-04
       78 -3.652654e-05
       79  1.300078e-04
       80  1.106523e-05
       81  1.889168e-04
       82  4.016209e-05
       83  8.405992e-05
       84  8.816600e-04
       85 -7.729629e-05
       86 -2.845456e-05
       87  9.860930e-05
       88 -1.263583e-06
       89 -1.751179e-04
       90 -1.178501e-04
       91 -6.595099e-05
       92 -8.502266e-05
       93  7.102271e-06
       94  1.018381e-04
       95  8.630902e-05
       96  3.915828e-05
       97 -4.454548e-09
       98  2.620477e-06
       99  1.842694e-05
      100  8.053672e-05
      101 -1.845933e-04
      102 -4.790530e-06
      103 -8.901934e-05
      104 -1.077589e-04
      105 -7.781096e-05
      106 -2.269325e-05
      107 -4.348805e-04
      108 -1.498836e-04
      109 -3.503515e-04
      110  4.583746e-06
      111  1.281525e-05
      112  2.203165e-04
      113  4.262801e-05
      114  6.300064e-07
      115  4.367429e-08
      116  1.588437e-05
      117  3.807950e-05
      118  1.228422e-05
      119  3.317219e-04
      120  6.591267e-06
      121  9.770874e-05
      122  3.811585e-05
      123  7.303089e-05
      124 -1.366314e-04
      125 -6.394456e-05
      126 -1.061638e-04
      127 -7.584837e-05
      128 -1.219277e-05
      129 -9.605805e-05
      130  2.388855e-06
      131  5.458406e-05
      132  2.101376e-04
      133  1.634057e-05
      134  7.041546e-05
      135 -2.935445e-05
      136  7.301255e-05
      137 -4.735249e-06
      138  2.444679e-05
      139  1.593893e-05
      140  4.491331e-08
      141 -5.180070e-07
      142 -2.082361e-04
      143 -1.317512e-04
      144 -2.228987e-05
      145 -1.329880e-05
      146 -3.097816e-05
      147 -3.419498e-04
      148 -1.393573e-05
      149 -8.568594e-07
      150 -5.158034e-07
      151 -7.240588e-08
      152 -3.790225e-05
      153 -1.889186e-04
      154 -9.478768e-06
      155 -1.421148e-06
      156 -2.309381e-05
      157 -1.456658e-05
      158 -6.302126e-05
      159 -1.610190e-04