pos          info
        0 -1.264506e-04
        1 -1.671918e-04
        2 -1.198202e-04
        3 -1.364890e-04
        4 -9.700273e-05
        5  3.546673e-04
        6  6.931414e-05
        7  1.043178e-04
        8 -5.544795e-06
        9 -7.841097e-05
       10  2.591567e-05
       11  1.333331e-04
       12 -2.162386e-05
       13  2.393454e-05
       14 -9.258013e-05
       15  1.438051e-04
       16 -1.443854e-04
       17 -5.385882e-05
       18 -9.064724e-05
       19 -1.826437e-05
       20 -8.760973e-05
       21 -5.365906e-05
       22 -1.188246e-04
       23 -4.623276e-06
       24 -4.651023e-05
       25 -3.726479e-05
       26 -5.203295e-05
       27 -1.126088e-05
       28 -1.107526e-04
       29  8.319191e-05
       30  2.749542e-08
       31  6.695169e-05
       32  7.523201e-05
       33  1.492466e-03
       34  1.981955e-04
       35  2.210949e-04
       36 -2.024064e-06
       37 -1.031867e-04
       38 -5.201984e-04
       39 -3.435036e-05
       40 -5.585591e-05
       41 -1.492905e-05
       42 -3.100719e-05
       43 -8.716257e-05
       44  1.854545e-05
       45  1.570858e-04
       46 -5.824440e-05
       47 -1.321051e-04
       48 -2.503960e-04
       49 -3.583909e-05
       50 -5.130339e-08
       51 -2.699513e-05
       52 -1.065423e-04
       53 -6.571918e-06
       54 -3.399697e-05
       55 -1.644161e-04
       56  1.297338e-04
       57  5.355140e-07
       58  3.996890e-06
       59  2.910434e-05
       60  1.833497e-04
       61 -1.363923e-06
       62 -1.486175e-04
       63 -6.472272e-05
       64 -4.052967e-06
       65  1.458075e-04
       66 -2.236544e-05
       67 -2.662160e-04
       68 -1.143349e-04
       69 -5.620841e-06
       70  1.352318e-05
       71  1.201763e-05
       72  2.062862e-04
       73 -2.294150e-04
       74 -2.471640e-05
       75  1.627279e-05
       76  2.567704e-04
       77  6.535790e-04
       78  6.477453e-04
       79 -3.493961e-04
       80 -5.810844e-05
       81 -4.258058e-04
       82 -5.225602e-04
       83 -1.965890e-04
       84 -8.507205e-05
       85 -2.265142e-05
       86 -1.270119e-04
       87 -1.969358e-05
       88 -5.802346e-04
       89  4.722359e-05
       90  3.257090e-06
       91  2.575025e-05
       92  6.823869e-04
       93 -1.569018e-06
       94  2.433672e-06
       95  3.897328e-05
       96  5.107872e-04
       97  3.622272e-04
       98  1.948391e-04
       99  5.761263e-05
      100  2.263669e-03
      101  1.619832e-04
      102 -1.064873e-03
      103 -8.791241e-04
      104 -7.836713e-04
      105 -1.611637e-03
      106 -1.058453e-03
      107 -1.018449e-03
      108 -1.240134e-04
      109 -5.546284e-04
      110 -2.019133e-04
      111 -8.874460e-05
      112 -1.178958e-04
      113  1.240729e-04
      114  1.619383e-04
      115 -3.381619e-04
      116 -8.411705e-06
      117 -4.169980e-04
      118 -1.461663e-04
      119  6.567638e-05
      120 -2.136483e-04
      121 -4.919469e-04
      122 -3.546938e-04
      123 -2.235492e-04
      124 -1.219745e-03
      125 -2.175981e-03
      126 -2.336202e-04
      127 -2.818742e-04
      128 -3.955088e-05
      129 -2.618792e-04
      130  7.382136e-04
      131  7.889097e-05
      132  4.818763e-07
      133  2.691402e-06
      134  5.249571e-08
      135  4.581509e-04
      136 -3.021845e-05
      137  1.581225e-04
      138  1.848743e-04
      139  6.067520e-04
      140  4.310438e-05
      141  1.678480e-05
      142  1.427536e-05
      143  2.568018e-03
      144  1.716948e-05
      145 -3.188678e-04
      146 -2.037808e-05
      147 -2.140650e-03
      148 -1.654917e-03
      149  3.201370e-04
      150 -2.661092e-05
      151 -3.525417e-03
      152 -4.127586e-03
      153  4.746595e-04
      154  4.208823e-06
      155  3.543185e-04
      156 -1.747945e-04
      157 -6.890057e-04
      158 -2.551699e-04
      159 -2.848315e-04