pos          info
        0  4.640904e-04
        1  1.134944e-04
        2  1.676254e-04
        3  1.155850e-04
        4  2.040071e-04
        5  5.160619e-05
        6 -7.061792e-07
        7 -1.935977e-04
        8 -8.166100e-06
        9  8.789232e-06
       10  1.331211e-04
       11 -1.831530e-05
       12  7.517906e-06
       13 -2.606599e-07
       14  8.303727e-06
       15 -9.240380e-05
       16  3.887782e-05
       17 -2.642567e-05
       18  5.152929e-05
       19 -4.875931e-07
       20  3.567351e-05
       21  1.157143e-05
       22  1.803249e-05
       23  1.122232e-06
       24  4.191136e-05
       25 -5.839077e-05
       26  5.379525e-05
       27 -2.865874e-06
       28  3.959910e-04
       29  3.985023e-06
       30  3.599484e-05
       31 -6.968066e-07
       32  9.591824e-07
       33 -7.577338e-04
       34 -2.637313e-05
       35 -1.290899e-04
       36  8.272484e-05
       37  2.927577e-04
       38  6.359017e-04
       39  6.323886e-05
       40  2.539363e-04
       41  2.404375e-06
       42  3.582856e-05
       43  1.108627e-04
       44 -2.272736e-05
       45 -3.439909e-05
       46 -1.188411e-06
       47  7.557297e-06
       48  1.312963e-04
       49 -7.534730e-06
       50 -1.375413e-07
       51 -3.335771e-06
       52  1.204306e-05
       53  2.071066e-05
       54 -1.899043e-05
       55  1.356215e-04
       56 -2.601369e-05
       57  1.146744e-05
       58  2.124557e-07
       59 -7.475581e-06
       60 -1.607106e-04
       61  1.049842e-05
       62 -5.517286e-05
       63 -1.659087e-05
       64  2.678182e-06
       65 -1.820290e-04
       66  1.270896e-05
       67 -1.552144e-04
       68  6.054196e-05
       69 -1.113268e-04
       70  5.988074e-08
       71  1.744550e-05
       72 -2.190611e-04
       73  2.154559e-04
       74  1.360520e-04
       75  1.424883e-05
       76 -4.558330e-04
       77 -8.392690e-04
       78 -9.894609e-04
       79  5.895974e-04
       80 -3.072053e-07
       81  1.835001e-03
       82 -6.628699e-04
       83  3.350117e-05
       84  9.554447e-05
       85  9.623673e-05
       86 -1.545343e-04
       87 -2.830241e-04
       88  2.982978e-04
       89  1.096975e-05
       90 -1.029286e-05
       91 -1.650291e-04
       92 -5.073498e-04
       93  2.885374e-08
       94 -3.807278e-06
       95 -8.132529e-05
       96 -1.475643e-04
       97 -5.863140e-04
       98  1.798252e-04
       99 -2.786123e-04
      100 -2.090372e-03
      101 -1.292630e-04
      102 -1.122047e-03
      103  1.324040e-03
      104  1.368682e-03
      105  2.377938e-03
      106  1.016666e-03
      107  3.085567e-03
      108  4.090175e-04
      109  1.038491e-03
      110 -6.544386e-05
      111  7.207204e-05
      112  1.511997e-04
      113  2.591752e-05
      114 -6.113770e-05
      115 -2.182284e-05
      116 -9.081529e-07
      117  8.898638e-06
      118  1.384520e-05
      119  2.248064e-07
      120  1.181997e-04
      121  5.126817e-04
      122  6.907040e-05
      123 -1.155724e-04
      124  7.829852e-04
      125  1.943882e-03
      126  3.047077e-05
      127 -3.093586e-07
      128 -6.391956e-06
      129  1.794173e-04
      130 -6.036853e-04
      131 -2.441618e-06
      132 -3.073613e-05
      133  8.163936e-06
      134 -4.130510e-05
      135 -3.300714e-04
      136 -7.279667e-05
      137 -3.026221e-04
      138  1.970065e-04
      139 -1.604280e-05
      140  6.381905e-06
      141  1.358695e-04
      142 -4.498613e-05
      143 -5.892438e-04
      144  1.506981e-04
      145 -3.056965e-04
      146 -8.069658e-05
      147  6.344129e-04
      148  1.547835e-03
      149  5.378553e-04
      150 -5.264313e-06
      151 -3.273812e-03
      152  2.440230e-03
      153 -6.136757e-04
      154 -4.762084e-06
      155 -2.286212e-04
      156 -1.200522e-06
      157 -2.190006e-04
      158  2.806845e-04
      159  1.829321e-04