pos      val_A      val_C      val_G      val_T
   0  -0.040151   0.013175  -0.001601   0.028577
   1  -0.025140   0.037316  -0.008646  -0.003530
   2   0.008846  -0.016411  -0.011259   0.018824
   3   0.036904  -0.020429  -0.023960   0.007485
   4   0.004495   0.003857  -0.029048   0.020695
   5  -0.026525   0.010697   0.018491  -0.002663
   6  -0.013504   0.000048  -0.003152   0.016608
   7   0.008193  -0.022990  -0.018326   0.033123
   8  -0.002806  -0.004064   0.007504  -0.000634
   9  -0.018377   0.030151  -0.024961   0.013187
  10  -0.006834  -0.019665   0.032670  -0.006170
  11   0.032105  -0.040463   0.022798  -0.014440
  12  -0.019092   0.014772   0.023209  -0.018889
  13  -0.012597  -0.013488   0.012880   0.013205
  14  -0.013254   0.002013   0.021596  -0.010355
  15   0.001992  -0.012000  -0.012261   0.022269
  16  -0.006431   0.030185  -0.016460  -0.007295
  17   0.017545  -0.019263   0.018206  -0.016488
  18   0.035772  -0.024592  -0.003266  -0.007914
  19   0.008030  -0.008333  -0.005966   0.006269
  20  -0.021942  -0.006722   0.013735   0.014929
  21  -0.022406   0.028393  -0.010742   0.004755
  22   0.000298  -0.002214  -0.015032   0.016948
  23   0.026611  -0.003850  -0.006004  -0.016756
  24   0.000677   0.023024  -0.004845  -0.018857
  25  -0.014558   0.002844  -0.000673   0.012388
  26  -0.010593  -0.006429   0.012632   0.004389
  27  -0.007718   0.015731  -0.003822  -0.004191
  28  -0.035088   0.023720  -0.004585   0.015954
  29  -0.001982  -0.019591   0.029585  -0.008012
  30   0.028676  -0.010477  -0.063668   0.045469
  31   0.011928  -0.005245  -0.021159   0.014477
  32   0.010350   0.024682   0.004785  -0.039818
  33   0.053454  -0.003341  -0.020837  -0.029275
  34   0.016378  -0.010436   0.009531  -0.015473
  35   0.043762  -0.047069   0.004896  -0.001589
  36   0.001785   0.022587  -0.009939  -0.014434
  37   0.001148  -0.012369   0.045901  -0.034680
  38   0.022771   0.033536  -0.027585  -0.028722
  39   0.018996  -0.009723   0.016864  -0.026136
  40  -0.020200   0.018576   0.024556  -0.022931
  41  -0.016476   0.018796   0.001415  -0.003735
  42  -0.017520  -0.043459   0.061165  -0.000186
  43  -0.005809   0.006642  -0.019806   0.018973
  44   0.010207   0.018142  -0.004099  -0.024250
  45   0.010218  -0.019184   0.026642  -0.017676
  46   0.022822  -0.002619  -0.000301  -0.019902
  47  -0.006879   0.016303  -0.028174   0.018749
  48   0.020646  -0.036092  -0.011802   0.027248
  49   0.020404   0.006669  -0.043213   0.016141
  50  -0.017164  -0.006403  -0.000748   0.024315
  51   0.042823  -0.000413  -0.001765  -0.040644
  52  -0.015824   0.000410   0.016579  -0.001165
  53  -0.000587  -0.003124   0.007162  -0.003450
  54  -0.009432  -0.004841   0.015243  -0.000970
  55  -0.012856   0.029288  -0.003431  -0.013001
  56  -0.010329   0.025059  -0.013456  -0.001274
  57   0.018652  -0.037094  -0.006114   0.024556
  58  -0.004835   0.009818  -0.002484  -0.002499
  59  -0.012574   0.019588   0.002312  -0.009326
  60   0.013729   0.052620  -0.030416  -0.035933
  61  -0.003247   0.006750   0.004033  -0.007537
  62   0.007748  -0.014905  -0.018484   0.025642
  63   0.004505   0.016887   0.005151  -0.026543
  64  -0.002259  -0.005878   0.026861  -0.018725
  65   0.026503  -0.022627   0.006768  -0.010644
  66   0.010598   0.008165  -0.009384  -0.009379
  67  -0.009811  -0.033553   0.034388   0.008977
  68  -0.040715  -0.017219   0.028472   0.029462
  69  -0.007651   0.004108   0.002466   0.001077
  70  -0.002759  -0.036101   0.002420   0.036439
  71  -0.021388   0.015066   0.025105  -0.018783
  72  -0.026159  -0.026668   0.032739   0.020088
  73   0.024542  -0.006868   0.014619  -0.032294
  74  -0.019450   0.022901   0.015580  -0.019032
  75  -0.007801  -0.009829   0.001020   0.016610
  76   0.054836  -0.004873  -0.018202  -0.031760
  77   0.056983  -0.008794  -0.011189  -0.037000
  78   0.058046  -0.044682  -0.003976  -0.009389
  79   0.021309   0.024288   0.015130  -0.060727
  80  -0.040494   0.030856  -0.002319   0.011957
  81   0.040227   0.005051  -0.069711   0.024433
  82  -0.082389  -0.032133   0.055964   0.058558
  83   0.008695  -0.006139   0.016856  -0.019412
  84  -0.002008   0.015227   0.019122  -0.032341
  85   0.003454  -0.020358   0.025737  -0.008832
  86   0.019300  -0.003293   0.022565  -0.038571
  87   0.016146  -0.004374   0.008274  -0.020045
  88   0.014745  -0.025779   0.041967  -0.030933
  89   0.032228  -0.018231  -0.003572  -0.010425
  90   0.010031   0.003334   0.023737  -0.037102
  91   0.020733  -0.005973  -0.019855   0.005095
  92  -0.022230   0.003244   0.054723  -0.035737
  93  -0.007471  -0.004444   0.004275   0.007640
  94  -0.016497   0.012091   0.011630  -0.007223
  95  -0.030146  -0.011137   0.021049   0.020234
  96  -0.001553   0.033344  -0.025054  -0.006738
  97   0.059324   0.001372  -0.005748  -0.054949
  98   0.023159   0.010294  -0.047668   0.014216
  99  -0.020191   0.017362  -0.020419   0.023247
 100  -0.000108   0.057910  -0.165315   0.107513
 101   0.019539   0.012535  -0.063847   0.031774
 102   0.031713   0.058025  -0.003205  -0.086532
 103  -0.068165   0.007166   0.030099   0.030899
 104   0.039609  -0.003069   0.034554  -0.071095
 105  -0.082062   0.027743   0.049454   0.004865
 106   0.002980  -0.053668  -0.005877   0.056565
 107   0.037591   0.016498   0.044373  -0.098461
 108  -0.010700  -0.005732   0.013299   0.003133
 109   0.009080   0.052002  -0.006165  -0.054917
 110  -0.022408   0.010359   0.031323  -0.019275
 111   0.017212  -0.045369  -0.001759   0.029915
 112   0.032144  -0.018164   0.014181  -0.028161
 113  -0.027066   0.003467  -0.011418   0.035018
 114  -0.029371   0.007642   0.035463  -0.013734
 115  -0.004054  -0.013762  -0.009513   0.027328
 116  -0.001335   0.022521   0.000833  -0.022019
 117  -0.031123   0.025541  -0.006860   0.012443
 118  -0.014158   0.004967   0.023448  -0.014257
 119  -0.007857   0.045141  -0.009726  -0.027558
 120  -0.031761  -0.005981   0.050862  -0.013121
 121  -0.039316  -0.006910   0.035037   0.011189
 122  -0.029509   0.024430  -0.009450   0.014528
 123   0.037556  -0.029413  -0.027605   0.019462
 124   0.017331   0.010623   0.034734  -0.062688
 125   0.015536   0.016448   0.044215  -0.076199
 126   0.009847   0.001108  -0.011955   0.000999
 127   0.009514  -0.024843   0.006275   0.009053
 128   0.004249   0.009290  -0.001290  -0.012249
 129   0.000586  -0.015875   0.042659  -0.027370
 130  -0.048194   0.028713   0.047408  -0.027927
 131   0.009754   0.021623  -0.002709  -0.028669
 132   0.006932   0.008490  -0.022252   0.006831
 133   0.001083   0.009110  -0.009659  -0.000535
 134   0.038465  -0.038420   0.003677  -0.003722
 135  -0.024666  -0.004320  -0.008010   0.036996
 136  -0.045779   0.032998   0.004825   0.007956
 137   0.036890   0.033125   0.029789  -0.099804
 138  -0.019647   0.000678   0.002576   0.016393
 139  -0.001449  -0.025303   0.034606  -0.007854
 140  -0.031045   0.005124   0.026638  -0.000717
 141  -0.013617   0.028689  -0.005544  -0.009528
 142   0.012625   0.008598   0.010689  -0.031912
 143  -0.041626  -0.051209   0.022608   0.070227
 144   0.001461  -0.013148  -0.009435   0.021121
 145   0.038370  -0.004175  -0.050308   0.016113
 146   0.025136   0.012411  -0.021672  -0.015875
 147   0.039981   0.034337   0.004975  -0.079293
 148  -0.060230   0.028862   0.009662   0.021707
 149   0.032252   0.011009  -0.003858  -0.039403
 150  -0.049933  -0.016553   0.008419   0.058067
 151  -0.047615  -0.080829   0.007357   0.121087
 152   0.018356   0.062875   0.017765  -0.098996
 153  -0.056942   0.005708  -0.005171   0.056405
 154  -0.013145   0.006478   0.003877   0.002790
 155  -0.043467   0.017692   0.011556   0.014219
 156  -0.020054  -0.003496   0.008128   0.015422
 157  -0.003676   0.014474   0.043212  -0.054011
 158   0.031160  -0.044937  -0.034382   0.048159
 159  -0.032339   0.001749   0.040487  -0.009897
 160  -0.008494   0.003957   0.003933   0.000603
 161  -0.010988   0.001047   0.000562   0.009380
 162  -0.003765  -0.000579   0.000329   0.004016
 163  -0.010482   0.003443  -0.001016   0.008055
 164   0.000755   0.009911  -0.006112  -0.004554
 165  -0.005480   0.004573   0.005005  -0.004098
 166  -0.005498  -0.003238   0.007302   0.001435
 167  -0.028040  -0.001699   0.013116   0.016624
 168  -0.014199   0.001173   0.001647   0.011379
 169  -0.007514   0.005726  -0.001945   0.003733
 170  -0.010732   0.010762  -0.007021   0.006992
 171  -0.025239   0.007243   0.009730   0.008266
 172  -0.022009   0.024576   0.004037  -0.006604
 173  -0.018869   0.005912   0.023093  -0.010136
 174  -0.017500   0.013417   0.014428  -0.010345
 175  -0.024655  -0.007165   0.027387   0.004433
 176  -0.012855   0.012882   0.022339  -0.022366
 177  -0.023346   0.017020   0.030694  -0.024368
 178  -0.019296   0.001358   0.046221  -0.028283
 179  -0.019627  -0.007171   0.053914  -0.027116
