pos          info
        0 -2.595477e-05
        1 -6.461519e-06
        2  6.691137e-05
        3  1.126617e-05
        4  7.748656e-05
        5  5.432606e-05
        6 -1.478414e-05
        7 -1.337565e-04
        8 -5.199592e-05
        9  1.334928e-04
       10  2.024224e-04
       11  9.538393e-05
       12 -2.545739e-05
       13  6.997007e-05
       14  9.504633e-07
       15 -1.926383e-05
       16 -1.609580e-04
       17 -4.081667e-05
       18 -1.238116e-04
       19 -1.024699e-04
       20 -9.596487e-05
       21  3.121190e-05
       22  6.841699e-05
       23  5.313299e-05
       24 -1.232461e-05
       25 -1.038632e-05
       26 -1.393876e-04
       27 -8.532116e-05
       28 -1.133418e-04
       29  9.537908e-05
       30  8.806509e-05
       31  1.720850e-04
       32  9.889347e-05
       33  9.792329e-05
       34  3.673025e-05
       35  8.646501e-05
       36  8.336660e-05
       37  8.415276e-05
       38  1.398626e-05
       39  7.760620e-05
       40 -6.095137e-05
       41  5.150140e-05
       42 -8.852956e-06
       43 -1.404836e-05
       44 -8.673153e-05
       45 -8.243952e-05
       46 -5.126142e-05
       47 -1.130940e-04
       48 -2.001959e-04
       49 -7.496471e-05
       50 -1.042149e-04
       51 -7.950134e-06
       52 -3.123417e-05
       53  1.071409e-05
       54  3.145042e-06
       55  9.289276e-05
       56  1.025422e-04
       57  8.239303e-05
       58 -2.821203e-05
       59 -3.560403e-05
       60 -2.099348e-05
       61  1.695439e-05
       62 -2.838247e-05
       63 -3.884522e-05
       64 -9.931553e-05
       65 -2.522582e-04
       66 -3.497126e-04
       67 -2.532217e-04
       68  4.789183e-06
       69  1.828127e-04
       70  7.896886e-04
       71  8.591336e-04
       72  6.998798e-04
       73  2.542050e-05
       74 -8.717064e-05
       75 -2.817809e-05
       76 -6.839372e-04
       77 -3.342431e-04
       78 -2.941383e-04
       79 -6.180105e-04
       80 -2.390540e-03
       81 -2.401320e-03
       82 -1.427802e-03
       83  1.062265e-04
       84  4.281075e-05
       85  9.243040e-05
       86 -1.159923e-04
       87  2.269233e-05
       88  2.291847e-06
       89  1.907869e-04
       90  1.159883e-04
       91  8.423398e-05
       92  5.443888e-05
       93  6.725289e-05
       94  6.981887e-05
       95  1.474310e-05
       96  7.768267e-05
       97  1.521605e-04
       98  4.521152e-05
       99  5.770067e-05
      100  5.292124e-04
      101  8.950758e-04
      102  8.573163e-04
      103  3.149663e-04
      104  2.045922e-04
      105  5.199586e-04
      106  4.847787e-04
      107  3.299545e-04
      108 -4.569546e-05
      109  9.541354e-05
      110  6.413014e-05
      111  5.821048e-05
      112 -5.137742e-05
      113 -5.059554e-05
      114  7.987501e-05
      115  8.384634e-05
      116  1.198936e-04
      117  2.910047e-05
      118  1.022050e-04
      119  9.523107e-05
      120  5.981199e-05
      121  1.122060e-04
      122  3.160771e-04
      123  5.364851e-04
      124  3.784843e-04
      125  2.154387e-04
      126  4.644545e-05
      127  7.473036e-05
      128  1.701580e-05
      129 -1.154495e-05
      130  1.768949e-04
      131  1.767889e-04
      132  1.449789e-04
      133 -4.302568e-05
      134 -2.175288e-05
      135 -1.941778e-05
      136 -8.784320e-06
      137 -4.340284e-05
      138 -3.013166e-05
      139 -4.777672e-06
      140  1.100312e-04
      141  1.408611e-04
      142  9.447958e-05
      143  7.462881e-06
      144 -2.092534e-05
      145  2.294708e-05
      146  1.370268e-04
      147  1.401055e-04
      148  1.174377e-04
      149  1.972178e-05
      150  1.884558e-05
      151  1.122121e-05
      152 -8.187296e-06
      153 -2.198687e-05
      154  1.446668e-05
      155  2.322699e-05
      156  4.791685e-05
      157  0.000000e+00
      158  0.000000e+00
      159  0.000000e+00