pos          info
        0  9.616252e-06
        1  6.517164e-06
        2  3.244413e-06
        3  1.470163e-05
        4  2.811579e-05
        5  1.699805e-05
        6  1.878793e-06
        7 -1.512236e-05
        8  1.560711e-05
        9  2.451570e-05
       10  6.521694e-05
       11  4.415975e-05
       12  2.015284e-05
       13  1.027414e-05
       14  8.754039e-06
       15  3.180946e-06
       16 -2.261901e-05
       17 -6.874917e-07
       18  3.044575e-06
       19 -5.757066e-06
       20 -1.931460e-05
       21  1.841467e-05
       22  4.628439e-05
       23  6.500055e-05
       24 -1.002610e-04
       25 -1.037796e-04
       26 -1.598644e-04
       27 -1.848251e-05
       28  3.806409e-05
       29  7.796219e-05
       30  7.631232e-05
       31  4.336343e-05
       32  3.930196e-05
       33  4.155653e-05
       34  7.873822e-05
       35  1.775468e-04
       36  1.756907e-04
       37  9.453513e-05
       38  2.866423e-05
       39  8.127529e-05
       40 -3.902289e-05
       41  1.576108e-05
       42 -2.497170e-05
       43 -1.327336e-04
       44 -1.640093e-04
       45 -1.785596e-04
       46 -1.394272e-04
       47 -1.956173e-04
       48 -2.617522e-04
       49  1.735774e-05
       50 -1.506501e-05
       51  5.797171e-05
       52 -3.686549e-05
       53  2.380646e-05
       54  2.653300e-06
       55  6.789605e-06
       56 -4.138843e-05
       57 -8.370964e-05
       58 -4.990754e-05
       59 -4.871433e-05
       60  2.072539e-05
       61 -5.793812e-06
       62 -1.431152e-04
       63 -1.860690e-04
       64 -3.123640e-04
       65 -3.460719e-04
       66 -3.089486e-04
       67 -1.681312e-04
       68  8.964937e-05
       69  2.196673e-04
       70  8.312991e-04
       71  8.078647e-04
       72  6.616908e-04
       73  8.556838e-05
       74  3.539967e-05
       75  5.678272e-05
       76 -5.571897e-04
       77 -1.185687e-04
       78 -1.101541e-04
       79 -8.225530e-04
       80 -2.678375e-03
       81 -2.692257e-03
       82 -1.399300e-03
       83  4.088930e-05
       84 -2.987700e-05
       85 -5.364410e-06
       86 -1.259354e-04
       87  3.424977e-05
       88 -1.170971e-05
       89  1.059100e-04
       90 -2.190841e-05
       91 -2.425163e-05
       92 -3.650424e-05
       93  9.352203e-06
       94  1.739735e-05
       95  1.223827e-05
       96  1.899290e-05
       97  5.849758e-05
       98 -6.140982e-05
       99 -4.629628e-05
      100  3.563145e-04
      101  7.134244e-04
      102  9.592484e-04
      103  6.480985e-04
      104  4.280376e-04
      105  6.180221e-04
      106  3.161740e-04
      107  2.479861e-04
      108 -3.393675e-04
      109 -1.078534e-04
      110 -1.380366e-04
      111 -5.987330e-05
      112 -1.298826e-04
      113 -5.370498e-05
      114  2.213375e-04
      115  1.872241e-04
      116  1.982495e-04
      117  1.434434e-06
      118  1.106413e-04
      119  1.117185e-04
      120  5.062664e-05
      121  9.104352e-05
      122  1.729128e-04
      123  2.367355e-04
      124  8.826822e-05
      125  1.069959e-05
      126  1.373852e-04
      127  1.725598e-04
      128  1.277311e-04
      129 -3.522055e-05
      130  2.007742e-04
      131  2.161157e-04
      132  2.171079e-04
      133 -4.354122e-05
      134  6.869676e-06
      135  5.948491e-06
      136  3.030683e-05
      137  1.230116e-05
      138  1.383402e-05
      139  1.311628e-05
      140  1.393311e-04
      141  3.053922e-04
      142  2.739454e-04
      143  1.354288e-04
      144 -3.091212e-05
      145  7.833130e-05
      146  8.590932e-05
      147  8.402565e-05
      148  2.615825e-05
      149  2.538195e-05
      150  1.049387e-04
      151  9.262553e-05
      152  8.527485e-05
      153 -1.277184e-05
      154  5.989632e-05
      155  5.254887e-05
      156  7.416706e-05
      157  0.000000e+00
      158  0.000000e+00
      159  0.000000e+00