pos          info
        0 -3.454126e-05
        1 -3.958118e-05
        2 -3.610391e-05
        3  1.462978e-05
        4  1.145078e-05
        5 -7.963319e-06
        6  4.319434e-05
        7  4.383417e-05
        8  6.751884e-05
        9 -1.321619e-05
       10 -1.424252e-05
       11  5.077471e-07
       12  4.324805e-05
       13  4.330337e-05
       14  3.466652e-05
       15  1.221366e-05
       16  6.909808e-05
       17  7.143508e-05
       18  7.321007e-05
       19  9.660686e-05
       20  5.223691e-05
       21  9.518349e-05
       22  3.253701e-05
       23  7.011791e-05
       24  1.752899e-05
       25 -9.253958e-07
       26 -1.033640e-05
       27  6.569879e-06
       28  5.446878e-06
       29 -1.229830e-05
       30 -1.755114e-05
       31 -9.306940e-06
       32  1.291849e-05
       33  2.159795e-06
       34 -3.412311e-06
       35 -3.724001e-05
       36 -2.534056e-05
       37 -6.415380e-05
       38  5.115108e-06
       39  5.175490e-05
       40  7.863352e-05
       41  6.044325e-05
       42  2.627121e-05
       43 -5.988396e-07
       44 -2.312313e-05
       45 -3.895297e-05
       46 -2.320584e-05
       47 -3.144054e-05
       48 -1.236757e-05
       49  5.816702e-06
       50  1.692487e-04
       51  1.359948e-04
       52  1.374128e-04
       53 -2.881149e-05
       54  7.120285e-06
       55 -3.230999e-05
       56 -4.326220e-05
       57 -6.417762e-05
       58 -1.703301e-05
       59 -1.190244e-05
       60 -1.224751e-05
       61 -1.148805e-05
       62  2.999903e-05
       63  1.160461e-04
       64  1.285305e-04
       65  1.226068e-04
       66  4.110951e-05
       67  2.205237e-05
       68  2.949696e-05
       69  2.295058e-05
       70  2.387704e-05
       71 -2.868640e-05
       72 -8.649062e-05
       73 -8.378555e-05
       74 -5.376633e-05
       75  1.498424e-04
       76  1.406157e-04
       77  9.179045e-04
       78  1.121187e-03
       79  2.455744e-03
       80  2.568524e-03
       81  3.049605e-03
       82  2.140112e-03
       83  1.309291e-03
       84  4.724930e-04
       85  5.664416e-05
       86 -8.419885e-06
       87 -2.216623e-06
       88 -5.695566e-06
       89 -5.282894e-06
       90 -1.723428e-05
       91 -1.539255e-05
       92 -1.224765e-05
       93 -4.416247e-06
       94  1.525182e-05
       95  1.873585e-04
       96  1.889039e-04
       97  7.895403e-05
       98 -1.619944e-04
       99 -3.698382e-05
      100  7.231818e-04
      101  9.199852e-04
      102  8.213944e-04
      103 -1.154157e-05
      104 -2.879778e-05
      105 -4.051986e-04
      106  2.329236e-04
      107  2.412026e-04
      108  5.914276e-04
      109  1.187468e-04
      110 -2.205460e-05
      111 -2.175655e-05
      112  1.147772e-06
      113  4.807062e-05
      114  5.436695e-05
      115  2.740489e-05
      116 -1.092757e-05
      117  2.257697e-05
      118  2.686427e-05
      119  3.978192e-05
      120  2.748742e-05
      121  2.867802e-05
      122  2.877265e-05
      123  5.155175e-06
      124  2.057682e-05
      125  4.306613e-06
      126 -1.059223e-04
      127 -2.739705e-04
      128 -1.296255e-04
      129  2.266131e-05
      130  2.672334e-04
      131  1.351861e-04
      132 -1.063635e-04
      133 -2.094871e-04
      134 -2.639520e-04
      135 -5.618097e-05
      136 -3.979104e-05
      137  1.661950e-05
      138  7.284676e-06
      139 -9.816131e-06
      140  1.579497e-04
      141  2.296158e-04
      142  2.900728e-04
      143  1.154734e-04
      144  4.499715e-05
      145 -1.564753e-07
      146 -1.175560e-05
      147  4.793752e-05
      148  9.173369e-05
      149  1.465581e-04
      150  8.643394e-05
      151  6.187710e-05
      152  5.769032e-05
      153  5.750623e-05
      154  2.634376e-05
      155  4.534374e-06
      156  1.106696e-05
      157  0.000000e+00
      158  0.000000e+00
      159  0.000000e+00