pos      val_A      val_C      val_G      val_T
   0  -0.026320   0.016933   0.000997   0.008390
   1  -0.007405  -0.010328   0.007692   0.010041
   2  -0.011049  -0.015492   0.011973   0.014567
   3   0.010766  -0.003818   0.016106  -0.023055
   4   0.009471   0.003328  -0.015569   0.002771
   5  -0.001763   0.026334  -0.021000  -0.003572
   6  -0.007834  -0.009545   0.013055   0.004324
   7  -0.008591   0.012255   0.000331  -0.003994
   8   0.010231  -0.029039   0.016144   0.002665
   9  -0.009123   0.001440  -0.009312   0.016994
  10   0.004882   0.006650  -0.009910  -0.001621
  11   0.002533  -0.000166   0.015678  -0.018045
  12  -0.000994  -0.008824   0.004209   0.005609
  13   0.001768   0.002757  -0.000700  -0.003825
  14  -0.016850  -0.010851   0.030560  -0.002859
  15  -0.005941  -0.007002   0.013376  -0.000433
  16   0.006816  -0.003850  -0.011521   0.008555
  17  -0.003391   0.003070  -0.008121   0.008442
  18  -0.016300  -0.021914   0.010834   0.027381
  19  -0.013515   0.017654  -0.000174  -0.003964
  20   0.006363  -0.004042  -0.002310  -0.000011
  21   0.020611  -0.004211  -0.001502  -0.014897
  22   0.007103  -0.001693  -0.011412   0.006002
  23  -0.026073  -0.002320   0.016513   0.011879
  24  -0.002910  -0.004768   0.001878   0.005799
  25   0.002612  -0.007541  -0.016536   0.021465
  26   0.008780  -0.013115  -0.000463   0.004798
  27   0.010148   0.023194  -0.045463   0.012121
  28   0.017067  -0.014683  -0.009324   0.006940
  29  -0.009021   0.011791  -0.001702  -0.001069
  30  -0.008122  -0.007475   0.003726   0.011871
  31   0.020830  -0.011786  -0.007453  -0.001591
  32   0.007236  -0.006657   0.023564  -0.024143
  33  -0.000977   0.011778  -0.014541   0.003740
  34  -0.016273  -0.016519   0.013430   0.019362
  35  -0.007576  -0.004418   0.002780   0.009213
  36   0.025688   0.004514  -0.007682  -0.022520
  37   0.015552  -0.012710   0.000974  -0.003816
  38  -0.010590   0.002393   0.008497  -0.000300
  39   0.002241  -0.031589   0.031602  -0.002253
  40   0.018464  -0.001993  -0.010837  -0.005633
  41  -0.020083   0.020693   0.002738  -0.003348
  42   0.019370  -0.033619   0.008072   0.006178
  43  -0.013622   0.001433  -0.003261   0.015451
  44  -0.015712  -0.003008   0.011448   0.007272
  45  -0.005423   0.022704  -0.024103   0.006822
  46  -0.031510   0.027935  -0.002642   0.006217
  47  -0.009118   0.003821  -0.001918   0.007215
  48   0.021357   0.002098  -0.006366  -0.017089
  49   0.000230   0.007369  -0.020671   0.013071
  50   0.013545   0.000309  -0.007833  -0.006021
  51   0.024837  -0.000520  -0.010046  -0.014271
  52   0.008418   0.032693   0.001724  -0.042835
  53  -0.002736  -0.003829   0.026644  -0.020079
  54  -0.024211   0.003028   0.012234   0.008949
  55  -0.020242   0.016865  -0.000929   0.004306
  56   0.015915   0.005936  -0.006917  -0.014935
  57  -0.039382   0.025828   0.003702   0.009852
  58   0.013215   0.010677   0.013724  -0.037616
  59  -0.004932  -0.002628   0.006037   0.001524
  60  -0.033599   0.008093   0.004945   0.020561
  61  -0.016272   0.005764   0.014402  -0.003893
  62  -0.006731   0.021192   0.002863  -0.017324
  63   0.018699  -0.003613   0.011149  -0.026235
  64   0.010752   0.006260   0.012973  -0.029986
  65   0.002884   0.016194   0.005150  -0.024229
  66   0.013586  -0.015853   0.015927  -0.013659
  67  -0.011838   0.009353   0.023283  -0.020798
  68  -0.000755   0.006361   0.001244  -0.006850
  69  -0.023279  -0.023433   0.030099   0.016612
  70   0.013210   0.017724  -0.012007  -0.018927
  71   0.001286   0.009132  -0.007708  -0.002710
  72  -0.007679   0.006224   0.001525  -0.000070
  73  -0.002480   0.001989  -0.021561   0.022051
  74  -0.024597   0.027635  -0.011849   0.008812
  75  -0.006328   0.019283  -0.021193   0.008237
  76  -0.000620   0.016417  -0.022200   0.006403
  77   0.005363   0.035572  -0.044317   0.003382
  78   0.018237  -0.060358  -0.002813   0.044934
  79   0.034412   0.060713   0.056559  -0.151684
  80   0.045052   0.038855   0.031628  -0.115535
  81   0.053909   0.066034  -0.159899   0.039955
  82  -0.158948   0.039054   0.072582   0.047312
  83   0.032514  -0.131513   0.058191   0.040808
  84  -0.103073   0.065170   0.042843  -0.004940
  85  -0.004511   0.035559  -0.006732  -0.024315
  86   0.028242   0.009388   0.015580  -0.053211
  87   0.006072  -0.003860  -0.002514   0.000303
  88   0.004305  -0.000840  -0.006432   0.002968
  89  -0.007126  -0.011199   0.001582   0.016742
  90   0.010622  -0.013376  -0.007662   0.010415
  91  -0.013446  -0.003296   0.000886   0.015856
  92  -0.009429  -0.013660   0.009697   0.013391
  93  -0.012239   0.026651  -0.001956  -0.012456
  94  -0.025597   0.026261  -0.002531   0.001868
  95   0.009779   0.009461  -0.009827  -0.009413
  96  -0.016282   0.036904   0.010491  -0.031113
  97   0.031748   0.011386   0.003500  -0.046634
  98  -0.014039   0.015846  -0.009858   0.008051
  99   0.010049   0.033335  -0.035417  -0.007966
 100   0.032800   0.043373  -0.047641  -0.028533
 101   0.038616   0.002335  -0.045536   0.004584
 102   0.033227   0.037194   0.050624  -0.121045
 103  -0.056538   0.071244   0.047411  -0.062117
 104  -0.036076   0.015134   0.055446  -0.034505
 105  -0.039098   0.061449   0.000296  -0.022647
 106  -0.019135   0.021351   0.025478  -0.027693
 107  -0.012604   0.082532   0.007056  -0.076984
 108   0.019841   0.044402   0.041396  -0.105639
 109  -0.044622   0.051943   0.009142  -0.016463
 110   0.009942   0.025261  -0.034867  -0.000336
 111  -0.003779   0.001882   0.025429  -0.023532
 112   0.022222   0.001828  -0.025537   0.001487
 113  -0.009800   0.011814  -0.004294   0.002281
 114  -0.003078  -0.018920   0.031353  -0.009355
 115  -0.010047  -0.006799  -0.001443   0.018289
 116   0.016055   0.001323  -0.015337  -0.002041
 117  -0.009814  -0.007020  -0.013439   0.030273
 118  -0.001592  -0.025287   0.004568   0.022312
 119   0.018668  -0.017093  -0.010975   0.009400
 120   0.000762  -0.003342  -0.013556   0.016135
 121   0.007433   0.015114  -0.014944  -0.007603
 122  -0.014756   0.012262  -0.029404   0.031897
 123   0.015707  -0.000562  -0.029269   0.014124
 124  -0.000347   0.005707  -0.009546   0.004186
 125  -0.016801   0.007230   0.008671   0.000900
 126  -0.006830   0.004523   0.009734  -0.007427
 127   0.005972  -0.015671  -0.007365   0.017063
 128  -0.011835   0.029744   0.000069  -0.017978
 129  -0.034195   0.003023  -0.003962   0.035135
 130   0.006831   0.022741  -0.047416   0.017844
 131  -0.004415   0.001418  -0.020481   0.023478
 132  -0.038965   0.021240   0.012710   0.005014
 133  -0.007108   0.023326  -0.008906  -0.007312
 134  -0.008606   0.050440  -0.028310  -0.013524
 135  -0.020148   0.006878  -0.000291   0.013561
 136  -0.016451   0.001253   0.023616  -0.008418
 137  -0.017379   0.017570   0.000229  -0.000420
 138  -0.008772   0.005588   0.014162  -0.010978
 139  -0.025476   0.005533  -0.004685   0.024627
 140  -0.010385  -0.008850   0.008403   0.010832
 141   0.011787  -0.000493  -0.004244  -0.007050
 142  -0.042272   0.007763   0.015435   0.019074
 143  -0.009623   0.032211   0.017092  -0.039680
 144   0.008135   0.029227  -0.032775  -0.004587
 145   0.011468   0.004095  -0.007856  -0.007707
 146   0.006020   0.002267  -0.013473   0.005186
 147   0.000168  -0.008960   0.020687  -0.011895
 148  -0.010929   0.029952  -0.006711  -0.012313
 149  -0.034599   0.025594  -0.014316   0.023320
 150  -0.007187  -0.018412   0.004818   0.020781
 151  -0.023829   0.028063  -0.015877   0.011643
 152  -0.033514   0.006711   0.020458   0.006346
 153   0.000707  -0.012838   0.017010  -0.004879
 154  -0.009307   0.009150  -0.022686   0.022843
 155  -0.034302   0.028603   0.001653   0.004046
 156  -0.005413  -0.000806  -0.003786   0.010006
 157   0.020505  -0.016520  -0.000676  -0.003308
 158   0.001573   0.010473  -0.017611   0.005565
 159   0.009424  -0.002839  -0.008961   0.002376
 160   0.001704   0.029316  -0.054956   0.023937
 161   0.000261   0.022723  -0.041746   0.018762
 162  -0.004588   0.008139  -0.005444   0.001893
 163   0.000872   0.016757  -0.026177   0.008548
 164  -0.010888   0.007618  -0.006782   0.010053
 165  -0.014628   0.007663  -0.012604   0.019568
 166  -0.005681   0.003863  -0.010119   0.011937
 167  -0.018449   0.018258  -0.013108   0.013300
 168   0.000465   0.004940  -0.012869   0.007464
 169  -0.012019   0.020759  -0.012641   0.003901
 170  -0.029453   0.020680  -0.002985   0.011757
 171  -0.029688   0.027593   0.002310  -0.000215
 172  -0.022483   0.016908  -0.004234   0.009809
 173  -0.043000   0.031758   0.017118  -0.005876
 174  -0.030913   0.020807   0.015527  -0.005421
 175  -0.029691   0.009497   0.034128  -0.013934
 176  -0.043190   0.033468   0.027731  -0.018010
 177  -0.039347   0.013031   0.053341  -0.027026
 178  -0.018685   0.020779   0.042560  -0.044653
 179  -0.008604  -0.021544   0.067812  -0.037664
