pos          info
        0  9.089879e-04
        1 -1.933313e-04
        2 -3.508327e-04
        3 -1.855812e-03
        4 -3.144605e-04
        5 -1.868327e-03
        6 -3.738451e-07
        7 -1.071811e-04
        8 -3.752253e-03
        9 -5.549159e-06
       10 -3.189845e-04
       11  5.034011e-05
       12 -6.555036e-06
       13 -1.002275e-05
       14 -2.496118e-03
       15 -6.119942e-05
       16 -1.470701e-03
       17 -2.199160e-04
       18 -7.221888e-04
       19 -3.131172e-05
       20 -6.647972e-05
       21 -2.831041e-03
       22 -2.973863e-05
       23 -3.045018e-03
       24  4.459126e-04
       25  1.421820e-04
       26  1.150006e-03
       27 -5.319267e-05
       28 -7.262178e-04
       29 -5.088061e-04
       30 -1.685901e-04
       31 -3.562429e-04
       32 -1.930712e-03
       33 -1.108736e-05
       34 -1.455413e-03
       35  1.062217e-04
       36 -4.624560e-05
       37  1.904382e-05
       38  9.514744e-05
       39 -2.438422e-03
       40 -1.361273e-04
       41 -3.862512e-03
       42 -3.598850e-04
       43 -7.414799e-04
       44  4.232073e-04
       45  3.873934e-03
       46  2.033838e-04
       47  1.376846e-04
       48 -6.410955e-04
       49 -9.190991e-04
       50 -1.238182e-03
       51 -6.315880e-06
       52 -8.535584e-03
       53  1.297212e-03
       54 -1.127382e-03
       55 -5.798298e-05
       56  2.758421e-03
       57  2.274081e-05
       58  1.891712e-03
       59 -1.583839e-03
       60 -1.193223e-05
       61 -6.909169e-04
       62 -2.546629e-03
       63 -3.443427e-03
       64 -3.288950e-03
       65 -3.819036e-03
       66 -1.377357e-03
       67 -1.125790e-03
       68 -6.879909e-05
       69 -4.823705e-04
       70 -2.338474e-04
       71 -1.608329e-04
       72  4.272690e-05
       73  3.023219e-04
       74 -5.491867e-03
       75 -2.018208e-04
       76 -2.234354e-03
       77 -8.735426e-03
       78 -5.692851e-04
       79 -6.037422e-02
       80 -4.111612e-02
       81 -5.943709e-02
       82 -6.598148e-02
       83 -5.829771e-02
       84 -3.224229e-02
       85 -2.852273e-03
       86 -2.544182e-04
       87  6.890194e-06
       88  5.983200e-04
       89  8.559979e-04
       90  1.884970e-03
       91  1.559508e-03
       92  2.850156e-03
       93 -1.120887e-05
       94 -2.582614e-05
       95 -1.067005e-03
       96 -3.461567e-04
       97 -7.405261e-03
       98  2.891011e-04
       99  2.329367e-03
      100 -4.732767e-03
      101 -1.310439e-02
      102 -5.192357e-02
      103 -7.121277e-03
      104 -7.514745e-03
      105  1.257620e-02
      106 -6.713859e-03
      107 -3.983397e-02
      108 -3.709602e-02
      109 -8.540379e-03
      110 -1.142631e-05
      111  9.661962e-07
      112 -1.617712e-03
      113 -2.531493e-04
      114 -9.141939e-04
      115 -3.197550e-04
      116 -1.448860e-04
      117  4.926436e-04
      118  2.724503e-04
      119  5.668027e-05
      120  5.087889e-05
      121 -2.902095e-04
      122 -5.960536e-04
      123 -2.137933e-04
      124 -2.843060e-04
      125  3.770354e-05
      126  1.984593e-04
      127  6.773469e-04
      128  7.497916e-03
      129  7.143004e-03
      130 -1.245913e-03
      131 -7.224026e-05
      132  5.677295e-03
      133  1.260095e-03
      134  1.015348e-02
      135  3.414232e-03
      136  4.714696e-03
      137 -5.213688e-04
      138  2.432089e-04
      139  3.016156e-04
      140 -6.349568e-06
      141 -5.045488e-04
      142 -7.753131e-03
      143 -9.038902e-03
      144 -1.598050e-03
      145 -3.742656e-04
      146 -1.540731e-04
      147 -2.781998e-03
      148 -2.542180e-03
      149 -6.964341e-03
      150 -7.194498e-04
      151 -6.650334e-03
      152 -1.293547e-05
      153 -6.620393e-04
      154 -2.017028e-03
      155  1.450474e-06
      156  2.687821e-03
      157 -2.093259e-04
      158 -2.759724e-04
      159 -1.047107e-04