pos          info
        0  4.749384e-05
        1  3.436242e-05
        2  2.499940e-05
        3  4.194243e-05
        4  4.377599e-06
        5 -6.997078e-06
        6  6.214837e-05
        7  6.372602e-05
        8  7.211197e-05
        9  2.754016e-06
       10 -5.131232e-06
       11 -2.093345e-06
       12  2.044030e-05
       13  7.464907e-06
       14  9.200022e-06
       15 -1.246491e-05
       16  4.093112e-05
       17  5.445595e-05
       18  5.036447e-05
       19  2.873659e-05
       20  1.115354e-05
       21  6.869519e-05
       22  5.108648e-05
       23  5.835124e-05
       24  2.120680e-06
       25 -6.473604e-06
       26 -3.407114e-05
       27 -3.206463e-05
       28 -3.424442e-05
       29 -1.082849e-05
       30  3.559141e-05
       31  4.672848e-05
       32  6.877227e-05
       33  2.160664e-05
       34  2.617803e-05
       35 -1.510920e-05
       36 -1.445183e-05
       37 -1.001381e-04
       38 -8.076526e-05
       39 -4.837514e-05
       40  2.682649e-05
       41  4.111617e-05
       42  2.835198e-05
       43 -7.842071e-06
       44 -2.544790e-05
       45 -4.627826e-05
       46 -3.986326e-05
       47 -4.147080e-05
       48 -3.534494e-05
       49  2.910400e-07
       50  1.530794e-04
       51  9.139218e-05
       52  7.928505e-05
       53 -9.173201e-05
       54 -3.112603e-05
       55 -2.017941e-05
       56 -1.264733e-05
       57 -1.456771e-05
       58 -1.887505e-05
       59 -2.009762e-05
       60  2.091334e-06
       61  6.229654e-05
       62  1.510747e-04
       63  1.741198e-04
       64  1.339298e-04
       65  7.302497e-05
       66  2.961539e-05
       67 -6.909735e-06
       68 -6.455579e-06
       69 -1.700070e-05
       70  4.790512e-06
       71 -4.540814e-05
       72 -1.001263e-04
       73 -9.692316e-05
       74 -1.798072e-05
       75  2.063011e-04
       76  2.034729e-04
       77  2.111519e-03
       78  3.060202e-03
       79  5.273364e-03
       80  5.467524e-03
       81  5.837423e-03
       82  4.504974e-03
       83  2.409494e-03
       84  9.205209e-04
       85  4.079862e-05
       86 -3.096145e-06
       87 -1.753165e-05
       88 -2.752844e-05
       89 -5.052532e-05
       90 -4.260412e-05
       91 -2.136531e-05
       92 -1.167957e-06
       93  1.989172e-05
       94  2.863210e-05
       95  2.027571e-04
       96  1.754511e-04
       97  6.385563e-05
       98 -1.970706e-04
       99 -6.981174e-06
      100  1.308344e-03
      101  1.648724e-03
      102  1.583088e-03
      103  6.128074e-05
      104 -1.309325e-04
      105 -7.692445e-04
      106  4.554879e-04
      107  5.542768e-04
      108  1.080308e-03
      109  1.536474e-04
      110 -4.626395e-05
      111 -3.652488e-05
      112 -8.203883e-06
      113  3.880079e-05
      114  3.754013e-05
      115  1.518452e-05
      116 -3.205132e-05
      117 -9.018401e-06
      118 -1.372691e-06
      119  1.942812e-05
      120  1.242957e-05
      121 -1.871528e-05
      122 -1.464411e-06
      123 -2.193916e-05
      124 -1.795298e-06
      125 -2.362834e-05
      126 -8.990616e-05
      127 -1.895541e-04
      128  1.984606e-05
      129  1.242448e-04
      130  3.429051e-04
      131  1.633142e-04
      132 -7.308032e-05
      133 -2.101970e-04
      134 -2.612750e-04
      135 -3.463476e-05
      136 -1.058578e-05
      137 -1.334483e-05
      138 -4.675689e-05
      139 -6.739109e-05
      140  1.239133e-04
      141  2.606454e-04
      142  3.602113e-04
      143  2.058308e-04
      144  7.784470e-05
      145  4.206571e-07
      146 -6.083584e-05
      147  3.478544e-05
      148  5.105995e-05
      149  1.675701e-04
      150  6.928534e-05
      151  5.535625e-05
      152  5.234734e-05
      153  5.419057e-05
      154  3.274125e-05
      155  1.285276e-05
      156  3.954578e-05
      157  0.000000e+00
      158  0.000000e+00
      159  0.000000e+00