pos       info
        0   0.006285
        1  -0.002729
        2  -0.003814
        3  -0.008936
        4  -0.003641
        5  -0.009010
        6  -0.000132
        7  -0.002071
        8  -0.012650
        9  -0.000497
       10  -0.003594
       11   0.001457
       12  -0.000556
       13  -0.000637
       14  -0.010344
       15  -0.001636
       16  -0.007703
       17  -0.003152
       18  -0.005284
       19  -0.001112
       20  -0.001668
       21  -0.011099
       22  -0.001141
       23  -0.011627
       24   0.004246
       25   0.002198
       26   0.006819
       27  -0.001192
       28  -0.005446
       29  -0.004650
       30  -0.002642
       31  -0.003829
       32  -0.009211
       33  -0.000738
       34  -0.007671
       35   0.002073
       36  -0.001482
       37   0.000870
       38   0.001986
       39  -0.009606
       40  -0.002334
       41  -0.013210
       42  -0.003642
       43  -0.005564
       44   0.004250
       45   0.012107
       46   0.003063
       47   0.002350
       48  -0.005178
       49  -0.006137
       50  -0.007039
       51  -0.000776
       52  -0.020058
       53   0.007050
       54  -0.006599
       55  -0.001655
       56   0.010796
       57   0.001424
       58   0.008800
       59  -0.008334
       60  -0.000893
       61  -0.005198
       62  -0.010537
       63  -0.012409
       64  -0.012174
       65  -0.013129
       66  -0.007745
       67  -0.006857
       68  -0.001693
       69  -0.004678
       70  -0.002906
       71  -0.002527
       72   0.001237
       73   0.003669
       74  -0.014241
       75  -0.002863
       76  -0.009674
       77  -0.019617
       78  -0.003812
       79  -0.060565
       80  -0.048059
       81  -0.058113
       82  -0.063875
       83  -0.057465
       84  -0.041327
       85  -0.011052
       86  -0.003501
       87   0.000550
       88   0.004866
       89   0.005975
       90   0.008697
       91   0.007976
       92   0.010649
       93  -0.000509
       94  -0.000536
       95  -0.006718
       96  -0.003333
       97  -0.018514
       98   0.003490
       99   0.009398
      100  -0.014054
      101  -0.024536
      102  -0.055226
      103  -0.016116
      104  -0.018008
      105   0.021309
      106  -0.017519
      107  -0.037153
      108  -0.045142
      109  -0.019727
      110  -0.000340
      111   0.000082
      112  -0.008248
      113  -0.003177
      114  -0.006099
      115  -0.003695
      116  -0.002471
      117   0.004550
      118   0.003354
      119   0.001347
      120   0.001420
      121  -0.003378
      122  -0.005026
      123  -0.003097
      124  -0.003468
      125   0.001154
      126   0.003037
      127   0.005334
      128   0.016489
      129   0.016670
      130  -0.007125
      131  -0.001638
      132   0.016164
      133   0.007076
      134   0.019013
      135   0.011860
      136   0.013185
      137  -0.004683
      138   0.003093
      139   0.003565
      140  -0.000538
      141  -0.004641
      142  -0.019082
      143  -0.020497
      144  -0.007966
      145  -0.003927
      146  -0.002460
      147  -0.011089
      148  -0.009790
      149  -0.017895
      150  -0.005300
      151  -0.017422
      152  -0.001041
      153  -0.005074
      154  -0.009084
      155   0.000145
      156   0.010415
      157  -0.002869
      158  -0.003332
      159  -0.002106