pos          info
        0  5.687257e-05
        1 -4.884566e-04
        2 -2.692445e-04
        3  1.507389e-05
        4  2.696989e-05
        5  1.200506e-06
        6  2.445371e-06
        7  7.797196e-06
        8 -5.157360e-07
        9  2.543826e-05
       10 -1.135896e-05
       11 -6.363179e-05
       12  7.208048e-06
       13 -3.090236e-04
       14  5.270485e-05
       15  3.878891e-04
       16  8.926772e-05
       17  9.029301e-05
       18  2.828153e-07
       19 -1.667054e-04
       20  8.751452e-06
       21  1.781808e-04
       22  1.072564e-04
       23  8.864319e-06
       24 -3.203644e-05
       25  3.349207e-05
       26  2.618196e-04
       27  6.788819e-05
       28 -1.043596e-06
       29 -6.987424e-06
       30 -1.217938e-04
       31  3.505000e-05
       32 -1.567701e-05
       33 -6.813188e-05
       34 -1.656951e-04
       35  2.997870e-04
       36  4.007241e-04
       37  1.340968e-04
       38  5.606112e-05
       39  1.995022e-04
       40  2.403269e-04
       41  8.429768e-06
       42  6.597563e-05
       43  1.097017e-03
       44  1.499798e-03
       45  2.557275e-04
       46 -9.040894e-05
       47  6.674665e-04
       48  2.208967e-04
       49 -6.017044e-05
       50 -9.194564e-05
       51 -2.535594e-04
       52  3.229958e-04
       53 -1.874222e-05
       54  3.368626e-04
       55  7.418565e-04
       56  7.524051e-04
       57  7.524165e-05
       58 -1.689197e-04
       59  2.067732e-04
       60  7.039690e-05
       61  6.570582e-04
       62  2.083509e-04
       63 -1.147371e-04
       64  1.211877e-03
       65  1.216645e-03
       66  1.265357e-03
       67  4.016791e-04
       68  2.714286e-05
       69  1.058333e-04
       70  3.128978e-04
       71  1.422283e-04
       72  1.649881e-04
       73  2.953057e-03
       74  1.466947e-03
       75  1.434939e-03
       76 -3.987941e-04
       77  3.544171e-04
       78 -1.086908e-04
       79  1.083713e-04
       80 -1.160745e-05
       81  7.223586e-05
       82  3.734605e-05
       83  1.732357e-05
       84  3.247230e-04
       85 -7.418048e-05
       86  2.502283e-05
       87  1.793096e-04
       88  4.536673e-04
       89  6.653381e-05
       90 -1.625346e-04
       91 -2.355640e-04
       92  3.944557e-04
       93 -8.762422e-04
       94  3.175563e-03
       95  2.001795e-03
       96  3.458608e-03
       97  2.782098e-04
       98  1.711019e-03
       99 -9.571109e-04
      100 -5.340321e-04
      101 -1.959348e-04
      102 -1.991420e-04
      103 -1.508216e-05
      104  1.417755e-05
      105  8.309981e-05
      106  1.131316e-04
      107  2.891221e-04
      108  5.441692e-08
      109  1.578160e-04
      110  1.978444e-04
      111 -3.347407e-05
      112 -7.111420e-05
      113  1.768437e-04
      114  2.216593e-05
      115 -3.227363e-05
      116  6.827924e-05
      117  1.169593e-04
      118 -1.176314e-06
      119  3.967368e-06
      120  2.319616e-07
      121  1.235542e-05
      122  3.014536e-05
      123 -5.792169e-05
      124  2.353812e-05
      125 -8.114571e-06
      126 -1.663818e-06
      127 -1.628385e-04
      128 -2.047486e-07
      129 -4.377493e-05
      130  2.249119e-05
      131 -1.636702e-07
      132  1.935886e-04
      133 -1.891954e-04
      134  1.180225e-04
      135  2.612479e-05
      136  1.112859e-05
      137  3.816195e-05
      138  1.176056e-05
      139  9.164053e-05
      140  5.499716e-04
      141  1.270957e-05
      142 -1.660251e-04
      143  1.809200e-05
      144  2.323033e-04
      145  1.579917e-04
      146  5.578316e-08
      147 -1.514210e-05
      148 -5.635265e-05
      149  1.301722e-04
      150  1.757639e-04
      151 -5.170052e-05
      152 -3.669585e-05
      153 -1.450630e-06
      154 -1.999335e-04
      155 -1.397320e-04
      156 -1.155183e-04
      157  6.604107e-04
      158 -7.213764e-06
      159 -1.176806e-05