pos          info
        0  3.110510e-05
        1  3.169904e-04
        2  2.823940e-04
        3  1.050718e-04
        4  1.545692e-04
        5  8.891579e-05
        6  5.449091e-06
        7  7.670587e-05
        8  8.716556e-05
        9  1.146231e-04
       10  1.616124e-04
       11  2.125628e-04
       12 -1.397946e-08
       13  5.092409e-04
       14 -6.273430e-05
       15 -2.468500e-04
       16 -6.857406e-05
       17 -1.225252e-04
       18  1.820692e-07
       19 -8.008008e-05
       20 -5.651793e-05
       21 -1.725994e-04
       22  4.110989e-06
       23 -3.034605e-05
       24 -1.202248e-05
       25 -1.254533e-04
       26 -5.312742e-05
       27 -4.670525e-05
       28 -1.483579e-06
       29 -2.961224e-04
       30 -1.411453e-06
       31 -1.599900e-05
       32  9.893986e-06
       33 -7.414592e-05
       34 -2.040505e-06
       35 -4.257859e-05
       36  6.011316e-08
       37 -3.857921e-05
       38 -8.306268e-06
       39 -7.211051e-05
       40 -8.625098e-05
       41 -1.230353e-05
       42 -2.277225e-05
       43 -4.626359e-04
       44 -5.960093e-04
       45  5.476819e-06
       46  5.239271e-04
       47  6.235594e-06
       48  4.349882e-05
       49  1.045933e-03
       50  3.968645e-04
       51  2.085714e-04
       52 -8.305528e-06
       53 -7.961415e-06
       54 -4.360317e-06
       55 -8.270000e-05
       56 -9.783385e-05
       57 -5.169717e-05
       58 -4.671099e-05
       59 -2.697601e-04
       60 -8.629950e-06
       61  2.321137e-04
       62 -2.526556e-04
       63 -4.909399e-04
       64 -4.302050e-04
       65 -1.899383e-04
       66 -8.684476e-05
       67 -1.186901e-03
       68  1.015204e-04
       69  1.091354e-09
       70  7.957208e-04
       71 -5.536243e-04
       72 -8.454689e-04
       73 -1.538726e-03
       74 -2.901486e-04
       75 -1.707089e-03
       76 -9.198200e-05
       77 -1.229246e-03
       78 -4.695299e-05
       79 -2.047798e-04
       80  6.296023e-05
       81  3.498349e-04
       82  2.508317e-06
       83 -8.625182e-08
       84 -1.884839e-04
       85 -1.334974e-05
       86 -1.393629e-05
       87 -4.440109e-05
       88 -9.230671e-05
       89  1.293586e-04
       90  9.581078e-05
       91  3.802170e-04
       92  5.921198e-06
       93 -1.720574e-03
       94 -7.408173e-04
       95 -8.247660e-04
       96  6.513983e-04
       97  5.166334e-05
       98  1.424657e-04
       99  6.447955e-04
      100  5.881718e-04
      101  3.334650e-04
      102  9.585601e-04
      103 -1.284278e-04
      104 -7.936634e-08
      105  1.245025e-04
      106  7.802929e-05
      107 -2.904019e-04
      108 -1.159397e-04
      109  4.823882e-04
      110 -7.535261e-05
      111 -5.931437e-07
      112 -1.149945e-05
      113 -5.368178e-05
      114 -2.932463e-04
      115 -1.275727e-07
      116 -1.279958e-05
      117  2.456963e-04
      118  2.197238e-04
      119 -6.580243e-08
      120 -3.273500e-05
      121 -2.442535e-05
      122  1.865765e-05
      123  6.036621e-08
      124  2.147869e-04
      125  2.269287e-04
      126  1.360125e-04
      127  2.710967e-04
      128  2.768227e-05
      129  6.549731e-06
      130  3.519665e-04
      131  4.459378e-06
      132  7.154445e-06
      133 -2.439465e-04
      134 -9.396660e-05
      135 -5.233359e-06
      136 -2.977436e-07
      137 -1.368417e-04
      138 -1.219111e-05
      139 -1.108204e-04
      140  2.120597e-07
      141 -9.063051e-06
      142 -1.771048e-05
      143 -2.454897e-05
      144 -8.562737e-06
      145 -1.053558e-04
      146 -9.645672e-05
      147 -2.035837e-05
      148 -2.841801e-05
      149 -2.429106e-04
      150 -2.132925e-04
      151  5.313233e-04
      152  7.426868e-07
      153  3.663757e-04
      154  1.481268e-04
      155  1.947183e-04
      156 -3.078368e-05
      157 -7.913699e-04
      158 -4.512315e-04
      159 -4.411182e-05