pos          info
        0  5.039776e-05
        1 -4.942815e-04
        2 -2.536131e-04
        3  2.988511e-05
        4  3.353425e-05
        5  8.903906e-07
        6  9.863123e-06
        7  2.731208e-06
        8 -5.668195e-07
        9  3.933349e-05
       10 -3.712056e-05
       11 -7.609293e-05
       12  6.232142e-06
       13 -3.028834e-04
       14  2.985893e-05
       15  4.009691e-04
       16  9.245777e-05
       17  9.220531e-05
       18  6.811717e-07
       19 -1.519353e-04
       20  9.344939e-06
       21  1.492598e-04
       22  1.066936e-04
       23  9.396961e-06
       24 -2.929239e-05
       25  5.564031e-05
       26  2.524465e-04
       27  6.865737e-05
       28 -6.188930e-06
       29 -1.212184e-06
       30 -1.001628e-04
       31  5.657841e-05
       32 -3.160977e-06
       33 -9.531337e-05
       34 -1.118235e-04
       35  2.789588e-04
       36  3.772525e-04
       37  1.291278e-04
       38  5.366174e-05
       39  1.488202e-04
       40  2.312867e-04
       41  1.186700e-07
       42  4.395917e-05
       43  1.108629e-03
       44  1.509170e-03
       45  2.543139e-04
       46 -5.233767e-05
       47  6.250113e-04
       48  2.571328e-04
       49 -3.544926e-05
       50 -7.874490e-05
       51 -2.084250e-04
       52  3.139654e-04
       53 -2.917457e-05
       54  4.002225e-04
       55  8.146402e-04
       56  8.803215e-04
       57  1.246564e-04
       58 -1.679011e-04
       59  2.620626e-04
       60  8.636232e-05
       61  8.754737e-04
       62  1.840744e-04
       63 -1.124238e-04
       64  1.264223e-03
       65  1.112272e-03
       66  1.102225e-03
       67  3.323439e-04
       68  1.226955e-04
       69  1.006103e-04
       70  3.611159e-04
       71  1.166203e-04
       72  2.375538e-04
       73  2.646138e-03
       74  1.557638e-03
       75  1.514816e-03
       76 -3.519945e-04
       77  3.428433e-04
       78 -1.154461e-04
       79  7.878814e-05
       80 -2.296896e-05
       81  1.069746e-04
       82  7.442594e-05
       83  2.403973e-05
       84  3.669507e-04
       85 -4.882147e-05
       86  2.141134e-05
       87  2.082980e-04
       88  3.675070e-04
       89  6.037982e-05
       90 -1.458829e-04
       91 -2.826018e-04
       92  3.750271e-04
       93 -8.842380e-04
       94  2.550154e-03
       95  1.850608e-03
       96  2.939947e-03
       97  2.699517e-04
       98  1.521950e-03
       99 -9.176873e-04
      100 -5.796573e-04
      101 -1.359401e-04
      102 -1.802629e-04
      103 -2.933280e-05
      104  1.425767e-05
      105  7.648918e-05
      106  1.273635e-04
      107  3.267345e-04
      108  1.419840e-06
      109  1.821160e-04
      110  2.647049e-04
      111 -4.957224e-06
      112 -8.899589e-05
      113  1.920855e-04
      114  3.891857e-05
      115 -5.150062e-05
      116  8.687605e-05
      117  1.672181e-04
      118 -1.199886e-07
      119  2.379534e-06
      120  5.622535e-07
      121  1.295610e-05
      122  3.232669e-05
      123 -5.811112e-05
      124  1.760004e-05
      125 -1.481854e-05
      126  3.061223e-07
      127 -2.186626e-04
      128 -1.176384e-07
      129 -5.992983e-05
      130  1.969419e-05
      131 -7.857778e-07
      132  1.527030e-04
      133 -1.713717e-04
      134  1.262643e-04
      135  9.603130e-06
      136  7.033502e-06
      137  2.345381e-05
      138  1.437865e-05
      139  1.467967e-04
      140  5.429879e-04
      141  3.527005e-05
      142 -1.687210e-04
      143  1.847580e-05
      144  2.390499e-04
      145  1.884333e-04
      146  4.134104e-07
      147 -5.444952e-06
      148 -6.004118e-05
      149  1.453951e-04
      150  1.089255e-04
      151 -8.730515e-05
      152 -6.651185e-05
      153 -7.289449e-06
      154 -2.276070e-04
      155 -9.349976e-05
      156 -1.488537e-04
      157  6.294831e-04
      158 -1.060890e-05
      159 -2.259385e-05