pos          info
        0 -1.159952e-04
        1 -1.668529e-04
        2 -7.891003e-05
        3  7.154377e-05
        4  7.881279e-05
        5  5.483943e-05
        6  9.424524e-05
        7  7.927895e-05
        8  1.053245e-04
        9 -5.656002e-05
       10 -4.495316e-05
       11 -7.691862e-05
       12 -1.825603e-05
       13 -1.957023e-05
       14  1.379099e-05
       15  6.264505e-06
       16  2.366653e-05
       17 -2.222416e-06
       18 -5.869607e-05
       19 -7.863065e-05
       20 -2.674527e-05
       21 -3.197963e-05
       22 -1.546104e-05
       23 -4.817434e-05
       24  1.627982e-05
       25  4.441760e-05
       26  3.589692e-05
       27  3.252364e-05
       28 -1.618101e-05
       29  4.431631e-05
       30  6.707063e-05
       31 -1.998065e-05
       32 -6.087292e-05
       33 -3.954368e-05
       34  1.664093e-04
       35  1.979303e-04
       36  1.539244e-04
       37  1.321928e-04
       38  1.284546e-04
       39  1.289732e-04
       40  6.390119e-05
       41  2.448152e-04
       42  5.768742e-04
       43  5.618683e-04
       44  3.206464e-04
       45 -1.123427e-05
       46  6.060388e-05
       47 -7.475546e-05
       48 -8.211231e-05
       49 -2.054992e-04
       50 -3.331215e-05
       51 -1.633671e-05
       52  2.111999e-04
       53  2.911244e-04
       54  4.077260e-04
       55  2.223004e-04
       56  1.029009e-04
       57  5.917795e-05
       58  8.477869e-05
       59  1.725962e-04
       60  9.001261e-05
       61  4.066120e-05
       62  1.809648e-04
       63  3.858383e-04
       64  7.062004e-04
       65  6.503589e-04
       66  4.448886e-04
       67  1.308079e-04
       68 -1.060488e-05
       69 -2.375856e-05
       70 -9.313449e-06
       71  1.840628e-04
       72  4.806443e-04
       73  5.656899e-04
       74  3.682929e-04
       75  2.560096e-04
       76  7.339603e-05
       77  4.597592e-05
       78 -1.514930e-05
       79  8.935798e-05
       80  1.218281e-04
       81 -3.963492e-05
       82  1.648051e-04
       83  1.619827e-04
       84  2.202658e-04
       85  4.735304e-05
       86  2.042571e-04
       87  1.948407e-04
       88  1.552127e-04
       89 -1.264153e-04
       90  3.690954e-05
       91 -1.681119e-04
       92  1.818717e-04
       93  2.514805e-04
       94  6.677356e-04
       95  4.425066e-04
       96  4.153289e-04
       97  6.395659e-05
       98  4.469965e-05
       99 -1.571826e-04
      100 -1.014691e-04
      101 -8.558834e-05
      102 -9.996530e-05
      103 -1.431412e-05
      104 -4.834276e-06
      105  9.628083e-05
      106  9.473523e-05
      107  8.724379e-05
      108  1.981613e-06
      109 -1.265051e-05
      110 -1.224272e-05
      111 -2.274843e-05
      112 -9.142344e-07
      113 -6.291572e-06
      114  1.934963e-06
      115  8.673463e-05
      116  7.619293e-05
      117  6.253744e-05
      118  7.065512e-05
      119  1.837369e-04
      120  2.030555e-04
      121  1.044768e-04
      122 -2.490873e-05
      123 -1.420862e-04
      124 -2.242601e-04
      125 -2.453788e-04
      126 -1.492358e-04
      127 -7.896068e-05
      128 -4.093529e-05
      129 -2.466656e-05
      130  7.548899e-06
      131 -1.478842e-05
      132 -1.403060e-05
      133 -3.815550e-05
      134 -1.905682e-06
      135 -1.859804e-05
      136 -2.593468e-06
      137  6.810419e-05
      138  1.307664e-04
      139  1.220884e-04
      140  5.010471e-05
      141 -1.209353e-05
      142  5.500371e-05
      143  1.144397e-04
      144  1.346248e-04
      145  6.159394e-05
      146  4.069951e-06
      147  9.362175e-05
      148  9.517972e-05
      149  2.769001e-06
      150 -9.761987e-05
      151 -7.218466e-05
      152 -7.884135e-05
      153 -1.269145e-04
      154 -1.655427e-04
      155  7.298575e-05
      156  3.437303e-05
      157  0.000000e+00
      158  0.000000e+00
      159  0.000000e+00