pos      val_A      val_C      val_G      val_T
   0  -0.020335   0.023191   0.016865  -0.019722
   1   0.001467  -0.016869   0.033686  -0.018284
   2   0.020734  -0.004832   0.008261  -0.024163
   3  -0.016686   0.017510  -0.012280   0.011456
   4  -0.012409   0.029663  -0.027751   0.010498
   5   0.001398   0.017271  -0.029774   0.011105
   6   0.046333  -0.021646  -0.038778   0.014091
   7   0.012670  -0.020774  -0.001402   0.009506
   8  -0.007662  -0.004837   0.021836  -0.009337
   9   0.025757  -0.036757  -0.013390   0.024389
  10   0.009520   0.015280  -0.007521  -0.017279
  11  -0.011936  -0.012030   0.035713  -0.011747
  12  -0.008862   0.012380  -0.017151   0.013633
  13  -0.015887  -0.005945   0.045307  -0.023475
  14   0.003677   0.008409  -0.010134  -0.001952
  15  -0.004454  -0.004463  -0.010013   0.018931
  16  -0.023068   0.045054  -0.017305  -0.004681
  17  -0.005630  -0.026765  -0.022398   0.054793
  18   0.003842  -0.018650   0.000074   0.014734
  19  -0.006656   0.028592  -0.004012  -0.017923
  20   0.021174   0.005119  -0.032217   0.005924
  21  -0.025219  -0.008686   0.016955   0.016949
  22   0.019876   0.008467  -0.054833   0.026490
  23   0.017371   0.045357  -0.013398  -0.049331
  24   0.011329   0.001643  -0.009880  -0.003093
  25   0.010098   0.020432  -0.012590  -0.017940
  26  -0.036773   0.047947  -0.024633   0.013458
  27   0.024999  -0.013702   0.004277  -0.015574
  28  -0.034634  -0.020938   0.028251   0.027321
  29  -0.014279   0.007475  -0.008692   0.015497
  30   0.011660  -0.026379  -0.010355   0.025074
  31   0.008152   0.018543  -0.041531   0.014835
  32  -0.031748  -0.006014   0.015083   0.022679
  33  -0.010866  -0.004431   0.010489   0.004808
  34  -0.002803   0.027070  -0.004833  -0.019434
  35   0.001263  -0.009068   0.012638  -0.004833
  36   0.002204  -0.004715   0.013692  -0.011181
  37   0.019815   0.001094   0.002204  -0.023114
  38  -0.022898   0.003969  -0.008218   0.027147
  39  -0.028494  -0.008389   0.039651  -0.002768
  40   0.040298  -0.041388  -0.019777   0.020866
  41   0.002458   0.008965  -0.010443  -0.000980
  42  -0.003577  -0.003809   0.001304   0.006082
  43  -0.019920   0.014648   0.005502  -0.000231
  44   0.053633   0.022146  -0.032208  -0.043572
  45   0.002618  -0.010041   0.017163  -0.009741
  46  -0.035516  -0.018323   0.009221   0.044618
  47  -0.028087   0.004316   0.023380   0.000390
  48  -0.004524  -0.023838   0.009519   0.018843
  49   0.016957  -0.001643  -0.005981  -0.009333
  50  -0.006442  -0.031607   0.008990   0.029059
  51  -0.008597   0.003098  -0.010444   0.015943
  52  -0.016465  -0.018589  -0.024512   0.059566
  53   0.001715   0.002014  -0.015107   0.011378
  54  -0.003061   0.026376  -0.025413   0.002098
  55  -0.017038  -0.017283   0.024801   0.009520
  56  -0.028827  -0.028747   0.030046   0.027528
  57  -0.004174   0.000366  -0.008849   0.012657
  58   0.030149  -0.017959  -0.011224  -0.000966
  59   0.006551   0.004610   0.001909  -0.013069
  60   0.003308  -0.035042   0.021945   0.009788
  61  -0.030025   0.052537   0.003352  -0.025864
  62   0.014940   0.005626  -0.010917  -0.009649
  63   0.024846   0.023091  -0.021975  -0.025962
  64   0.040060  -0.010077  -0.041939   0.011956
  65   0.004782   0.013003  -0.006228  -0.011557
  66  -0.002539  -0.020529   0.044846  -0.021778
  67   0.025332  -0.002974  -0.018950  -0.003409
  68  -0.014284  -0.004178   0.010334   0.008128
  69   0.023536   0.025573  -0.010635  -0.038473
  70  -0.005340  -0.016833   0.002808   0.019365
  71  -0.006465   0.017601  -0.034141   0.023005
  72  -0.039581  -0.007215  -0.028822   0.075618
  73  -0.032409   0.007571   0.021911   0.002927
  74   0.006720  -0.026330  -0.015788   0.035398
  75  -0.014693  -0.001395   0.035686  -0.019598
  76  -0.018574  -0.008790   0.049070  -0.021706
  77   0.045075  -0.030004  -0.003611  -0.011459
  78  -0.014232   0.067827   0.008656  -0.062252
  79  -0.030156  -0.072613  -0.028220   0.130989
  80  -0.007757  -0.050530  -0.055969   0.114256
  81  -0.036168  -0.021306   0.085624  -0.028151
  82   0.079868  -0.042884  -0.026722  -0.010261
  83   0.057232  -0.039120   0.000412  -0.018524
  84   0.031412  -0.036768  -0.044805   0.050161
  85   0.072922  -0.056052  -0.022966   0.006096
  86   0.043320   0.004247  -0.024679  -0.022888
  87   0.006955  -0.017543   0.021462  -0.010874
  88  -0.014357  -0.021837   0.034480   0.001714
  89  -0.049645   0.046021   0.006819  -0.003196
  90  -0.021024   0.039255  -0.007591  -0.010640
  91  -0.019361   0.015801   0.016534  -0.012973
  92  -0.030044   0.022319  -0.001982   0.009707
  93  -0.013204  -0.011405  -0.002463   0.027072
  94   0.030868  -0.010378  -0.027062   0.006572
  95   0.008096   0.003337  -0.009469  -0.001963
  96   0.007122  -0.024211   0.005841   0.011247
  97  -0.009312  -0.018244  -0.040882   0.068438
  98  -0.002722  -0.038581   0.037366   0.003938
  99  -0.024031  -0.021887   0.070500  -0.024582
 100  -0.054248  -0.033256   0.041576   0.045928
 101   0.008648  -0.047581   0.051301  -0.012368
 102  -0.055661  -0.028928  -0.058195   0.142784
 103   0.140582  -0.072076  -0.060011  -0.008495
 104  -0.000807  -0.009114  -0.039656   0.049576
 105   0.046197  -0.058436   0.038077  -0.025838
 106   0.076974  -0.016874  -0.018052  -0.042048
 107   0.000021  -0.020979  -0.075526   0.096484
 108  -0.002683   0.006034  -0.003825   0.000475
 109  -0.012293  -0.012489  -0.023736   0.048518
 110   0.013275   0.037855  -0.030891  -0.020239
 111   0.008663   0.009577   0.002790  -0.021031
 112  -0.004747  -0.031437   0.013158   0.023025
 113   0.030820  -0.011369  -0.018422  -0.001029
 114  -0.043327  -0.013946   0.067335  -0.010061
 115  -0.007167   0.013379   0.007918  -0.014130
 116  -0.010508   0.012555   0.015567  -0.017613
 117  -0.033560   0.035349   0.017090  -0.018879
 118  -0.031959   0.006904   0.025652  -0.000597
 119  -0.005183   0.017055   0.011287  -0.023159
 120   0.014310  -0.027377   0.011020   0.002047
 121   0.021770  -0.018509  -0.013890   0.010629
 122  -0.007626  -0.011272   0.011969   0.006930
 123  -0.006322   0.004970  -0.013866   0.015218
 124  -0.023625   0.003741   0.005027   0.014857
 125  -0.006343   0.028469  -0.016078  -0.006048
 126  -0.019502   0.008872  -0.002406   0.013036
 127  -0.015141  -0.004336   0.003793   0.015685
 128   0.008545  -0.009253  -0.041150   0.041858
 129  -0.044970  -0.002950   0.015914   0.032007
 130  -0.016175   0.024032   0.025494  -0.033351
 131   0.005972  -0.004558  -0.012555   0.011141
 132  -0.028044   0.036523  -0.002445  -0.006034
 133   0.012347  -0.037403  -0.011113   0.036169
 134  -0.002482   0.023772  -0.009792  -0.011498
 135  -0.005159   0.003446  -0.012442   0.014155
 136  -0.003339   0.044882  -0.030702  -0.010841
 137  -0.012375   0.016979  -0.006679   0.002075
 138  -0.036265   0.022183   0.002772   0.011311
 139  -0.017256  -0.019688   0.017570   0.019374
 140   0.003717   0.010881  -0.004073  -0.010525
 141   0.040984  -0.036000   0.003765  -0.008749
 142   0.013013   0.015075  -0.005178  -0.022910
 143   0.028851  -0.026209   0.018504  -0.021146
 144  -0.021704   0.043971   0.010935  -0.033202
 145   0.013871  -0.027123   0.006928   0.006325
 146  -0.001181  -0.029679   0.012448   0.018412
 147  -0.004387   0.025502  -0.013916  -0.007199
 148   0.015917  -0.019803   0.013728  -0.009842
 149  -0.004246   0.033790  -0.035739   0.006196
 150  -0.004439  -0.000924  -0.025811   0.031174
 151   0.003771   0.020616  -0.015062  -0.009325
 152   0.010480  -0.002702  -0.007806   0.000029
 153   0.008909   0.007015   0.006247  -0.022171
 154   0.007808   0.029849  -0.013178  -0.024478
 155   0.008246   0.017029  -0.030533   0.005257
 156  -0.023804   0.008471  -0.002511   0.017843
 157   0.015689   0.004227  -0.001583  -0.018333
 158  -0.001805  -0.001425   0.015667  -0.012437
 159   0.019022   0.000800  -0.001592  -0.018230
 160  -0.020854   0.004437   0.008701   0.007717
 161  -0.016689   0.009828   0.013675  -0.006814
 162  -0.027926   0.003266   0.016587   0.008073
 163   0.003509   0.010563  -0.010957  -0.003115
 164  -0.019297   0.020298   0.016485  -0.017486
 165  -0.031199   0.049264   0.000443  -0.018508
 166  -0.001042   0.017142  -0.003821  -0.012280
 167  -0.003332   0.003449   0.006002  -0.006119
 168  -0.010114   0.003870   0.022588  -0.016344
 169   0.002633   0.010970   0.011233  -0.024835
 170   0.018540  -0.014544   0.017741  -0.021738
 171   0.003549  -0.005895   0.005038  -0.002692
 172   0.009338  -0.012664   0.010172  -0.006846
 173   0.024517  -0.007617   0.009160  -0.026059
 174   0.013429  -0.000274   0.002808  -0.015963
 175   0.004910   0.014648  -0.018735  -0.000822
 176   0.000620   0.008508   0.001884  -0.011013
 177   0.030636   0.001118  -0.015970  -0.015784
 178   0.024268   0.012538  -0.035979  -0.000826
 179   0.027337   0.000638  -0.045315   0.017340
