pos          info
        0 -4.368020e-05
        1  1.026462e-10
        2  6.439088e-05
        3  1.783774e-04
        4  5.731528e-05
        5  3.793728e-05
        6  2.536406e-04
        7 -5.574898e-07
        8 -2.563183e-05
        9  7.822108e-05
       10  2.635271e-05
       11  5.501136e-05
       12  5.623844e-06
       13  1.437978e-04
       14  3.053132e-05
       15  1.829839e-05
       16  1.472893e-04
       17  1.412799e-06
       18  3.502139e-04
       19 -1.115248e-04
       20 -2.147477e-04
       21 -3.640957e-04
       22 -3.866878e-04
       23 -6.861241e-05
       24 -2.199856e-05
       25 -7.935466e-08
       26 -5.578872e-04
       27 -3.792278e-04
       28  9.533263e-05
       29 -1.073795e-06
       30  1.593255e-04
       31 -9.130324e-06
       32  1.866880e-05
       33  1.107544e-07
       34  1.364524e-04
       35 -1.176358e-05
       36 -5.660682e-05
       37 -8.865879e-05
       38 -1.377253e-04
       39 -2.230514e-04
       40 -2.221786e-08
       41 -9.963382e-06
       42 -2.052289e-07
       43 -4.471526e-05
       44 -6.108026e-04
       45 -1.196440e-05
       46 -4.453539e-04
       47  4.960916e-04
       48 -2.290255e-05
       49 -1.454121e-07
       50 -1.461325e-06
       51 -3.675140e-04
       52 -6.062430e-04
       53 -1.158853e-05
       54  9.948717e-05
       55  1.714870e-06
       56  1.993619e-04
       57 -2.992787e-05
       58 -1.514752e-05
       59 -7.247033e-06
       60 -3.021264e-04
       61  7.434419e-05
       62 -4.538519e-04
       63  4.856018e-04
       64 -3.519173e-04
       65 -3.969950e-07
       66 -9.537670e-06
       67 -1.053595e-05
       68 -2.253512e-04
       69  2.169037e-04
       70 -1.538966e-06
       71 -1.923187e-05
       72 -5.659653e-06
       73 -5.460198e-04
       74  9.009544e-05
       75 -5.265856e-04
       76 -1.287096e-05
       77 -2.200382e-04
       78 -1.351616e-03
       79 -3.108451e-03
       80 -3.160512e-03
       81 -2.892987e-03
       82  3.494795e-06
       83  7.740444e-04
       84 -1.400370e-04
       85  1.235512e-04
       86 -3.450275e-04
       87  8.922579e-06
       88  7.351878e-05
       89  2.637378e-04
       90  9.028940e-05
       91  2.221251e-05
       92  4.956224e-05
       93 -5.849510e-05
       94 -8.705165e-05
       95 -1.427345e-06
       96 -7.176689e-04
       97  3.771377e-04
       98 -1.577415e-07
       99  6.200645e-04
      100 -1.171213e-03
      101 -1.879612e-05
      102 -3.617797e-03
      103 -4.487690e-03
      104 -2.020979e-05
      105 -9.931613e-04
      106 -1.052505e-03
      107 -2.430306e-03
      108 -1.036505e-04
      109 -4.213596e-05
      110 -7.421024e-05
      111 -5.774310e-07
      112 -8.207059e-05
      113 -2.151170e-04
      114 -1.139047e-05
      115 -1.502974e-04
      116  1.261011e-04
      117 -2.970553e-06
      118 -8.075008e-06
      119 -1.991661e-04
      120 -1.340904e-05
      121 -5.483300e-05
      122  1.556364e-07
      123  4.178391e-05
      124  7.232358e-05
      125  5.774412e-05
      126 -5.906364e-05
      127 -2.683630e-05
      128 -1.171567e-04
      129 -1.014907e-04
      130 -7.520422e-05
      131 -1.936742e-07
      132 -9.570494e-05
      133 -1.746476e-05
      134 -2.944077e-04
      135 -1.984378e-05
      136 -4.474510e-04
      137  7.755841e-06
      138  8.528677e-09
      139  6.247725e-07
      140 -3.336980e-05
      141 -4.239409e-05
      142 -2.836217e-06
      143  2.028640e-05
      144  1.535749e-06
      145  9.375226e-06
      146 -1.743032e-05
      147 -6.424277e-06
      148 -4.060451e-05
      149  1.235567e-04
      150  3.595509e-05
      151 -3.743628e-04
      152 -6.988016e-08
      153 -4.205838e-05
      154 -5.957382e-05
      155 -1.724203e-04
      156 -3.317248e-04
      157 -1.163706e-06
      158 -1.505895e-05
      159 -4.355102e-05