pos          info
        0  1.034544e-04
        1  5.789512e-05
        2 -2.080479e-05
        3  4.499450e-05
        4  1.166931e-05
        5  5.461256e-05
        6  6.315160e-04
        7  2.699397e-07
        8 -7.433509e-06
        9 -2.074712e-04
       10 -4.204769e-07
       11  1.139663e-05
       12 -4.500008e-05
       13  1.429825e-04
       14  8.611695e-07
       15  6.211368e-07
       16  1.362191e-04
       17 -2.138411e-04
       18 -1.362162e-06
       19 -2.601185e-05
       20 -3.514467e-04
       21 -2.139983e-04
       22  2.101355e-04
       23 -3.801122e-05
       24  2.713902e-05
       25 -2.571137e-06
       26 -4.110886e-04
       27  1.355828e-04
       28 -7.034504e-05
       29 -8.260282e-05
       30  2.327767e-04
       31 -1.405144e-04
       32 -6.228826e-06
       33 -2.249205e-05
       34  1.338347e-04
       35  1.159242e-04
       36  8.748125e-05
       37  3.164070e-05
       38 -1.454133e-04
       39  5.856290e-05
       40 -4.746727e-04
       41 -1.627718e-04
       42 -1.385266e-06
       43 -5.539842e-06
       44 -3.722192e-04
       45  1.304398e-11
       46 -4.200880e-04
       47  1.882465e-05
       48 -2.630511e-05
       49 -3.130333e-05
       50  1.365296e-06
       51 -4.870392e-04
       52 -1.402379e-03
       53  4.126591e-05
       54 -7.442091e-05
       55  4.046207e-04
       56  3.910975e-05
       57 -7.795358e-06
       58  3.296953e-05
       59 -1.750594e-05
       60 -2.161855e-05
       61  2.503477e-04
       62 -4.495327e-05
       63  5.264771e-04
       64 -2.160308e-04
       65  2.895663e-08
       66  8.223765e-08
       67  2.143096e-05
       68  1.734068e-06
       69  1.460227e-04
       70  2.494805e-05
       71  1.347223e-05
       72  1.359241e-04
       73 -2.797308e-04
       74  2.014029e-05
       75  2.506497e-04
       76 -1.400367e-04
       77 -3.006870e-04
       78 -8.793164e-04
       79 -3.513838e-03
       80 -4.477161e-03
       81 -1.348972e-03
       82  2.268808e-05
       83  4.054098e-04
       84 -4.659639e-04
       85  3.771780e-05
       86 -9.584383e-05
       87 -2.064044e-05
       88 -4.914450e-06
       89  6.396835e-04
       90  2.605544e-04
       91  1.252561e-04
       92  1.177403e-04
       93 -2.379723e-05
       94  3.424475e-05
       95 -1.415072e-04
       96 -1.422899e-05
       97  5.308446e-04
       98  1.997186e-05
       99  1.425009e-04
      100 -9.037362e-04
      101  8.748455e-05
      102 -3.915991e-03
      103 -2.646116e-03
      104  3.776318e-08
      105  1.264594e-03
      106 -1.525038e-03
      107 -2.991849e-03
      108 -2.693933e-05
      109  8.828758e-05
      110 -1.811872e-04
      111 -5.884441e-05
      112 -4.007602e-04
      113 -4.413752e-04
      114  8.484355e-07
      115 -1.366544e-07
      116  2.322005e-06
      117  8.074508e-05
      118 -4.122718e-05
      119  7.189508e-05
      120 -4.849781e-05
      121  4.589245e-04
      122 -5.862980e-08
      123 -1.309760e-04
      124  6.884066e-05
      125  2.503700e-05
      126  1.204516e-04
      127 -1.068462e-05
      128 -2.152386e-04
      129 -3.935626e-05
      130  2.047710e-04
      131 -2.948395e-05
      132 -3.273209e-06
      133 -5.935491e-05
      134 -5.400056e-04
      135  9.542928e-05
      136 -6.236097e-05
      137 -1.094249e-04
      138  1.522392e-05
      139 -8.099206e-06
      140 -7.558256e-06
      141  1.856970e-05
      142 -2.596047e-05
      143 -8.975966e-05
      144  8.231555e-06
      145  9.962634e-06
      146 -2.378311e-04
      147  1.577210e-05
      148 -1.359125e-04
      149 -1.827611e-05
      150  1.871497e-04
      151  2.458622e-04
      152  3.614123e-05
      153 -1.846731e-04
      154  8.977785e-05
      155 -3.290986e-06
      156 -2.368692e-04
      157 -6.920712e-05
      158  1.565119e-06
      159  8.587786e-07