pos      val_A      val_C      val_G      val_T
   0  -0.013460   0.003886   0.017076  -0.007502
   1  -0.005680   0.000273   0.022878  -0.017471
   2  -0.016360   0.016637   0.008500  -0.008777
   3  -0.027640  -0.000695  -0.004652   0.032987
   4  -0.014835  -0.004962  -0.015317   0.035114
   5  -0.019615   0.061250  -0.011430  -0.030205
   6   0.032206  -0.003498  -0.032568   0.003860
   7   0.012603  -0.003118  -0.007886  -0.001599
   8   0.010655  -0.033812   0.030723  -0.007566
   9   0.009381  -0.023795  -0.003594   0.018008
  10   0.015116   0.006223  -0.010739  -0.010600
  11  -0.005379  -0.010086   0.030518  -0.015053
  12  -0.010429   0.027665  -0.022336   0.005099
  13  -0.027447   0.012864   0.038752  -0.024168
  14  -0.032062   0.041891   0.000904  -0.010733
  15  -0.008700   0.015945  -0.036128   0.028884
  16  -0.024995   0.022253  -0.011312   0.014053
  17  -0.018943   0.001207  -0.002315   0.020051
  18   0.018302  -0.038310   0.009216   0.010792
  19  -0.018392   0.037826   0.001921  -0.021355
  20   0.030081   0.014713  -0.020075  -0.024719
  21  -0.006512  -0.032345   0.000047   0.038810
  22   0.043337  -0.002227  -0.040207  -0.000903
  23   0.017228   0.023611  -0.017120  -0.023719
  24   0.009562   0.000150  -0.013262   0.003549
  25   0.007047   0.004000  -0.011592   0.000545
  26  -0.061419   0.047968   0.003148   0.010303
  27   0.039787  -0.023631   0.010200  -0.026356
  28  -0.023233  -0.010487   0.019780   0.013941
  29  -0.013625  -0.002072  -0.009099   0.024796
  30   0.007562  -0.006139  -0.025812   0.024389
  31  -0.014363   0.006137  -0.008673   0.016898
  32  -0.025430   0.008937   0.008802   0.007691
  33   0.000599  -0.008231  -0.010800   0.018432
  34  -0.003088   0.006107   0.020939  -0.023958
  35  -0.011684  -0.005488   0.010046   0.007127
  36   0.019529  -0.007562   0.003582  -0.015549
  37  -0.019146   0.017250   0.016310  -0.014414
  38  -0.011111  -0.002783  -0.010070   0.023964
  39   0.008364  -0.029842   0.048169  -0.026691
  40   0.000253  -0.006445  -0.002177   0.008370
  41  -0.002913   0.006355  -0.008442   0.005000
  42  -0.000914  -0.016336   0.011901   0.005350
  43  -0.016054   0.018334   0.013810  -0.016090
  44   0.050406  -0.004397  -0.005515  -0.040494
  45   0.007043  -0.006169  -0.004073   0.003200
  46  -0.036928   0.002447  -0.008659   0.043141
  47  -0.046041   0.029386   0.010704   0.005951
  48  -0.013308   0.022239   0.010020  -0.018951
  49   0.000716  -0.001258  -0.013022   0.013564
  50   0.009140  -0.002532  -0.024293   0.017685
  51  -0.020577  -0.016327  -0.002147   0.039051
  52  -0.008417  -0.019366  -0.022093   0.049876
  53   0.017839  -0.025498   0.014627  -0.006969
  54  -0.000302   0.005620  -0.025694   0.020376
  55  -0.002719  -0.008117   0.003874   0.006962
  56  -0.018048  -0.028623   0.015342   0.031329
  57  -0.002552   0.007683  -0.016347   0.011216
  58   0.043907  -0.007776  -0.021044  -0.015087
  59   0.026233  -0.022402  -0.009278   0.005447
  60   0.003348  -0.013783   0.035028  -0.024593
  61  -0.017483   0.030950  -0.001476  -0.011991
  62   0.043204  -0.026599  -0.014125  -0.002480
  63   0.032310   0.028093  -0.014778  -0.045625
  64   0.038090  -0.012725  -0.036489   0.011124
  65  -0.001272   0.013373  -0.020891   0.008790
  66   0.006329  -0.016905   0.008016   0.002559
  67   0.018892  -0.015958  -0.009497   0.006563
  68  -0.027503   0.005566   0.030450  -0.008513
  69   0.004062   0.031697  -0.029805  -0.005954
  70  -0.008005  -0.000672   0.002529   0.006148
  71   0.009104   0.014928  -0.043748   0.019716
  72  -0.047632  -0.009768  -0.004156   0.061557
  73  -0.019264  -0.015418   0.046932  -0.012251
  74  -0.015829  -0.019229  -0.019113   0.054171
  75  -0.005080   0.023608   0.028792  -0.047319
  76  -0.018280   0.015200   0.007480  -0.004400
  77   0.030242  -0.001649  -0.016336  -0.012257
  78  -0.015591   0.073642  -0.010274  -0.047777
  79  -0.035966  -0.069884  -0.005979   0.111829
  80  -0.017385  -0.048314  -0.046707   0.112406
  81  -0.033942  -0.014390   0.106989  -0.058657
  82   0.044734  -0.003676  -0.039295  -0.001763
  83   0.054863  -0.056729   0.025211  -0.023345
  84   0.025371  -0.005384  -0.044155   0.024169
  85   0.041270  -0.022646  -0.027766   0.009142
  86   0.037702  -0.032926  -0.014979   0.010203
  87  -0.006208  -0.004536  -0.005296   0.016040
  88   0.008376  -0.003736   0.013013  -0.017652
  89  -0.033263   0.045054  -0.021137   0.009346
  90  -0.031681   0.055107  -0.004653  -0.018773
  91  -0.009765  -0.005433  -0.004509   0.019708
  92  -0.014257   0.012605   0.016317  -0.014664
  93   0.004227  -0.030361   0.010461   0.015673
  94   0.006784  -0.019066  -0.015064   0.027346
  95  -0.053466   0.003076   0.007387   0.043002
  96   0.054318  -0.044661  -0.002580  -0.007077
  97  -0.002566  -0.017065  -0.039576   0.059207
  98   0.000808  -0.023213   0.009426   0.012978
  99  -0.023651  -0.050149   0.067035   0.006765
 100  -0.049734  -0.053145   0.032956   0.069923
 101  -0.008073  -0.030075   0.060321  -0.022173
 102  -0.046922  -0.049870  -0.023477   0.120270
 103   0.133494  -0.051928  -0.035722  -0.045844
 104  -0.009244  -0.016986  -0.018519   0.044749
 105   0.048902  -0.064882   0.000253   0.015728
 106   0.065843   0.011190  -0.051719  -0.025314
 107  -0.005839  -0.024059  -0.069073   0.098971
 108   0.030313  -0.028005   0.020653  -0.022961
 109   0.003782  -0.013241  -0.021693   0.031152
 110   0.019309   0.017372  -0.040375   0.003693
 111   0.000068   0.011127  -0.009668  -0.001528
 112  -0.009156   0.014627  -0.024089   0.018618
 113   0.029919  -0.018589   0.001202  -0.012532
 114  -0.018328  -0.017828   0.028934   0.007222
 115   0.025268  -0.006457   0.010845  -0.029656
 116  -0.007063   0.016178  -0.022786   0.013672
 117  -0.020895   0.008153   0.008984   0.003759
 118  -0.013908   0.006016   0.019334  -0.011442
 119   0.001338   0.028657  -0.001000  -0.028994
 120   0.001438  -0.005149  -0.003757   0.007467
 121   0.025485  -0.015084  -0.006250  -0.004152
 122   0.000676  -0.000822  -0.000809   0.000955
 123  -0.013831  -0.024746   0.013087   0.025490
 124  -0.017479  -0.000184   0.013697   0.003966
 125   0.015811  -0.001023   0.012946  -0.027734
 126  -0.019236  -0.015461   0.013872   0.020825
 127  -0.010623  -0.018732  -0.019631   0.048986
 128   0.016760  -0.003529  -0.035294   0.022063
 129  -0.036750   0.020591   0.001629   0.014531
 130  -0.017838   0.005588   0.008099   0.004151
 131  -0.016340   0.033161  -0.016256  -0.000565
 132  -0.010638   0.019722  -0.015598   0.006514
 133   0.015977  -0.036008  -0.008512   0.028543
 134  -0.017184   0.034517  -0.020921   0.003588
 135  -0.014838   0.022263  -0.008812   0.001388
 136  -0.013296   0.042466  -0.037782   0.008612
 137  -0.014565   0.016600   0.005860  -0.007895
 138  -0.035143   0.000753   0.033415   0.000974
 139  -0.016854   0.002011   0.013037   0.001806
 140   0.001838  -0.008100  -0.011802   0.018064
 141   0.002009   0.004853   0.013292  -0.020154
 142  -0.006227   0.003535   0.010571  -0.007878
 143   0.010152   0.005894   0.009284  -0.025330
 144  -0.001965   0.013166   0.026066  -0.037267
 145   0.007551  -0.036662   0.035112  -0.006001
 146  -0.005658  -0.028949   0.008436   0.026171
 147  -0.005131   0.005900   0.005200  -0.005969
 148   0.007323  -0.006543  -0.013743   0.012963
 149   0.001097   0.004540  -0.028325   0.022689
 150  -0.012394   0.001906  -0.015953   0.026441
 151  -0.039848   0.021380   0.022194  -0.003726
 152   0.002648   0.001432  -0.003521  -0.000559
 153   0.013527  -0.022365   0.025497  -0.016660
 154  -0.005211   0.006909   0.015740  -0.017437
 155  -0.012865   0.026480  -0.010230  -0.003385
 156  -0.013193  -0.007531  -0.016325   0.037049
 157   0.002395   0.014419  -0.000324  -0.016490
 158   0.008272  -0.005462   0.022809  -0.025619
 159  -0.002265  -0.013483   0.002259   0.013489
 160  -0.018824  -0.009135   0.008193   0.019766
 161   0.005855  -0.003445  -0.006567   0.004157
 162  -0.000684  -0.007978   0.007117   0.001545
 163   0.007267   0.002817  -0.003282  -0.006802
 164   0.004192  -0.006099   0.008950  -0.007043
 165   0.000187   0.007500  -0.015545   0.007857
 166  -0.007813   0.000075  -0.004184   0.011922
 167   0.010509  -0.009545   0.006184  -0.007148
 168   0.010655  -0.015287  -0.004737   0.009369
 169   0.010221  -0.014086   0.005073  -0.001208
 170  -0.003121  -0.008540   0.002032   0.009629
 171   0.023768  -0.037383  -0.005315   0.018930
 172   0.044380  -0.033336  -0.006345  -0.004698
 173   0.030639  -0.014885   0.001234  -0.016988
 174   0.034860  -0.018826   0.002892  -0.018927
 175   0.017497   0.002988  -0.027296   0.006810
 176   0.012589   0.003429  -0.019033   0.003015
 177   0.040415  -0.007474  -0.054991   0.022050
 178   0.033744  -0.005738  -0.038615   0.010609
 179   0.026317  -0.007680  -0.048526   0.029889
