pos      val_A      val_C      val_G      val_T
   0  -0.020719   0.022569   0.002257  -0.004107
   1   0.011595  -0.015354   0.019471  -0.015712
   2   0.009405  -0.006826   0.007284  -0.009862
   3  -0.013958   0.020278  -0.023292   0.016972
   4  -0.002833   0.006156  -0.006894   0.003570
   5  -0.024651   0.049872  -0.014974  -0.010247
   6   0.034368   0.008595  -0.050554   0.007591
   7   0.016573  -0.005367  -0.009962  -0.001243
   8   0.005481  -0.023680   0.028147  -0.009947
   9   0.004485  -0.025017  -0.009034   0.029566
  10   0.004264   0.003289  -0.008833   0.001279
  11  -0.012147  -0.015851   0.034995  -0.006997
  12  -0.025473   0.041194  -0.029293   0.013572
  13  -0.004091  -0.030080   0.058983  -0.024812
  14  -0.035760   0.029869   0.007780  -0.001890
  15  -0.001686  -0.008173   0.002416   0.007443
  16  -0.023750   0.011613   0.012518  -0.000380
  17  -0.008069  -0.004638   0.029894  -0.017187
  18   0.004308   0.002404   0.008672  -0.015384
  19  -0.025593   0.008290   0.006736   0.010567
  20   0.038671  -0.004331  -0.029045  -0.005295
  21  -0.015015  -0.020743   0.005565   0.030193
  22   0.044168  -0.010800  -0.029610  -0.003759
  23   0.012500   0.042018  -0.021726  -0.032791
  24  -0.011087   0.042955  -0.037789   0.005920
  25  -0.002235  -0.005796   0.004739   0.003292
  26  -0.031545   0.041449  -0.012572   0.002668
  27  -0.023918  -0.014711   0.021745   0.016884
  28  -0.021814  -0.012946   0.016913   0.017848
  29  -0.021397   0.018228  -0.020726   0.023894
  30  -0.003281   0.003458  -0.030881   0.030703
  31  -0.002638   0.024152  -0.010312  -0.011202
  32  -0.021036   0.005069   0.007112   0.008854
  33   0.009634  -0.018522   0.003653   0.005235
  34  -0.013371   0.032286   0.004643  -0.023558
  35   0.004820   0.005751   0.011380  -0.021951
  36   0.007974   0.002168   0.008969  -0.019112
  37  -0.011463   0.025360   0.018468  -0.032365
  38  -0.027891   0.014121  -0.011140   0.024910
  39  -0.012290  -0.015423   0.040427  -0.012714
  40   0.044984  -0.025897  -0.018148  -0.000939
  41  -0.014015   0.025998  -0.011235  -0.000748
  42   0.002392  -0.006080   0.002351   0.001336
  43  -0.026238   0.016342   0.004802   0.005094
  44   0.039928   0.013688  -0.021385  -0.032231
  45  -0.000181  -0.013313  -0.003072   0.016566
  46  -0.029725  -0.021439   0.008707   0.042457
  47  -0.008947  -0.000844  -0.000580   0.010372
  48  -0.015979   0.008083   0.010485  -0.002589
  49   0.011377  -0.006389  -0.013169   0.008181
  50  -0.024162  -0.002348   0.018935   0.007576
  51  -0.000698  -0.018863  -0.026009   0.045569
  52  -0.030147  -0.008665  -0.039344   0.078157
  53  -0.000570   0.005965   0.007703  -0.013098
  54  -0.009294   0.004069  -0.012542   0.017767
  55  -0.041005  -0.009761   0.042387   0.008378
  56  -0.029662  -0.012684   0.045268  -0.002923
  57  -0.005539  -0.007697   0.007492   0.005744
  58   0.031416  -0.012015  -0.022533   0.003132
  59   0.019082   0.002238  -0.029589   0.008269
  60   0.003656  -0.016653   0.009308   0.003689
  61  -0.032136   0.015723   0.019494  -0.003081
  62   0.013826  -0.002885  -0.001219  -0.009722
  63   0.023320   0.019326   0.004004  -0.046650
  64   0.029772  -0.017630  -0.039103   0.026961
  65  -0.000400  -0.002874  -0.002533   0.005807
  66  -0.000726  -0.012776   0.000962   0.012539
  67   0.027547  -0.008789  -0.008984  -0.009774
  68  -0.009406  -0.001559  -0.002724   0.013688
  69   0.029928   0.022581  -0.024517  -0.027992
  70  -0.007915   0.006222  -0.010113   0.011806
  71  -0.007804  -0.000114  -0.017167   0.025085
  72  -0.018356  -0.014195  -0.024148   0.056699
  73  -0.006988  -0.000177   0.034228  -0.027064
  74   0.014149  -0.034954  -0.009687   0.030493
  75   0.008358   0.027915  -0.003998  -0.032275
  76  -0.015060   0.000410   0.024187  -0.009537
  77   0.035742  -0.010924  -0.022738  -0.002079
  78  -0.020045   0.060997  -0.018095  -0.022857
  79  -0.037798  -0.066791  -0.020410   0.125000
  80  -0.038401  -0.062574  -0.040778   0.141753
  81  -0.050767   0.006063   0.075829  -0.031126
  82   0.059475  -0.010625  -0.039288  -0.009562
  83   0.045158  -0.040743   0.018416  -0.022830
  84   0.024213  -0.010184  -0.058010   0.043981
  85   0.019690  -0.012701  -0.017915   0.010927
  86   0.020027   0.010486  -0.028577  -0.001936
  87   0.009186  -0.021023   0.003943   0.007894
  88   0.017738  -0.020217  -0.001829   0.004308
  89  -0.051604   0.044935  -0.018596   0.025265
  90  -0.002676   0.048724  -0.013028  -0.033020
  91  -0.022807   0.000960   0.022311  -0.000464
  92  -0.022055   0.016529   0.016445  -0.010919
  93  -0.004188  -0.035080   0.029499   0.009769
  94   0.008321  -0.012426  -0.031962   0.036068
  95  -0.007848   0.024143  -0.019052   0.002757
  96   0.007368  -0.029647  -0.001026   0.023305
  97  -0.017353   0.000123  -0.046854   0.064084
  98  -0.009577  -0.036838   0.027825   0.018589
  99  -0.026006  -0.024255   0.065525  -0.015264
 100  -0.042685  -0.050112   0.030585   0.062212
 101  -0.019415  -0.029097   0.041219   0.007293
 102  -0.034392  -0.039357  -0.058504   0.132253
 103   0.107999  -0.052938  -0.033230  -0.021831
 104  -0.000227  -0.019277  -0.021123   0.040628
 105   0.052061  -0.071258   0.029526  -0.010329
 106   0.081563  -0.000867  -0.041781  -0.038915
 107  -0.022517  -0.038210  -0.054304   0.115031
 108   0.027053  -0.027935   0.010161  -0.009279
 109   0.000841  -0.019266  -0.012906   0.031332
 110  -0.000468   0.027417  -0.014296  -0.012653
 111  -0.011951   0.004631  -0.008499   0.015819
 112  -0.024575  -0.000498  -0.016413   0.041486
 113   0.043586  -0.006854  -0.006936  -0.029796
 114  -0.004513  -0.014626   0.021071  -0.001932
 115   0.000748   0.007095   0.031390  -0.039233
 116  -0.012815   0.022691  -0.003006  -0.006871
 117  -0.020183   0.009902   0.028571  -0.018290
 118  -0.026521   0.013118   0.017759  -0.004355
 119  -0.016088   0.035998  -0.002584  -0.017326
 120   0.002356  -0.000986  -0.015616   0.014246
 121   0.012924  -0.043427  -0.010591   0.041094
 122   0.020690  -0.018080   0.000251  -0.002861
 123  -0.018068  -0.015466   0.023213   0.010320
 124  -0.017005  -0.000239   0.005478   0.011766
 125  -0.010166   0.011357   0.008050  -0.009242
 126  -0.003688  -0.022283  -0.000090   0.026062
 127   0.005994  -0.022495  -0.025963   0.042464
 128   0.002974  -0.002667  -0.030413   0.030106
 129  -0.021878   0.012454  -0.018566   0.027989
 130  -0.029252  -0.010766   0.039869   0.000149
 131   0.013116  -0.011422  -0.012670   0.010976
 132   0.020361   0.003409  -0.020756  -0.003013
 133   0.029455  -0.063622   0.014544   0.019623
 134  -0.023951   0.047680  -0.009638  -0.014092
 135  -0.004202   0.003014  -0.019803   0.020991
 136  -0.011905   0.015951  -0.014848   0.010802
 137  -0.042548   0.019548   0.021278   0.001721
 138  -0.005696  -0.007824   0.017491  -0.003971
 139  -0.013883   0.000922   0.007052   0.005909
 140  -0.001841   0.013258   0.005648  -0.017065
 141   0.035348  -0.025188  -0.009185  -0.000976
 142   0.007237   0.010146  -0.021841   0.004458
 143   0.001248   0.001698   0.019320  -0.022266
 144  -0.005808   0.011078   0.004952  -0.010222
 145   0.011966  -0.021221   0.015900  -0.006645
 146  -0.018425  -0.030816   0.031179   0.018063
 147  -0.008113   0.021073  -0.005766  -0.007195
 148  -0.009916  -0.002941  -0.011188   0.024045
 149  -0.013520   0.008438  -0.003755   0.008837
 150  -0.028498  -0.010077  -0.011349   0.049925
 151  -0.031848   0.013595   0.026569  -0.008315
 152   0.021179  -0.016984   0.008327  -0.012522
 153   0.028094  -0.011365   0.011199  -0.027928
 154  -0.006447   0.028429  -0.019057  -0.002925
 155  -0.003976   0.003653  -0.004199   0.004522
 156  -0.035379  -0.002317   0.005831   0.031865
 157   0.017072   0.001776  -0.016693  -0.002154
 158  -0.002546  -0.002483   0.007420  -0.002391
 159   0.005406  -0.004970   0.001508  -0.001944
 160   0.003130  -0.011889  -0.003522   0.012280
 161   0.019345  -0.029672   0.004321   0.006005
 162  -0.000296  -0.001091  -0.002825   0.004211
 163  -0.001877  -0.003377   0.010473  -0.005219
 164  -0.000214   0.007085   0.005476  -0.012347
 165   0.007133   0.013809  -0.012852  -0.008090
 166  -0.003148   0.006706   0.013365  -0.016923
 167  -0.000717   0.003075   0.002833  -0.005191
 168  -0.008159   0.004751   0.014845  -0.011436
 169  -0.012748   0.007079   0.008271  -0.002602
 170  -0.004983  -0.002228  -0.005234   0.012444
 171   0.025060  -0.033260   0.011166  -0.002965
 172   0.019840  -0.016514   0.001751  -0.005077
 173   0.021736  -0.008816   0.005829  -0.018749
 174  -0.011477  -0.004986   0.008107   0.008356
 175  -0.011353   0.005414   0.003410   0.002529
 176  -0.010207   0.007308   0.002129   0.000770
 177  -0.008629   0.024273  -0.026907   0.011264
 178   0.008339   0.002027  -0.012685   0.002319
 179   0.001403   0.000322  -0.017131   0.015406
