pos          info
        0 -1.297270e-04
        1 -3.291804e-05
        2 -4.887271e-05
        3  9.682371e-05
        4 -8.644334e-05
        5 -1.521639e-04
        6 -1.451306e-04
        7 -8.627354e-05
        8 -1.590021e-05
        9  3.542982e-06
       10  4.902521e-05
       11  7.386351e-05
       12  1.441323e-04
       13  9.980408e-05
       14  1.234459e-04
       15 -5.146207e-05
       16  1.082595e-04
       17  1.041679e-04
       18  2.469226e-04
       19  7.706255e-05
       20  3.778333e-05
       21  3.647916e-05
       22  8.910521e-06
       23  1.541699e-05
       24 -2.925198e-05
       25  2.398982e-05
       26  2.496712e-05
       27  2.676094e-05
       28 -4.732528e-05
       29 -2.369141e-05
       30 -1.350046e-05
       31 -4.514840e-05
       32 -6.907310e-05
       33 -8.648320e-05
       34  9.757140e-05
       35 -9.279670e-05
       36 -9.368902e-05
       37 -2.930818e-04
       38 -1.496187e-04
       39 -1.184044e-04
       40 -1.482334e-05
       41  4.962312e-05
       42  1.854590e-05
       43 -5.509620e-05
       44 -7.526030e-05
       45 -1.064863e-04
       46  7.915705e-05
       47 -2.772637e-05
       48  1.078313e-05
       49  3.864119e-05
       50  5.699042e-05
       51  5.708203e-05
       52 -8.859819e-05
       53  9.152538e-06
       54  7.390572e-05
       55  7.812640e-05
       56  7.157619e-05
       57  3.335528e-06
       58  6.002895e-06
       59  5.872839e-05
       60  6.069653e-05
       61 -2.855027e-05
       62 -6.972508e-05
       63 -4.197330e-05
       64 -3.137921e-04
       65 -3.177966e-04
       66 -4.973299e-04
       67 -1.306927e-04
       68 -1.305682e-04
       69  1.875531e-05
       70  5.135579e-05
       71  3.044796e-05
       72  3.770445e-05
       73  1.533337e-05
       74  2.580146e-05
       75 -6.957789e-05
       76  5.656940e-05
       77  6.806110e-05
       78  2.228176e-04
       79  1.352838e-04
       80  1.389160e-04
       81 -1.701879e-05
       82 -6.751671e-05
       83 -8.461839e-05
       84  4.192687e-06
       85  7.988938e-05
       86 -1.957441e-04
       87  7.834889e-05
       88  1.012430e-04
       89  4.334800e-04
       90  8.875599e-05
       91  1.628142e-04
       92  1.267161e-04
       93  1.453394e-04
       94 -3.102798e-05
       95 -2.271547e-05
       96  3.053206e-05
       97  4.040295e-05
       98 -5.522032e-06
       99 -1.248203e-04
      100  1.176257e-05
      101  7.738860e-05
      102  2.045793e-04
      103  4.583622e-05
      104  3.237927e-05
      105 -1.195579e-05
      106 -5.217273e-06
      107 -1.941659e-05
      108  9.252787e-07
      109 -1.065152e-05
      110 -4.189639e-05
      111 -4.694031e-05
      112 -4.182635e-05
      113 -4.128893e-05
      114 -1.889979e-05
      115 -1.405743e-05
      116 -2.557180e-05
      117 -4.626782e-05
      118 -3.919631e-05
      119  1.564769e-04
      120  1.715261e-04
      121  1.623066e-04
      122 -1.036208e-05
      123  1.727564e-04
      124  1.786655e-04
      125  1.436074e-04
      126 -1.049982e-04
      127 -1.180691e-05
      128  2.984191e-05
      129  6.819586e-05
      130 -5.903994e-05
      131 -2.843987e-05
      132 -4.167443e-05
      133 -1.990143e-05
      134 -1.280287e-04
      135 -8.536677e-05
      136 -7.246507e-05
      137 -1.146748e-07
      138 -1.431971e-06
      139  1.158353e-05
      140 -3.487217e-05
      141 -3.111990e-04
      142 -3.240121e-04
      143 -2.681612e-04
      144  1.447464e-06
      145  2.060800e-05
      146 -4.785616e-06
      147 -6.824378e-05
      148 -1.320270e-04
      149 -2.476806e-04
      150 -1.811758e-04
      151 -1.711956e-04
      152  1.581105e-04
      153  1.532635e-04
      154  2.634007e-04
      155  8.259811e-05
      156  1.132132e-04
      157  0.000000e+00
      158  0.000000e+00
      159  0.000000e+00