pos          info
        0  6.176562e-08
        1 -3.972496e-04
        2 -3.655586e-05
        3 -1.413562e-02
        4 -4.692356e-04
        5 -5.580061e-04
        6 -2.191642e-04
        7 -5.114345e-04
        8 -1.363459e-03
        9 -9.190232e-05
       10 -7.076296e-04
       11 -2.672613e-03
       12 -7.177879e-03
       13 -2.373422e-04
       14 -6.932022e-03
       15 -4.420877e-04
       16 -6.759250e-04
       17 -5.891181e-03
       18 -1.040746e-03
       19 -2.779850e-03
       20 -8.684129e-04
       21 -2.266674e-04
       22 -2.882728e-05
       23 -2.631279e-03
       24 -3.544475e-03
       25 -4.479117e-04
       26  4.361084e-03
       27  8.592476e-07
       28  6.819103e-03
       29  3.467246e-03
       30  1.479604e-03
       31  3.557202e-04
       32  1.029243e-02
       33  1.364691e-04
       34 -4.470688e-04
       35 -1.291857e-03
       36  7.007812e-04
       37  3.799221e-03
       38 -6.747766e-04
       39 -3.545617e-06
       40 -5.982443e-04
       41 -3.727881e-03
       42 -6.269871e-04
       43 -1.090303e-04
       44 -7.760065e-04
       45  1.991170e-03
       46  3.699033e-04
       47  1.807261e-03
       48  1.017426e-03
       49 -2.421619e-03
       50  1.569341e-04
       51  2.116941e-03
       52  4.260464e-03
       53  3.281629e-03
       54 -1.216080e-03
       55  4.160409e-05
       56 -1.930847e-03
       57 -1.757750e-03
       58 -1.677562e-04
       59 -2.900165e-06
       60 -1.132957e-03
       61 -5.044419e-03
       62 -4.537027e-04
       63 -1.965142e-05
       64  2.451862e-03
       65  6.652729e-04
       66  1.646279e-02
       67  1.814285e-05
       68  1.754438e-02
       69 -3.174238e-04
       70 -3.804180e-04
       71 -3.433397e-04
       72 -1.029447e-02
       73  5.218744e-03
       74  4.542692e-05
       75  8.258016e-03
       76  6.755858e-03
       77 -1.529883e-04
       78 -2.062269e-03
       79 -3.118958e-04
       80 -5.395687e-03
       81 -3.598923e-03
       82 -1.704077e-04
       83  4.959801e-03
       84  7.155748e-04
       85 -1.420785e-03
       86 -1.026868e-04
       87 -6.623080e-03
       88 -8.276445e-03
       89 -5.437178e-03
       90 -1.038649e-02
       91  2.060643e-03
       92  3.400511e-03
       93 -1.740704e-04
       94 -5.127153e-04
       95 -1.173054e-02
       96 -1.071361e-07
       97 -1.701645e-05
       98  2.007131e-04
       99  2.463500e-03
      100 -2.999460e-03
      101 -1.688464e-03
      102 -5.524349e-03
      103 -1.807146e-03
      104 -8.514472e-03
      105  6.303766e-04
      106 -1.687627e-03
      107 -1.458136e-03
      108 -5.377627e-06
      109 -1.863008e-03
      110  1.187624e-04
      111  7.206280e-06
      112 -2.127296e-04
      113 -1.330178e-06
      114 -2.280488e-03
      115 -2.654728e-04
      116 -3.676785e-04
      117 -2.332395e-04
      118 -2.457301e-05
      119 -2.431655e-04
      120 -1.192233e-03
      121 -3.844734e-03
      122 -2.122877e-03
      123 -9.213617e-04
      124 -1.959707e-03
      125 -1.589244e-03
      126 -2.300536e-04
      127 -1.731140e-04
      128 -6.047779e-05
      129 -1.221895e-03
      130  5.068277e-05
      131  4.584427e-04
      132  7.110229e-03
      133  1.310725e-03
      134  2.241302e-04
      135 -8.030350e-05
      136  2.794525e-03
      137 -4.728490e-03
      138  8.845044e-04
      139 -1.352121e-03
      140 -3.111009e-04
      141  7.158569e-05
      142  1.151241e-07
      143 -2.535690e-04
      144 -3.984343e-03
      145  2.603249e-04
      146 -3.585597e-06
      147 -1.337568e-03
      148 -8.707128e-04
      149  1.194518e-03
      150 -7.370255e-03
      151 -1.733170e-04
      152 -1.646947e-03
      153 -4.668851e-04
      154 -4.998272e-03
      155 -9.997358e-04
      156 -3.335521e-03
      157 -1.308906e-03
      158 -4.985853e-03
      159 -4.968062e-04