pos      val_A      val_C      val_G      val_T
   0   0.031281  -0.027214   0.001891  -0.005958
   1   0.001092   0.021294   0.010217  -0.032603
   2  -0.001851  -0.037205   0.003748   0.035308
   3  -0.056118   0.022339  -0.002433   0.036211
   4  -0.007732  -0.001730  -0.007633   0.017095
   5   0.012933   0.009948  -0.048285   0.025404
   6  -0.012169  -0.009043   0.013560   0.007652
   7   0.030548  -0.024468   0.024505  -0.030585
   8   0.016081   0.001834  -0.011368  -0.006548
   9   0.007423  -0.007606  -0.001817   0.002000
  10  -0.011974  -0.045304   0.026058   0.031220
  11  -0.002275  -0.005777  -0.001867   0.009918
  12  -0.017723   0.024359  -0.005046  -0.001590
  13   0.001499  -0.042399   0.011800   0.029099
  14   0.017976   0.011853   0.023376  -0.053206
  15  -0.013936   0.004552   0.003283   0.006101
  16   0.018112  -0.032271   0.001679   0.012480
  17   0.015602  -0.017957  -0.024640   0.026994
  18  -0.039900   0.014234  -0.013735   0.039402
  19  -0.019760   0.000917   0.027622  -0.008779
  20  -0.034496  -0.006432   0.011070   0.029858
  21   0.014272  -0.019095  -0.012619   0.017442
  22   0.016398  -0.021971  -0.011667   0.017239
  23   0.015930  -0.021204   0.016183  -0.010909
  24   0.001479  -0.013062   0.028652  -0.017069
  25   0.021409  -0.012907   0.005382  -0.013884
  26   0.008548   0.000592   0.009407  -0.018547
  27  -0.007179  -0.003736  -0.009363   0.020278
  28   0.023882  -0.006532  -0.000401  -0.016949
  29  -0.029367   0.005500   0.009237   0.014630
  30  -0.033790   0.006731   0.002167   0.024892
  31  -0.011587   0.000312   0.021527  -0.010252
  32   0.024609  -0.040178  -0.013928   0.029498
  33   0.008705   0.011526  -0.012780  -0.007451
  34   0.015884   0.023485   0.008308  -0.047677
  35  -0.021234   0.004622   0.027758  -0.011146
  36   0.007126   0.031456  -0.038283  -0.000299
  37   0.042772   0.004009  -0.023144  -0.023637
  38   0.006330  -0.014674   0.014641  -0.006298
  39   0.018457  -0.024871   0.035494  -0.029080
  40  -0.026959   0.020278  -0.025292   0.031972
  41  -0.028532  -0.001864   0.008856   0.021540
  42   0.029778  -0.000699  -0.011825  -0.017254
  43  -0.014771  -0.000770   0.025230  -0.009689
  44  -0.006256  -0.003222  -0.014949   0.024427
  45  -0.004960   0.046246  -0.052280   0.010994
  46   0.010392   0.006010  -0.012164  -0.004238
  47  -0.020580   0.036079  -0.002263  -0.013236
  48  -0.024061   0.017500   0.004464   0.002097
  49   0.009324   0.015227  -0.038648   0.014098
  50   0.033726   0.011133  -0.021055  -0.023805
  51   0.002148   0.032198   0.010626  -0.044972
  52   0.036169  -0.043470   0.014696  -0.007395
  53  -0.009414   0.005500  -0.010780   0.014695
  54  -0.008120  -0.003558   0.008573   0.003105
  55  -0.010692  -0.003000  -0.005014   0.018706
  56   0.022714  -0.010669  -0.016292   0.004247
  57   0.009044  -0.001961   0.017963  -0.025047
  58  -0.025366   0.002658  -0.002133   0.024842
  59  -0.030348   0.014602   0.005650   0.010096
  60  -0.023385  -0.024960   0.030756   0.017589
  61   0.011174   0.009983  -0.063879   0.042723
  62  -0.002691  -0.016733   0.015976   0.003448
  63   0.007976  -0.013266   0.010912  -0.005622
  64  -0.009813  -0.012578   0.033764  -0.011373
  65   0.017406   0.050919  -0.058995  -0.009330
  66  -0.087086  -0.017628   0.064606   0.040109
  67  -0.019059   0.027174  -0.031766   0.023650
  68  -0.026171   0.026097   0.034371  -0.034297
  69   0.019611  -0.025700  -0.009483   0.015571
  70   0.027013   0.005115  -0.001013  -0.031116
  71   0.016128  -0.016323   0.000449  -0.000254
  72   0.017346  -0.055342   0.004564   0.033431
  73  -0.028627   0.024158   0.011015  -0.006547
  74   0.004633  -0.020596   0.022057  -0.006094
  75  -0.003446   0.004399   0.022719  -0.023672
  76  -0.013859   0.024196  -0.009446  -0.000891
  77  -0.009727   0.018792   0.002723  -0.011788
  78  -0.033397   0.038983   0.008776  -0.014362
  79  -0.021879   0.004037   0.021642  -0.003800
  80   0.003605   0.020307   0.018019  -0.041931
  81   0.016245   0.028415   0.020265  -0.064925
  82   0.031820  -0.024383  -0.003341  -0.004096
  83   0.013387   0.037556   0.010858  -0.061801
  84   0.008636   0.008830   0.005855  -0.023321
  85   0.030503   0.016927  -0.071952   0.024522
  86   0.026997   0.023439   0.035531  -0.085967
  87  -0.067522   0.015001   0.030463   0.022059
  88   0.011237   0.028860   0.010906  -0.051003
  89  -0.048038   0.019939  -0.000617   0.028716
  90  -0.046272  -0.005209   0.039166   0.012315
  91   0.014752   0.008560   0.015110  -0.038422
  92   0.021068  -0.005752  -0.016413   0.001097
  93   0.029402  -0.030732   0.033980  -0.032650
  94   0.011394   0.014127  -0.018740  -0.006780
  95  -0.031902   0.010425   0.015290   0.006187
  96   0.021291  -0.039139   0.016279   0.001569
  97  -0.005845  -0.015021  -0.003610   0.024476
  98  -0.023769   0.009267   0.003435   0.011067
  99  -0.012639  -0.012891   0.031357  -0.005827
 100   0.012863   0.000969  -0.016243   0.002411
 101  -0.042657   0.005925   0.010584   0.026148
 102   0.013394  -0.042893   0.019276   0.010223
 103   0.001985  -0.009342   0.003995   0.003362
 104  -0.017466   0.000629   0.026013  -0.009177
 105  -0.003612  -0.000122   0.006106  -0.002372
 106  -0.016450   0.052521  -0.021454  -0.014617
 107   0.028170   0.000332  -0.001284  -0.027217
 108   0.005097   0.008075  -0.002092  -0.011079
 109  -0.001307   0.016335  -0.012831  -0.002196
 110  -0.002759   0.012225  -0.019474   0.010008
 111  -0.010968  -0.027093  -0.014552   0.052612
 112   0.009458   0.018684  -0.016374  -0.011768
 113  -0.009926   0.025116  -0.018167   0.002977
 114   0.012401   0.025081  -0.007487  -0.029995
 115   0.007752   0.017695  -0.011907  -0.013540
 116  -0.008966   0.021704   0.020050  -0.032789
 117  -0.011110   0.006041  -0.009711   0.014780
 118   0.004328   0.004092  -0.009336   0.000916
 119   0.016447  -0.009538   0.006241  -0.013151
 120   0.017344  -0.022633  -0.004234   0.009523
 121   0.028877  -0.017730  -0.016369   0.005222
 122   0.019487  -0.019823   0.025145  -0.024809
 123  -0.015129  -0.006605   0.029936  -0.008202
 124   0.021797   0.003935   0.001227  -0.026959
 125  -0.005226   0.033862   0.035335  -0.063970
 126   0.032272  -0.014615   0.013516  -0.031173
 127   0.029211   0.006608  -0.015129  -0.020690
 128  -0.010042  -0.030159   0.012219   0.027982
 129  -0.001846  -0.011221   0.031903  -0.018836
 130  -0.000329  -0.002328  -0.015910   0.018566
 131  -0.028801   0.019400   0.012946  -0.003545
 132  -0.002026  -0.031911   0.008584   0.025353
 133  -0.003825   0.006030   0.040414  -0.042619
 134   0.017967   0.017136  -0.035491   0.000388
 135   0.024117   0.020440  -0.026273  -0.018284
 136   0.019004  -0.018919  -0.019441   0.019356
 137   0.014619  -0.008897   0.003488  -0.009209
 138   0.024280   0.021284  -0.024453  -0.021112
 139   0.026569   0.026558  -0.015946  -0.037182
 140  -0.014036   0.037973  -0.011509  -0.012428
 141  -0.002135  -0.003996  -0.025036   0.031168
 142   0.041233  -0.008288  -0.010003  -0.022942
 143   0.034004  -0.028614  -0.039567   0.034177
 144   0.016261  -0.021253  -0.035022   0.040014
 145   0.004081  -0.013429   0.005920   0.003428
 146   0.000750  -0.007900  -0.022540   0.029691
 147  -0.029149   0.022429   0.012702  -0.005983
 148   0.025688  -0.018563  -0.020637   0.013512
 149   0.016694  -0.029330  -0.015059   0.027696
 150   0.024194  -0.005323   0.009878  -0.028750
 151  -0.021816   0.044438  -0.001853  -0.020768
 152  -0.008974   0.023310  -0.006207  -0.008129
 153   0.020675  -0.002877  -0.010905  -0.006893
 154  -0.043386  -0.000293   0.008784   0.034896
 155   0.024269  -0.049895   0.030225  -0.004598
 156  -0.019990   0.042374  -0.034660   0.012277
 157  -0.000953  -0.012221   0.015770  -0.002597
 158   0.007427  -0.026390   0.034800  -0.015837
 159   0.003549   0.014647  -0.019051   0.000855
 160   0.005026   0.020395  -0.020830  -0.004591
 161   0.011119   0.006871  -0.034095   0.016106
 162  -0.012080   0.016623  -0.015992   0.011449
 163   0.015094  -0.011527  -0.017451   0.013884
 164  -0.010776   0.048134  -0.034854  -0.002504
 165  -0.019979   0.048361  -0.042772   0.014389
 166  -0.040685   0.019424   0.002585   0.018676
 167  -0.009643   0.014858  -0.015120   0.009905
 168   0.001721  -0.006046  -0.042101   0.046426
 169  -0.004308  -0.026981   0.016199   0.015090
 170  -0.001353  -0.010752   0.040718  -0.028612
 171  -0.018746   0.019091  -0.012910   0.012565
 172   0.027236   0.014091   0.000624  -0.041951
 173   0.036882   0.028543  -0.031936  -0.033489
 174  -0.017354  -0.005768   0.008013   0.015109
 175   0.013690  -0.007688  -0.009055   0.003053
 176  -0.013149   0.001960   0.003117   0.008072
 177   0.020691  -0.009188  -0.028483   0.016980
 178   0.014019  -0.030351   0.019836  -0.003504
 179  -0.056043   0.013342   0.032799   0.009902
