pos          info
        0 -6.733307e-06
        1 -2.202656e-03
        2 -9.250856e-04
        3  3.135161e-04
        4  8.850535e-04
        5  6.516568e-04
        6 -3.441012e-04
        7 -5.030432e-05
        8 -1.523443e-03
        9 -1.254241e-04
       10 -5.618232e-04
       11 -4.578425e-04
       12 -2.654444e-04
       13 -3.216343e-03
       14 -1.439696e-04
       15  1.255521e-04
       16  6.263304e-04
       17  5.729932e-04
       18 -9.491422e-05
       19 -9.869416e-04
       20 -2.923228e-03
       21 -7.486261e-04
       22 -2.611979e-03
       23  2.404204e-03
       24  8.505525e-04
       25  1.387220e-02
       26 -3.957734e-05
       27 -2.668866e-05
       28 -4.411316e-03
       29 -2.626461e-03
       30 -2.075163e-04
       31 -1.009430e-04
       32 -1.147698e-03
       33 -1.464677e-04
       34 -2.143261e-03
       35 -1.787556e-03
       36  5.533693e-04
       37 -9.136249e-04
       38  1.804787e-03
       39  2.110267e-05
       40  8.800227e-03
       41 -4.134219e-04
       42 -2.850929e-04
       43  3.737778e-03
       44  1.042475e-03
       45 -1.230776e-03
       46  5.300790e-05
       47  1.785291e-05
       48  3.600899e-03
       49 -4.494196e-05
       50 -3.613268e-04
       51  1.437371e-04
       52 -4.817710e-04
       53 -3.018202e-04
       54 -7.243092e-04
       55 -8.029761e-04
       56  2.189416e-03
       57 -6.973387e-05
       58 -4.564331e-04
       59 -4.572230e-05
       60  2.526186e-05
       61 -7.602827e-04
       62 -6.880248e-06
       63 -2.815291e-03
       64 -2.166621e-05
       65 -1.282706e-03
       66 -7.467243e-04
       67  5.256305e-04
       68  1.276033e-03
       69  1.062566e-03
       70  1.297492e-03
       71 -8.601366e-04
       72 -3.127286e-04
       73 -3.974488e-04
       74 -4.449839e-03
       75 -2.082693e-04
       76 -1.960464e-03
       77 -4.484635e-04
       78  2.805307e-08
       79  1.108652e-03
       80  5.095128e-03
       81  1.163126e-03
       82  5.994691e-08
       83  5.731567e-04
       84  4.196548e-03
       85 -2.632170e-03
       86 -6.908971e-04
       87  6.665913e-04
       88 -6.451791e-04
       89 -8.675733e-04
       90 -1.229676e-03
       91 -1.421528e-05
       92 -6.643795e-04
       93  3.447876e-04
       94 -6.584154e-04
       95  8.592800e-04
       96  1.072204e-03
       97  7.324464e-06
       98 -2.788031e-05
       99 -2.447946e-03
      100 -1.994454e-03
      101  1.085440e-03
      102 -4.216962e-04
      103 -1.774982e-04
      104 -5.753450e-04
      105 -2.569260e-04
      106 -6.378541e-04
      107 -1.904478e-03
      108 -6.728598e-04
      109 -1.057528e-03
      110 -1.937192e-03
      111  2.044490e-04
      112  1.538630e-04
      113 -1.288949e-04
      114 -2.626155e-04
      115 -8.967839e-04
      116 -3.014507e-05
      117 -3.719276e-04
      118 -4.974471e-07
      119  6.189319e-04
      120  3.840828e-04
      121  2.815549e-03
      122 -4.208834e-03
      123 -6.126415e-04
      124 -6.034644e-04
      125 -7.865967e-04
      126 -1.056194e-06
      127 -4.906943e-04
      128 -1.962001e-03
      129 -3.321213e-04
      130 -9.762659e-04
      131 -1.104218e-04
      132 -6.020709e-03
      133  1.429086e-04
      134  3.176580e-04
      135  3.228694e-03
      136 -1.674782e-05
      137 -4.116124e-04
      138 -1.735927e-04
      139 -1.691493e-04
      140 -2.967974e-03
      141  3.206528e-03
      142  7.498350e-04
      143  1.313133e-03
      144  1.952847e-06
      145  2.893726e-03
      146  4.151623e-05
      147  1.397203e-02
      148  4.584139e-04
      149  3.017241e-04
      150  3.459575e-02
      151  5.020042e-03
      152 -2.146607e-03
      153  3.644462e-07
      154 -1.159743e-04
      155  5.172779e-04
      156 -1.434082e-03
      157 -1.133113e-03
      158 -6.447982e-05
      159 -8.836415e-04