pos          info
        0  2.919791e-05
        1  1.780963e-05
        2  1.264552e-05
        3  3.930157e-05
        4  5.066967e-05
        5  5.510493e-05
        6  8.018502e-07
        7 -2.613411e-05
        8  2.214915e-05
        9  2.162499e-05
       10  4.333638e-05
       11  5.963842e-06
       12  4.090405e-05
       13  5.141548e-05
       14  2.232656e-05
       15 -4.349610e-07
       16  9.950879e-05
       17  1.263700e-04
       18  1.449133e-04
       19  3.472825e-05
       20  2.083710e-05
       21 -1.028763e-04
       22 -1.128280e-04
       23 -6.627621e-05
       24  2.921895e-05
       25  6.786491e-05
       26  3.499373e-06
       27 -1.517568e-05
       28 -1.649263e-05
       29  1.006702e-04
       30  1.499595e-04
       31  1.810180e-04
       32  8.623997e-05
       33  2.892539e-05
       34 -1.362218e-05
       35 -1.054780e-05
       36  6.774365e-05
       37  4.746502e-05
       38  8.580366e-05
       39  3.772423e-05
       40  4.363972e-05
       41 -4.739894e-05
       42 -2.135423e-04
       43 -2.110029e-04
       44 -1.601927e-04
       45 -1.092213e-05
       46 -8.141908e-06
       47 -1.187574e-05
       48  5.615578e-05
       49  5.799933e-05
       50  6.186834e-05
       51  3.140139e-06
       52  2.000010e-05
       53  1.698894e-05
       54  2.482681e-06
       55 -1.230019e-04
       56 -8.875525e-05
       57 -7.056473e-05
       58  2.071364e-05
       59  5.278610e-05
       60  6.528679e-05
       61  7.999016e-05
       62  1.827973e-05
       63  1.597704e-04
       64  7.666161e-05
       65  4.058797e-05
       66 -1.323771e-04
       67 -3.298593e-05
       68 -3.933914e-08
       69  4.395075e-06
       70 -1.201855e-05
       71 -1.573129e-04
       72 -1.239340e-04
       73 -1.276972e-04
       74  7.047919e-05
       75  8.782520e-05
       76  8.326087e-05
       77  6.995707e-05
       78 -9.400935e-05
       79 -4.668778e-05
       80 -8.637122e-05
       81 -1.192334e-05
       82 -5.110809e-05
       83 -4.747724e-05
       84 -2.259386e-04
       85 -2.212040e-04
       86 -2.269689e-04
       87 -3.384657e-05
       88 -3.627552e-05
       89 -3.356222e-05
       90  4.486062e-06
       91  2.765755e-05
       92  2.372163e-05
       93 -3.802524e-05
       94 -3.478646e-05
       95  1.183839e-04
       96  2.244499e-04
       97  1.951055e-04
       98  1.781213e-04
       99  2.794156e-04
      100  3.242753e-04
      101  1.599482e-04
      102  5.448232e-05
      103  3.104919e-04
      104  3.419292e-04
      105  2.614021e-04
      106 -1.724375e-04
      107 -1.499223e-04
      108 -1.145045e-04
      109  2.390165e-05
      110 -6.057112e-06
      111 -2.207441e-06
      112 -6.916361e-06
      113 -2.680824e-07
      114 -2.855583e-06
      115 -1.431514e-05
      116 -2.635920e-05
      117 -2.605286e-05
      118 -2.079258e-05
      119 -7.586753e-06
      120  1.672755e-05
      121  2.756257e-05
      122  3.324627e-05
      123 -3.789134e-06
      124 -9.335583e-05
      125 -1.266589e-04
      126 -8.979623e-05
      127 -1.040398e-05
      128  1.860698e-05
      129  2.624269e-05
      130  2.817666e-05
      131  2.680501e-05
      132 -1.379168e-04
      133 -1.371403e-04
      134 -1.265936e-04
      135  7.843753e-06
      136  1.045335e-05
      137 -6.061373e-06
      138  4.236800e-06
      139  5.859638e-06
      140  2.809132e-05
      141  2.915910e-05
      142  6.206994e-05
      143  2.740363e-05
      144 -4.579539e-05
      145 -8.418494e-05
      146 -1.106872e-04
      147 -1.803537e-05
      148 -1.481901e-05
      149  4.565972e-05
      150  1.264799e-04
      151  1.274666e-04
      152  1.846102e-04
      153  7.072966e-05
      154  7.050738e-05
      155 -9.270250e-05
      156 -8.548491e-05
      157  0.000000e+00
      158  0.000000e+00
      159  0.000000e+00