pos          info
        0 -5.325446e-07
        1 -2.609070e-05
        2 -3.081258e-05
        3 -2.581600e-06
        4 -1.296393e-05
        5 -4.463261e-05
        6 -1.222210e-05
        7 -9.480274e-06
        8 -5.661946e-06
        9  9.830350e-06
       10  2.108929e-06
       11  9.946445e-06
       12  5.330656e-05
       13 -2.128172e-05
       14  7.702570e-07
       15 -5.020894e-07
       16 -1.294495e-07
       17 -9.128733e-06
       18 -8.608295e-06
       19 -2.245502e-05
       20 -1.463083e-06
       21  3.504974e-05
       22  3.809723e-06
       23  7.418860e-05
       24  2.428183e-05
       25 -6.462042e-05
       26  7.643285e-06
       27 -5.597772e-06
       28  7.972411e-06
       29 -3.541318e-08
       30 -2.440069e-05
       31 -5.585313e-05
       32 -1.527286e-05
       33 -1.203049e-04
       34  9.657381e-05
       35 -3.950004e-07
       36 -4.793814e-06
       37 -2.201436e-05
       38 -8.314850e-05
       39 -9.733587e-08
       40 -2.892863e-06
       41  1.575494e-05
       42  6.913952e-06
       43  9.439002e-06
       44  7.605328e-05
       45  4.369355e-06
       46  2.683236e-05
       47  2.058226e-05
       48 -6.025325e-06
       49 -7.198091e-08
       50 -4.678460e-05
       51 -1.779765e-05
       52 -2.078030e-06
       53 -1.738147e-06
       54 -1.718342e-05
       55 -3.480601e-07
       56 -2.155589e-05
       57 -2.280201e-05
       58 -2.522457e-05
       59 -1.027724e-06
       60 -6.924560e-06
       61 -1.752870e-05
       62 -1.155588e-05
       63 -1.352497e-05
       64  9.725779e-08
       65 -1.232983e-04
       66  1.968561e-04
       67 -6.968819e-08
       68 -4.065547e-06
       69  5.508466e-06
       70  8.061037e-06
       71  8.703539e-05
       72  5.830199e-06
       73  1.014898e-04
       74 -7.847591e-07
       75 -5.269664e-06
       76 -9.145326e-06
       77 -1.385808e-04
       78  1.830118e-05
       79 -5.415711e-05
       80  3.410313e-04
       81 -7.191390e-05
       82  1.450981e-06
       83  8.032376e-07
       84  3.022642e-05
       85  4.398855e-06
       86  1.197669e-06
       87  2.070964e-05
       88  9.813264e-07
       89  1.171500e-05
       90  4.537942e-06
       91  4.926968e-06
       92  1.867396e-05
       93 -8.259676e-06
       94 -6.105213e-09
       95 -2.522346e-06
       96 -1.977892e-05
       97 -9.181852e-05
       98 -1.138915e-04
       99 -6.546644e-08
      100 -1.203818e-04
      101 -1.292067e-04
      102  2.619266e-05
      103 -1.045658e-04
      104 -1.576521e-05
      105 -1.882607e-04
      106  2.127924e-06
      107  4.661431e-07
      108  8.601163e-05
      109  2.942805e-05
      110  3.430008e-05
      111 -2.501736e-06
      112 -7.084172e-06
      113 -2.484964e-06
      114 -2.995115e-05
      115  8.892313e-08
      116  2.720051e-05
      117  2.116945e-04
      118  4.675607e-07
      119  5.146262e-07
      120  4.713409e-05
      121  1.967403e-05
      122 -6.076893e-08
      123 -6.792565e-06
      124  1.158286e-05
      125  1.614188e-05
      126  8.302455e-05
      127  1.387199e-05
      128  3.545843e-07
      129 -2.538866e-05
      130 -2.474584e-05
      131  4.596367e-06
      132  1.063939e-05
      133  2.153842e-06
      134  1.048892e-04
      135  8.515496e-07
      136  6.677053e-07
      137  3.254124e-05
      138 -5.058326e-06
      139  4.998178e-06
      140  2.483170e-06
      141  2.194480e-06
      142 -9.339328e-07
      143  2.516738e-07
      144  6.006268e-05
      145  3.239222e-05
      146  1.307052e-04
      147  4.313752e-05
      148 -2.471620e-05
      149 -1.098980e-04
      150 -2.407968e-06
      151  2.938838e-06
      152 -4.207700e-06
      153  6.911286e-05
      154 -8.699060e-05
      155  8.646243e-06
      156  5.245076e-05
      157 -1.103285e-04
      158 -3.094846e-06
      159 -1.221741e-04