pos          info
        0 -3.260371e-06
        1 -1.123634e-04
        2 -4.253625e-06
        3 -3.203855e-05
        4 -1.962252e-07
        5 -7.615405e-05
        6 -3.297528e-05
        7 -9.631625e-06
        8  2.827938e-04
        9  1.735494e-04
       10  6.540276e-06
       11  4.771349e-06
       12  4.776636e-05
       13  2.517864e-04
       14 -2.530483e-04
       15 -5.693433e-05
       16 -3.482764e-04
       17  2.098282e-05
       18 -1.963848e-06
       19 -3.909193e-05
       20 -2.712738e-04
       21 -2.716113e-04
       22 -6.489917e-04
       23 -2.918697e-05
       24 -2.373501e-04
       25 -6.364673e-04
       26 -5.095344e-05
       27 -1.389510e-04
       28 -1.455906e-05
       29 -8.002861e-05
       30  5.870359e-05
       31  2.045991e-05
       32  2.630612e-04
       33  1.589041e-07
       34  7.044224e-06
       35  2.781460e-04
       36 -5.645505e-05
       37 -3.136583e-05
       38 -1.236829e-07
       39 -2.290745e-05
       40 -1.921361e-04
       41 -2.013816e-05
       42 -1.661562e-04
       43 -1.376442e-04
       44  1.292536e-04
       45  9.612794e-11
       46  5.106175e-04
       47 -3.579452e-07
       48 -9.188281e-08
       49 -2.298260e-04
       50 -4.962006e-05
       51 -1.076296e-05
       52 -2.470736e-05
       53 -1.793495e-05
       54 -7.528007e-06
       55 -4.784424e-05
       56 -1.254058e-04
       57 -1.655687e-05
       58 -6.788735e-04
       59 -5.208487e-05
       60 -1.155135e-04
       61 -3.815048e-06
       62 -7.720411e-06
       63  5.101403e-06
       64 -2.257673e-06
       65 -9.589727e-05
       66 -7.752630e-05
       67 -1.463685e-04
       68 -2.378038e-05
       69 -4.747422e-04
       70 -4.048635e-04
       71 -1.455625e-04
       72 -3.543466e-05
       73 -5.035931e-05
       74 -2.527716e-04
       75 -1.450170e-05
       76  2.505766e-05
       77  5.766232e-06
       78  9.036977e-04
       79 -6.540298e-04
       80 -4.161252e-04
       81 -3.548595e-04
       82 -2.064136e-04
       83 -1.380275e-05
       84 -1.139052e-03
       85 -2.606831e-04
       86 -2.781741e-06
       87  1.568727e-06
       88  5.186712e-05
       89 -7.959301e-06
       90 -1.985287e-05
       91 -8.976745e-05
       92 -2.159444e-04
       93  3.834931e-06
       94 -3.885763e-05
       95  1.760640e-07
       96  7.033161e-04
       97  4.589336e-03
       98 -5.583996e-04
       99 -1.196540e-03
      100 -5.338102e-05
      101 -2.877063e-03
      102 -1.646080e-03
      103 -1.586776e-05
      104 -1.132322e-03
      105 -8.860451e-04
      106 -1.243404e-03
      107  2.503053e-04
      108  3.276442e-05
      109  2.909531e-04
      110 -9.626248e-08
      111 -2.009628e-06
      112 -1.226127e-04
      113  6.903249e-06
      114  2.999856e-05
      115  1.139730e-04
      116 -1.253167e-05
      117 -2.888580e-04
      118 -8.794598e-06
      119 -3.711449e-05
      120 -3.043674e-05
      121 -2.299702e-04
      122 -4.182510e-05
      123 -1.358398e-05
      124 -2.232745e-06
      125 -4.050489e-05
      126 -1.507390e-06
      127  3.359439e-07
      128  2.203959e-06
      129 -5.070885e-05
      130 -2.574574e-04
      131  1.117424e-04
      132  2.380008e-05
      133  6.444328e-04
      134 -3.510111e-04
      135 -2.117185e-04
      136 -1.195625e-04
      137 -7.153692e-06
      138 -7.823039e-04
      139 -4.313043e-04
      140 -1.768639e-09
      141 -7.323567e-04
      142 -1.081946e-04
      143 -2.817217e-04
      144 -2.074937e-06
      145  1.073930e-04
      146  7.740299e-06
      147  6.553646e-04
      148  4.545605e-04
      149  2.080882e-04
      150  3.548236e-04
      151  5.592589e-05
      152  7.754171e-06
      153  6.622865e-05
      154  1.122682e-04
      155 -3.037144e-04
      156 -1.313787e-06
      157 -3.470857e-04
      158 -2.269875e-06
      159 -1.559364e-04