pos      val_A      val_C      val_G      val_T
   0   0.006100  -0.005633  -0.000664   0.000197
   1   0.018591  -0.011331  -0.013295   0.006035
   2  -0.031498   0.008772   0.016037   0.006689
   3   0.020647   0.008264  -0.025109  -0.003802
   4   0.010155  -0.009719  -0.006172   0.005735
   5  -0.005541   0.005280  -0.004385   0.004646
   6   0.002105   0.010769  -0.005216  -0.007658
   7   0.011496  -0.025331  -0.012851   0.026687
   8  -0.016607  -0.004788   0.018852   0.002543
   9   0.006655   0.014106   0.001579  -0.022340
  10  -0.003587   0.011899   0.000523  -0.008835
  11   0.003097   0.005503  -0.001133  -0.007466
  12   0.012226  -0.010029   0.001671  -0.003868
  13   0.018411  -0.035386   0.006305   0.010670
  14  -0.005312  -0.004467   0.006799   0.002980
  15   0.010904  -0.006432   0.015083  -0.019555
  16   0.005381   0.004852  -0.008064  -0.002169
  17   0.012391  -0.001648   0.000547  -0.011290
  18  -0.002759   0.026996  -0.025613   0.001375
  19  -0.012879   0.004102   0.006633   0.002143
  20   0.009313   0.007932  -0.023762   0.006518
  21   0.010610  -0.019958   0.011331  -0.001983
  22  -0.028711   0.004705   0.014210   0.009796
  23   0.006398   0.008743   0.008999  -0.024140
  24   0.020014  -0.002558  -0.030050   0.012594
  25  -0.004994   0.020225  -0.021666   0.006435
  26   0.013328  -0.009253   0.009614  -0.013689
  27   0.010027  -0.005390   0.030832  -0.035469
  28   0.009814   0.001356  -0.013350   0.002181
  29   0.019702  -0.015899   0.007678  -0.011481
  30   0.014613   0.003272  -0.010078  -0.007807
  31   0.005886   0.009742  -0.020556   0.004927
  32  -0.029592   0.011741   0.000978   0.016874
  33  -0.060322   0.027354   0.028167   0.004802
  34   0.012660   0.006935   0.003095  -0.022691
  35   0.013566   0.009473  -0.017308  -0.005732
  36  -0.021777   0.019758   0.009174  -0.007155
  37   0.013597   0.007235  -0.002203  -0.018629
  38  -0.040600   0.013847  -0.019707   0.046460
  39   0.008678   0.013346  -0.014235  -0.007789
  40  -0.023450  -0.000593   0.022008   0.002035
  41  -0.004948   0.040360  -0.029334  -0.006078
  42   0.007338   0.010883  -0.013440  -0.004782
  43  -0.015429  -0.000398   0.005047   0.010780
  44  -0.018382   0.024274  -0.000072  -0.005819
  45   0.005502   0.016459   0.008560  -0.030521
  46   0.006920   0.023559  -0.014337  -0.016142
  47  -0.004475  -0.007102  -0.005706   0.017284
  48   0.010750   0.001289  -0.019505   0.007466
  49   0.012476   0.012037  -0.021355  -0.003158
  50  -0.010408   0.002179   0.008226   0.000003
  51  -0.015059   0.021240  -0.009996   0.003815
  52  -0.016043   0.013926  -0.005138   0.007254
  53   0.013246   0.018700  -0.029828  -0.002118
  54  -0.014525  -0.007184   0.007764   0.013945
  55   0.012129  -0.015822   0.004641  -0.000948
  56  -0.004330  -0.010678  -0.002518   0.017526
  57   0.019928  -0.003799  -0.000613  -0.015515
  58   0.017720  -0.009432   0.000923  -0.009212
  59  -0.010307   0.013357   0.001677  -0.004727
  60   0.012315   0.015264   0.026619  -0.054197
  61   0.001123   0.008594  -0.012468   0.002751
  62   0.000306   0.016121  -0.016332  -0.000096
  63   0.000340  -0.009190   0.000899   0.007951
  64   0.005897  -0.009485  -0.012646   0.016234
  65   0.003213  -0.021975   0.013707   0.005055
  66  -0.001867   0.011534  -0.007508  -0.002159
  67  -0.002824   0.000932   0.008485  -0.006593
  68  -0.026400   0.011927   0.014022   0.000451
  69   0.025686  -0.012433  -0.017730   0.004478
  70   0.009589  -0.009645  -0.010253   0.010308
  71  -0.012060   0.007173  -0.005867   0.010755
  72   0.000074   0.030004  -0.016505  -0.013573
  73  -0.022128  -0.000229   0.009904   0.012453
  74   0.008326  -0.009267   0.010052  -0.009111
  75  -0.005197  -0.006065   0.015335  -0.004073
  76   0.001802  -0.005749   0.006417  -0.002470
  77  -0.020877  -0.006778   0.046684  -0.019028
  78  -0.017406  -0.003478   0.026224  -0.005340
  79  -0.009884   0.010259  -0.002628   0.002254
  80   0.006053  -0.003031  -0.003957   0.000935
  81   0.012097  -0.032423   0.001722   0.018604
  82  -0.005466   0.013311  -0.018262   0.010416
  83   0.017590  -0.024745   0.020137  -0.012982
  84  -0.014097   0.009140  -0.004482   0.009438
  85  -0.001468   0.010959  -0.006943  -0.002548
  86  -0.012628   0.007040   0.016300  -0.010712
  87   0.018820  -0.041489   0.008222   0.014447
  88  -0.009723   0.014687  -0.009960   0.004996
  89  -0.013319  -0.004279   0.010294   0.007304
  90   0.010888   0.008426  -0.027628   0.008314
  91  -0.013051  -0.003265   0.012885   0.003431
  92   0.012790  -0.016635   0.012659  -0.008815
  93  -0.041976   0.023198  -0.000057   0.018834
  94   0.010719  -0.009591   0.001257  -0.002385
  95   0.003289  -0.001741  -0.002262   0.000714
  96   0.012832  -0.007499  -0.012729   0.007396
  97  -0.006265   0.009241   0.003111  -0.006087
  98   0.009583   0.022955  -0.023797  -0.008741
  99  -0.005755   0.006669  -0.003258   0.002344
 100  -0.036086   0.008452   0.009619   0.018015
 101  -0.005342   0.020710  -0.003555  -0.011813
 102   0.002339  -0.009190   0.004936   0.001915
 103   0.013616   0.004715  -0.015783  -0.002549
 104  -0.012680   0.014230   0.021572  -0.023122
 105   0.016006   0.013102  -0.018391  -0.010717
 106   0.004722  -0.008077   0.003052   0.000303
 107   0.011704  -0.002433   0.009484  -0.018754
 108  -0.005494   0.000526   0.004456   0.000512
 109   0.018980   0.022415  -0.009057  -0.032338
 110  -0.004131  -0.000773   0.017503  -0.012599
 111  -0.016537   0.009735   0.008636  -0.001834
 112   0.001360   0.006517  -0.009808   0.001931
 113   0.005564   0.019060  -0.020195  -0.004429
 114   0.015624  -0.023238   0.018979  -0.011365
 115   0.001439   0.007277  -0.005039  -0.003677
 116  -0.001350  -0.004134  -0.016690   0.022173
 117   0.011655   0.001985  -0.000552  -0.013088
 118  -0.022627  -0.002942   0.003061   0.022508
 119  -0.033041   0.028398   0.005687  -0.001044
 120  -0.012270  -0.002902   0.004277   0.010895
 121  -0.015603   0.011370  -0.002787   0.007020
 122  -0.000622   0.002044  -0.010105   0.008683
 123   0.017298   0.005619   0.010536  -0.033454
 124  -0.017569   0.002496  -0.019848   0.034922
 125  -0.002478   0.005657   0.023685  -0.026864
 126   0.003530   0.012845  -0.028606   0.012231
 127   0.018289  -0.019998   0.010185  -0.008476
 128   0.017068   0.008716  -0.005752  -0.020032
 129  -0.012143   0.023829  -0.005136  -0.006550
 130  -0.005799   0.014264   0.009232  -0.017697
 131  -0.001358   0.023622  -0.017907  -0.004357
 132   0.004945  -0.004419  -0.013500   0.012973
 133   0.013159  -0.013438   0.005745  -0.005466
 134   0.025579  -0.031026   0.006819  -0.001371
 135   0.056694   0.009603  -0.020453  -0.045844
 136   0.018124  -0.006776  -0.018589   0.007240
 137  -0.024017   0.016077  -0.000562   0.008503
 138  -0.016457  -0.010492  -0.008636   0.035585
 139  -0.021196  -0.001741   0.019571   0.003367
 140   0.012340  -0.022393  -0.009713   0.019766
 141  -0.016926   0.012344  -0.002406   0.006988
 142   0.016763  -0.004470  -0.019378   0.007085
 143  -0.017608   0.062312  -0.023338  -0.021366
 144   0.007209   0.003500   0.005290  -0.015999
 145   0.129272  -0.109905   0.020641  -0.040008
 146   0.037690   0.007639   0.022721  -0.068049
 147   0.015757   0.041624  -0.015041  -0.042340
 148  -0.034477   0.034383  -0.035919   0.036013
 149  -0.006438  -0.028010   0.015851   0.018598
 150  -0.072917   0.015391   0.041889   0.015637
 151  -0.077277   0.028920   0.035347   0.013010
 152  -0.041633   0.019158   0.038514  -0.016039
 153  -0.019454   0.046781   0.004332  -0.031660
 154  -0.003517   0.019847   0.005718  -0.022049
 155  -0.000217   0.062188   0.019351  -0.081321
 156  -0.011842   0.029646  -0.025099   0.007295
 157   0.024181  -0.056800   0.020952   0.011667
 158  -0.006681   0.004085   0.009438  -0.006842
 159  -0.076794   0.035685   0.020536   0.020573
 160  -0.016528   0.014485  -0.024524   0.026566
 161   0.019743   0.029087  -0.029295  -0.019535
 162   0.006356   0.006883  -0.015506   0.002267
 163   0.001092  -0.007568   0.000487   0.005988
 164   0.007103   0.012822  -0.041889   0.021964
 165  -0.014950   0.023860  -0.029693   0.020783
 166  -0.003309   0.008611   0.004327  -0.009629
 167  -0.006683   0.007933  -0.013608   0.012358
 168  -0.007239   0.000042  -0.022357   0.029554
 169  -0.025364  -0.000398  -0.024235   0.049997
 170  -0.000014  -0.001595  -0.025849   0.027457
 171  -0.008776   0.014958  -0.012078   0.005896
 172   0.001058   0.012723  -0.011555  -0.002226
 173  -0.006291   0.019855  -0.013640   0.000076
 174   0.002139   0.014236  -0.011584  -0.004791
 175  -0.018266   0.011942   0.014073  -0.007749
 176  -0.027012   0.006388   0.009345   0.011279
 177  -0.020607   0.018397   0.007983  -0.005773
 178  -0.009091  -0.000742   0.023558  -0.013726
 179   0.014628   0.000123  -0.004658  -0.010092
