pos          info
        0  2.292369e-04
        1  1.171765e-05
        2 -1.948838e-04
        3  2.477469e-06
        4  3.248956e-05
        5  2.833319e-05
        6  1.167595e-05
        7  2.799369e-06
        8  8.985363e-05
        9  3.822833e-05
       10 -2.610474e-04
       11  3.759703e-08
       12  2.365133e-04
       13 -8.450431e-05
       14  1.153021e-09
       15 -4.276720e-05
       16  7.971514e-06
       17  1.130937e-04
       18  7.848633e-06
       19 -3.304467e-05
       20  1.429258e-04
       21  8.990151e-05
       22  2.842969e-05
       23 -1.233719e-05
       24  2.961119e-07
       25  1.318963e-05
       26  3.540166e-05
       27 -2.432127e-04
       28 -6.177472e-06
       29  7.085920e-05
       30  1.295401e-04
       31 -1.874660e-04
       32 -8.603725e-05
       33  1.548732e-04
       34 -1.401397e-05
       35 -2.095167e-05
       36  2.653697e-06
       37  6.232468e-04
       38 -2.489033e-07
       39  2.899770e-05
       40  1.314044e-04
       41 -4.615704e-05
       42  8.028804e-06
       43 -1.085274e-04
       44 -1.541073e-04
       45  5.497886e-04
       46  2.037863e-06
       47  1.820354e-05
       48  2.830335e-07
       49 -6.222363e-06
       50 -3.206478e-07
       51  8.649331e-05
       52  8.526897e-06
       53 -1.097423e-05
       54  3.951919e-06
       55 -8.785965e-05
       56  1.345802e-05
       57 -1.569555e-04
       58 -6.989816e-05
       59 -3.860947e-05
       60  3.273718e-04
       61  2.909663e-06
       62  1.211663e-04
       63  1.264536e-05
       64  1.980258e-04
       65 -3.479710e-05
       66  2.301506e-06
       67 -1.328606e-04
       68 -1.366364e-05
       69  3.523538e-05
       70  9.211674e-05
       71  1.690455e-05
       72 -1.227004e-04
       73 -6.738022e-05
       74 -1.564061e-05
       75 -2.032602e-05
       76  1.286446e-04
       77 -2.446909e-05
       78 -2.333990e-05
       79 -3.923544e-04
       80  1.967636e-03
       81 -8.860319e-08
       82 -9.864535e-04
       83  3.828547e-04
       84 -3.366903e-07
       85  1.598644e-05
       86  1.457300e-04
       87  1.126386e-04
       88 -7.013902e-05
       89  2.978602e-07
       90 -8.071384e-06
       91  2.237104e-04
       92  5.893514e-04
       93  1.994834e-05
       94  2.093195e-05
       95 -1.500002e-04
       96  3.409710e-04
       97  2.625961e-04
       98  4.866520e-04
       99 -6.775356e-04
      100  4.768142e-04
      101 -1.932549e-07
      102 -5.885202e-04
      103  1.123496e-03
      104  1.752384e-03
      105 -1.818488e-04
      106 -5.324343e-04
      107  1.199175e-04
      108  1.035239e-03
      109  6.094833e-04
      110  1.857542e-05
      111  1.041039e-04
      112 -2.061245e-04
      113  4.416370e-05
      114 -1.646024e-11
      115  3.969553e-07
      116 -1.961097e-06
      117 -4.285089e-05
      118  1.013003e-04
      119 -2.158358e-04
      120  1.903737e-09
      121 -4.289548e-04
      122  1.736201e-04
      123  1.722017e-06
      124 -1.160322e-04
      125  1.355986e-06
      126 -8.568750e-05
      127  5.183869e-05
      128 -1.159818e-05
      129 -2.130709e-05
      130  2.326651e-05
      131 -5.715047e-05
      132  7.580048e-05
      133  4.591061e-05
      134 -1.965341e-04
      135  2.436596e-06
      136  2.307637e-04
      137 -1.631983e-07
      138  4.528796e-04
      139 -2.570287e-05
      140  2.534856e-06
      141 -1.785018e-04
      142 -1.725798e-05
      143  9.666138e-05
      144  1.413307e-06
      145 -1.712129e-04
      146 -3.660771e-04
      147 -4.690923e-04
      148 -3.122157e-04
      149 -2.799067e-04
      150 -7.052465e-08
      151 -1.598297e-04
      152  1.041054e-05
      153  2.524874e-05
      154 -1.145389e-04
      155  9.725311e-05
      156  3.726968e-04
      157  4.741968e-05
      158 -1.210411e-04
      159 -1.611693e-04