pos          info
        0 -2.054032e-04
        1  3.715396e-05
        2 -3.522605e-06
        3 -8.847318e-04
        4 -4.302246e-04
        5 -2.053054e-04
        6 -7.166027e-06
        7 -2.093356e-04
        8 -1.693787e-05
        9 -1.086440e-05
       10 -3.107466e-05
       11 -4.529726e-07
       12 -5.890040e-06
       13 -7.188714e-08
       14 -4.263804e-04
       15  6.378477e-05
       16  5.382139e-05
       17 -1.619034e-05
       18  4.740902e-05
       19  8.921528e-05
       20  7.598138e-04
       21 -4.480864e-05
       22 -6.656569e-05
       23  6.478017e-05
       24  1.846989e-05
       25 -3.842133e-03
       26 -1.051155e-04
       27 -2.483223e-04
       28 -4.389715e-05
       29 -1.296039e-06
       30 -6.928739e-05
       31 -1.230266e-04
       32 -1.416640e-04
       33 -4.093088e-07
       34 -1.401321e-04
       35 -6.145498e-05
       36 -2.420213e-05
       37  1.444604e-07
       38  2.973129e-09
       39  5.414509e-04
       40  9.231787e-06
       41  1.047488e-05
       42  5.827122e-07
       43  5.032129e-04
       44  1.411838e-05
       45 -1.383492e-05
       46 -4.772760e-07
       47 -6.014856e-07
       48 -2.029659e-05
       49  2.085505e-05
       50 -1.350241e-04
       51 -1.095543e-04
       52 -6.547859e-05
       53 -2.725001e-04
       54  2.104893e-08
       55  6.964631e-05
       56  2.240433e-06
       57 -2.533550e-04
       58  1.761630e-04
       59  1.043271e-04
       60  6.884273e-05
       61 -1.863714e-05
       62 -4.050277e-06
       63  1.593191e-05
       64 -1.364311e-05
       65 -3.186199e-04
       66 -3.015125e-04
       67 -1.593464e-04
       68 -9.427245e-06
       69 -7.362398e-05
       70  9.068861e-05
       71  4.219123e-04
       72 -4.515681e-06
       73 -1.110474e-04
       74 -1.393045e-04
       75 -6.182872e-05
       76 -7.367699e-05
       77 -6.878681e-05
       78 -9.975652e-05
       79 -3.826447e-05
       80 -3.435759e-04
       81 -4.497869e-05
       82 -1.154025e-04
       83  7.378742e-06
       84  1.085707e-04
       85 -2.193118e-05
       86 -8.371317e-08
       87 -2.043223e-06
       88  7.416008e-05
       89  6.304728e-05
       90 -3.247053e-04
       91 -4.069938e-06
       92  9.897489e-05
       93  1.326194e-05
       94 -1.401900e-06
       95 -4.245217e-07
       96 -2.254056e-04
       97 -4.428523e-07
       98 -5.425600e-05
       99 -8.323552e-06
      100 -3.600336e-06
      101 -1.237913e-04
      102 -1.291494e-07
      103 -1.543473e-05
      104  3.258657e-08
      105  2.941739e-06
      106  1.229361e-04
      107  7.176933e-05
      108 -1.211300e-04
      109 -4.196683e-08
      110 -1.542091e-04
      111  3.636769e-04
      112 -1.454822e-05
      113 -4.503202e-05
      114 -9.891006e-05
      115 -2.945301e-06
      116 -9.954435e-06
      117 -4.662473e-06
      118 -1.466045e-05
      119  1.439849e-04
      120  2.426044e-04
      121  1.419241e-04
      122 -4.454583e-05
      123 -4.564773e-06
      124 -5.449446e-05
      125 -5.096067e-04
      126  2.016442e-04
      127 -2.246172e-06
      128 -2.967325e-04
      129 -3.162911e-04
      130  2.117976e-04
      131  2.479011e-04
      132 -8.087232e-05
      133 -1.072892e-04
      134 -2.187056e-08
      135 -7.880734e-05
      136 -6.009382e-05
      137 -4.306171e-05
      138  8.671994e-06
      139  2.249831e-04
      140 -1.935705e-04
      141  8.127906e-04
      142  2.938828e-05
      143  1.023659e-04
      144 -5.482585e-05
      145 -3.306444e-06
      146 -4.097928e-05
      147 -3.047063e-05
      148 -1.573831e-06
      149 -2.031660e-04
      150 -3.695989e-06
      151 -3.332605e-04
      152  6.827877e-06
      153 -2.589260e-05
      154 -1.208152e-05
      155 -5.193471e-05
      156  6.395027e-06
      157 -1.307603e-04
      158 -2.113551e-05
      159 -1.030071e-04