pos          info
        0  5.562939e-05
        1  6.879244e-06
        2  9.608485e-07
        3 -5.315166e-04
        4  7.011174e-06
        5 -1.904202e-04
        6 -1.854355e-04
        7  2.062073e-04
        8  4.124088e-04
        9  5.761442e-05
       10 -7.011820e-05
       11 -2.462762e-06
       12  1.498401e-04
       13  3.304827e-06
       14  1.017701e-03
       15 -1.287763e-04
       16 -1.929813e-04
       17  1.038949e-05
       18  4.148503e-05
       19  8.625593e-05
       20 -3.191809e-04
       21 -1.193973e-05
       22 -1.742678e-05
       23 -2.013886e-07
       24  3.124833e-07
       25 -3.691406e-03
       26  1.109918e-03
       27  6.480571e-04
       28 -5.211264e-04
       29 -6.628091e-08
       30  2.224018e-04
       31  1.267138e-05
       32  3.304727e-05
       33  1.213428e-06
       34 -1.463274e-04
       35  1.307249e-04
       36 -9.283592e-06
       37 -1.231458e-05
       38 -4.204442e-05
       39 -1.139586e-04
       40  1.011003e-05
       41  1.070628e-04
       42 -4.022808e-05
       43 -2.070103e-04
       44  2.489072e-06
       45 -9.066121e-05
       46 -9.793015e-05
       47 -1.078252e-04
       48 -1.153517e-06
       49  4.784960e-05
       50  2.391051e-04
       51 -6.014812e-05
       52  2.176348e-04
       53  7.696548e-04
       54  1.214906e-05
       55  7.229941e-05
       56  9.080319e-07
       57  3.238751e-05
       58  4.989545e-08
       59  5.290764e-05
       60 -1.691017e-04
       61 -6.763157e-06
       62 -5.734545e-05
       63  2.316389e-07
       64  7.673317e-05
       65 -2.574602e-05
       66  4.827184e-04
       67 -1.006604e-04
       68 -7.118659e-05
       69 -1.344890e-05
       70  1.439964e-04
       71 -2.192299e-04
       72 -8.417434e-05
       73  8.208955e-05
       74 -1.223789e-04
       75  4.836721e-05
       76  7.486991e-05
       77  4.009673e-07
       78  4.462950e-04
       79 -2.053744e-04
       80 -1.873386e-04
       81  2.951687e-05
       82 -5.739859e-05
       83 -2.734145e-05
       84 -1.787629e-04
       85  6.220695e-05
       86  2.131858e-07
       87  1.993269e-04
       88 -7.921455e-07
       89 -3.372702e-04
       90 -5.039298e-05
       91 -1.252906e-05
       92  2.626149e-04
       93  1.046159e-04
       94 -6.439067e-05
       95 -5.871592e-04
       96  1.935831e-07
       97  1.804496e-04
       98  1.005668e-04
       99 -1.810597e-04
      100 -1.463335e-04
      101  2.537563e-04
      102  1.186376e-04
      103  3.334673e-05
      104 -9.105003e-06
      105  2.262621e-04
      106 -2.860670e-05
      107 -9.192818e-07
      108 -1.445983e-04
      109  2.971028e-05
      110  2.713614e-05
      111 -1.198261e-06
      112  1.766891e-07
      113  2.320818e-04
      114  1.896926e-04
      115  1.572305e-04
      116  1.282706e-05
      117  2.010316e-04
      118 -7.208535e-07
      119  1.481953e-05
      120  1.325505e-06
      121 -8.573635e-06
      122 -1.798128e-07
      123 -9.331698e-05
      124  2.031985e-06
      125  1.155751e-03
      126 -6.924996e-04
      127  4.876912e-04
      128 -9.008624e-05
      129  2.102652e-04
      130 -7.824952e-08
      131 -8.150901e-06
      132 -4.891882e-06
      133 -1.531791e-06
      134  7.814222e-05
      135  5.258167e-04
      136  4.476129e-04
      137  3.838670e-06
      138 -4.263732e-07
      139 -4.125979e-04
      140  4.608683e-07
      141 -5.886385e-04
      142  2.196430e-04
      143 -2.823458e-04
      144  3.891661e-05
      145 -5.886679e-05
      146  2.852057e-05
      147 -1.692622e-04
      148  6.380388e-06
      149  1.158129e-04
      150 -3.816485e-04
      151  3.849967e-04
      152  1.390515e-05
      153 -3.282600e-04
      154  1.951347e-04
      155  2.643434e-04
      156 -4.124718e-05
      157  1.092584e-06
      158  6.944379e-05
      159  6.905891e-05