pos      val_A      val_C      val_G      val_T
   0  -0.001132  -0.014828   0.020226  -0.004266
   1   0.014514   0.003043  -0.011586  -0.005972
   2  -0.001764  -0.025584   0.014768   0.012580
   3  -0.000690   0.009096   0.018300  -0.026707
   4  -0.008209   0.015671  -0.000911  -0.006551
   5   0.002189   0.012535  -0.013619  -0.001105
   6   0.010665   0.021258  -0.001952  -0.029971
   7   0.010593  -0.003001  -0.024142   0.016550
   8  -0.032996   0.024380   0.005645   0.002971
   9  -0.016470   0.003653   0.012607   0.000210
  10  -0.001026  -0.000446   0.014063  -0.012592
  11   0.016147  -0.025532   0.021046  -0.011661
  12  -0.004668   0.001998   0.012205  -0.009535
  13   0.005034   0.010187  -0.009528  -0.005692
  14   0.001428   0.001062   0.011384  -0.013873
  15   0.013355   0.010208  -0.001928  -0.021635
  16  -0.011398  -0.013102   0.009638   0.014862
  17  -0.005757   0.019889   0.019111  -0.033242
  18   0.016667  -0.001225  -0.010858  -0.004584
  19   0.004187  -0.011733   0.010115  -0.002569
  20  -0.003510   0.005930  -0.008903   0.006484
  21  -0.016207   0.004084   0.023082  -0.010960
  22  -0.012709   0.012359  -0.009129   0.009479
  23   0.011469   0.018444  -0.017993  -0.011920
  24   0.004838  -0.001669   0.007691  -0.010860
  25   0.018367  -0.019012  -0.025756   0.026400
  26   0.008866   0.004108  -0.011261  -0.001713
  27  -0.001912   0.015389  -0.022516   0.009040
  28  -0.009223   0.002073   0.007999  -0.000850
  29  -0.002303   0.015324   0.007251  -0.020272
  30  -0.004690  -0.005413   0.013302  -0.003198
  31   0.005711  -0.001682  -0.008514   0.004485
  32   0.009055  -0.001046  -0.001016  -0.006993
  33   0.012954  -0.006883  -0.042992   0.036922
  34  -0.025827   0.011801  -0.005850   0.019875
  35  -0.004687   0.012686  -0.007114  -0.000885
  36  -0.006414   0.017333  -0.012609   0.001691
  37   0.008885  -0.009489   0.001161  -0.000557
  38   0.008249   0.013066  -0.030424   0.009109
  39  -0.009417  -0.007342   0.004004   0.012755
  40   0.016302  -0.009861   0.006491  -0.012932
  41  -0.018100   0.015795  -0.003041   0.005346
  42   0.026332   0.025842  -0.000652  -0.051522
  43  -0.008192   0.010397  -0.004994   0.002788
  44   0.012420  -0.007932  -0.006236   0.001748
  45  -0.021263   0.004469   0.003821   0.012973
  46   0.011807  -0.016314   0.005773  -0.001267
  47   0.017527  -0.016102   0.001371  -0.002797
  48   0.020429   0.007937  -0.001687  -0.026679
  49   0.011259  -0.000812   0.020977  -0.031424
  50   0.029241  -0.022065  -0.000108  -0.007067
  51   0.021410   0.010468  -0.027534  -0.004344
  52   0.000583  -0.011435  -0.002765   0.013618
  53   0.005665   0.013366   0.006831  -0.025862
  54   0.010984   0.008739  -0.013535  -0.006188
  55  -0.021594   0.005726   0.031230  -0.015362
  56   0.010828   0.001508  -0.000649  -0.011687
  57   0.018235   0.009462   0.002603  -0.030299
  58  -0.055626   0.043507   0.032351  -0.020232
  59  -0.005215   0.020355  -0.022020   0.006881
  60  -0.024531   0.023059   0.006464  -0.004992
  61  -0.009534   0.015683  -0.010608   0.004458
  62  -0.011724  -0.010866  -0.003021   0.025612
  63  -0.001695  -0.019129  -0.018897   0.039720
  64  -0.022853   0.003604   0.015732   0.003517
  65  -0.001577  -0.037478   0.025918   0.013137
  66   0.004367   0.005671  -0.015827   0.005789
  67  -0.015431  -0.007506   0.017880   0.005056
  68   0.008090  -0.001195   0.007486  -0.014382
  69  -0.004358   0.034963  -0.012780  -0.017824
  70  -0.019958   0.011807   0.008641  -0.000490
  71  -0.015956   0.004579   0.031564  -0.020187
  72  -0.015579   0.000486   0.015481  -0.000388
  73  -0.000559   0.001843   0.009736  -0.011021
  74  -0.007075   0.005976   0.009770  -0.008670
  75  -0.013144   0.007210   0.010936  -0.005002
  76  -0.033602   0.011300   0.026016  -0.003714
  77   0.015516  -0.035927   0.017615   0.002796
  78   0.006761  -0.005740   0.010935  -0.011956
  79   0.022971  -0.010715   0.005594  -0.017851
  80   0.001344  -0.009112   0.018233  -0.010464
  81   0.001930  -0.009329   0.004104   0.003294
  82   0.035626   0.008755  -0.028356  -0.016026
  83   0.076547  -0.043915  -0.012590  -0.020043
  84   0.013161  -0.015819   0.015764  -0.013105
  85   0.000656  -0.022435   0.005961   0.015818
  86   0.013969   0.003417  -0.010658  -0.006728
  87   0.022150   0.002801  -0.004471  -0.020480
  88   0.008686   0.021309   0.008303  -0.038298
  89   0.020935   0.009073  -0.018383  -0.011625
  90   0.010457  -0.002214   0.007188  -0.015431
  91  -0.012806   0.009259  -0.003022   0.006569
  92  -0.004394   0.022186  -0.001310  -0.016482
  93  -0.009325  -0.014588   0.008253   0.015659
  94   0.009695  -0.007726   0.008168  -0.010137
  95   0.004911   0.018574  -0.001973  -0.021512
  96   0.017956  -0.011179   0.015874  -0.022651
  97  -0.017316   0.009035   0.002866   0.005415
  98   0.042718  -0.008004   0.025351  -0.060066
  99  -0.016874   0.024929  -0.025612   0.017557
 100   0.006091  -0.004791  -0.017824   0.016525
 101  -0.013240   0.006166   0.009380  -0.002306
 102   0.021017   0.011934  -0.025119  -0.007832
 103  -0.007188  -0.000798   0.009653  -0.001667
 104  -0.025945   0.008379   0.014549   0.003017
 105   0.012975  -0.010018  -0.002000  -0.000957
 106  -0.033505   0.014516   0.011667   0.007322
 107  -0.002605  -0.025974   0.001009   0.027569
 108   0.024587   0.004091   0.011848  -0.040526
 109   0.006009   0.010374  -0.036226   0.019844
 110   0.020730  -0.003329  -0.015206  -0.002195
 111   0.001322   0.004477   0.015025  -0.020824
 112   0.001994  -0.023195   0.027723  -0.006523
 113  -0.011873  -0.018559   0.019780   0.010651
 114  -0.013754  -0.030048  -0.004756   0.048557
 115  -0.006987   0.000980   0.009017  -0.003010
 116  -0.002797   0.003054   0.002865  -0.003122
 117   0.003591  -0.011151   0.029529  -0.021970
 118   0.000829  -0.007384   0.000552   0.006003
 119   0.010309   0.010794   0.012800  -0.033903
 120  -0.034101  -0.005844  -0.038701   0.078646
 121   0.007943   0.003792  -0.017061   0.005325
 122   0.049914  -0.007652  -0.054917   0.012655
 123   0.006141  -0.021786  -0.001788   0.017434
 124   0.010151   0.011307  -0.025314   0.003856
 125   0.011551  -0.023105   0.004764   0.006790
 126   0.006219   0.000865   0.005395  -0.012478
 127  -0.043703  -0.009263   0.050751   0.002215
 128  -0.007616  -0.005306   0.008784   0.004137
 129  -0.012156  -0.001201  -0.001213   0.014571
 130  -0.013641  -0.009436   0.003047   0.020030
 131  -0.000676   0.021617   0.012112  -0.033054
 132  -0.015627  -0.001413   0.012799   0.004241
 133   0.018604  -0.024461   0.004660   0.001197
 134   0.007647  -0.016474  -0.012216   0.021043
 135  -0.010703   0.026502  -0.019845   0.004045
 136  -0.002457   0.023236  -0.009672  -0.011106
 137  -0.018687   0.010573  -0.000216   0.008330
 138  -0.031354  -0.000228   0.019007   0.012575
 139  -0.007175   0.028965  -0.021974   0.000183
 140  -0.020731  -0.006896   0.025459   0.002168
 141  -0.021176   0.000783  -0.006530   0.026923
 142   0.006236  -0.004691  -0.003368   0.001823
 143   0.021509   0.012355  -0.013600  -0.020264
 144   0.008824  -0.001690  -0.017316   0.010182
 145  -0.022145   0.040099  -0.011647  -0.006308
 146  -0.004664   0.008443  -0.023755   0.019975
 147   0.006281  -0.003033  -0.008794   0.005546
 148   0.040245  -0.021679  -0.011549  -0.007017
 149   0.014235   0.009608  -0.028912   0.005069
 150   0.008739   0.017464  -0.038276   0.012073
 151  -0.007706  -0.010518  -0.004763   0.022987
 152  -0.004570  -0.029300  -0.001584   0.035454
 153   0.009823   0.007995  -0.012167  -0.005651
 154   0.058933   0.009997  -0.047683  -0.021247
 155  -0.033673   0.037336  -0.021529   0.017866
 156  -0.006016  -0.000381   0.005299   0.001098
 157  -0.005135  -0.010261  -0.004731   0.020126
 158   0.013767   0.009262  -0.020697  -0.002332
 159  -0.002404   0.000699  -0.012260   0.013965
 160  -0.000915   0.017485  -0.021702   0.005132
 161  -0.001415   0.010063  -0.029675   0.021026
 162  -0.048305   0.048057  -0.015316   0.015564
 163  -0.007103   0.019742  -0.028996   0.016356
 164  -0.001705   0.005009   0.012828  -0.016132
 165   0.003455  -0.033260  -0.005069   0.034874
 166   0.036828   0.025761  -0.049764  -0.012825
 167  -0.022602   0.003179   0.005572   0.013851
 168  -0.025170   0.005411  -0.000122   0.019882
 169  -0.008037   0.021676  -0.009534  -0.004105
 170  -0.019854   0.033843   0.004913  -0.018902
 171  -0.002077   0.021292  -0.008372  -0.010842
 172  -0.007804   0.026541  -0.018520  -0.000216
 173  -0.010639  -0.012090  -0.004552   0.027281
 174  -0.005617  -0.018443   0.005589   0.018471
 175  -0.022120   0.013444   0.023911  -0.015234
 176  -0.017737   0.040984  -0.012492  -0.010755
 177   0.008303   0.009141   0.024805  -0.042249
 178  -0.000646   0.001190   0.032574  -0.033118
 179   0.004092   0.035136   0.005969  -0.045197
