pos      val_A      val_C      val_G      val_T
   0   0.027653  -0.004369  -0.030413   0.007130
   1  -0.025230  -0.009190   0.013270   0.021151
   2  -0.007627  -0.008914   0.017340  -0.000799
   3  -0.013044   0.007274  -0.011216   0.016986
   4   0.003116   0.011884   0.017229  -0.032229
   5   0.001105  -0.019522   0.014511   0.003906
   6  -0.002913   0.005073  -0.008810   0.006651
   7  -0.015580  -0.015048   0.020093   0.010534
   8   0.033876  -0.035733   0.000006   0.001851
   9   0.022179  -0.013431   0.016923  -0.025671
  10   0.013150   0.007663   0.005122  -0.025934
  11  -0.024379   0.006114  -0.012706   0.030971
  12   0.004256  -0.003067  -0.007055   0.005866
  13   0.005649  -0.012508  -0.003486   0.010345
  14   0.004200  -0.000114  -0.003498  -0.000588
  15   0.020486  -0.001895  -0.020274   0.001683
  16   0.019182  -0.004323  -0.027798   0.012939
  17  -0.008568  -0.001738   0.008913   0.001394
  18  -0.010230  -0.000420  -0.017443   0.028093
  19  -0.003129   0.051651  -0.017598  -0.030925
  20   0.007300  -0.011461  -0.005305   0.009466
  21   0.035040  -0.023199  -0.017889   0.006048
  22   0.004994   0.014019   0.003403  -0.022416
  23  -0.002544  -0.017334   0.021938  -0.002060
  24  -0.009139   0.013194   0.001636  -0.005692
  25  -0.013122  -0.019657   0.040130  -0.007352
  26  -0.006335  -0.014658   0.018336   0.002656
  27  -0.013204  -0.004214   0.010363   0.007055
  28   0.013583   0.025928  -0.013863  -0.025648
  29   0.002439  -0.011835   0.006617   0.002779
  30   0.005917   0.002730  -0.008463  -0.000185
  31   0.051614   0.003887  -0.047111  -0.008391
  32  -0.049829   0.014110  -0.005235   0.040954
  33   0.007648  -0.024422   0.018554  -0.001780
  34   0.018468   0.008620  -0.007042  -0.020046
  35   0.017927  -0.020153   0.008965  -0.006739
  36   0.008618  -0.002512  -0.000340  -0.005767
  37   0.003450   0.013560  -0.030769   0.013758
  38  -0.040961  -0.022518   0.040165   0.023315
  39   0.005550  -0.002559  -0.011953   0.008962
  40  -0.002734  -0.017904   0.020299   0.000338
  41   0.001006  -0.022716   0.012070   0.009640
  42  -0.019261  -0.020109  -0.009889   0.049258
  43  -0.000558   0.006658   0.009294  -0.015394
  44   0.002218   0.010591   0.004200  -0.017009
  45   0.000013   0.009564  -0.014792   0.005215
  46   0.007905  -0.000389  -0.002955  -0.004561
  47  -0.020342   0.034571  -0.010211  -0.004018
  48   0.005466  -0.016747   0.002026   0.009255
  49  -0.003988   0.024287  -0.015325  -0.004974
  50  -0.023853   0.027476  -0.039474   0.035852
  51  -0.016723   0.013454   0.004533  -0.001265
  52   0.003324   0.005314   0.006596  -0.015235
  53   0.002341  -0.022808   0.016911   0.003556
  54  -0.009810   0.025566  -0.003901  -0.011856
  55   0.040100  -0.004651  -0.017583  -0.017865
  56   0.033570  -0.030749  -0.015947   0.013126
  57   0.008126  -0.008929   0.007315  -0.006512
  58   0.044537  -0.026048  -0.022870   0.004380
  59   0.025766  -0.016519   0.015576  -0.024823
  60  -0.010095  -0.011828  -0.014361   0.036284
  61   0.013572  -0.016568   0.030672  -0.027675
  62   0.040980  -0.025977  -0.001863  -0.013140
  63   0.021637  -0.004738  -0.001260  -0.015639
  64   0.031032  -0.014927  -0.013576  -0.002529
  65  -0.020200   0.030832  -0.006564  -0.004067
  66   0.005673  -0.005112   0.015483  -0.016044
  67   0.016415  -0.001438  -0.000895  -0.014083
  68   0.003700  -0.012146  -0.001653   0.010099
  69  -0.031823  -0.009043   0.020595   0.020271
  70  -0.018632   0.002082   0.027204  -0.010654
  71   0.010925   0.006626  -0.001833  -0.015718
  72   0.018521   0.013637  -0.016418  -0.015740
  73  -0.007834   0.003314  -0.006516   0.011036
  74   0.008736   0.011842  -0.019592  -0.000987
  75   0.037277  -0.004415  -0.007419  -0.025443
  76   0.021177  -0.019486  -0.015151   0.013460
  77   0.002020   0.014151  -0.000059  -0.016112
  78  -0.005135   0.006049  -0.004854   0.003940
  79  -0.024966   0.029261  -0.021279   0.016984
  80  -0.032146   0.003141   0.005486   0.023519
  81  -0.026533   0.009179  -0.005158   0.022511
  82   0.004492  -0.009684   0.035890  -0.030697
  83  -0.070552   0.047556   0.006942   0.016054
  84  -0.004114   0.015404  -0.022444   0.011154
  85   0.006212   0.011411  -0.013828  -0.003795
  86   0.015324   0.000804  -0.015685  -0.000443
  87  -0.003593  -0.018760   0.000706   0.021647
  88  -0.008020   0.015339  -0.012888   0.005569
  89  -0.010930   0.001569   0.018448  -0.009088
  90  -0.007361   0.007496   0.009369  -0.009504
  91   0.015845  -0.033570  -0.018689   0.036414
  92   0.014948  -0.026730   0.023879  -0.012097
  93   0.007058  -0.013902   0.009057  -0.002213
  94  -0.005632   0.004330  -0.016405   0.017706
  95  -0.004424  -0.016514   0.009173   0.011764
  96  -0.019502   0.034804  -0.013070  -0.002232
  97   0.028902  -0.007318  -0.007867  -0.013717
  98  -0.039064   0.007316  -0.000523   0.032271
  99  -0.036347  -0.000322   0.056411  -0.019742
 100   0.006416   0.003128   0.010419  -0.019962
 101  -0.005296   0.009630   0.014512  -0.018846
 102  -0.021215  -0.022474   0.017757   0.025932
 103  -0.014730  -0.004719  -0.017415   0.036864
 104   0.013991   0.006898  -0.025793   0.004904
 105  -0.003581  -0.009070  -0.016473   0.029124
 106   0.006807  -0.010556   0.006346  -0.002597
 107  -0.011850   0.026070  -0.010415  -0.003805
 108  -0.032694  -0.000456  -0.005025   0.038175
 109  -0.008321  -0.025773   0.054176  -0.020082
 110  -0.023054  -0.013837   0.041865  -0.004974
 111   0.016559   0.009913  -0.016303  -0.010170
 112  -0.037184   0.044145  -0.007227   0.000266
 113   0.002528  -0.008809  -0.005489   0.011770
 114   0.016986   0.007063   0.031431  -0.055480
 115   0.004080   0.006276  -0.002341  -0.008015
 116  -0.003387   0.026233  -0.018713  -0.004133
 117  -0.001385   0.003404  -0.017238   0.015219
 118   0.021208  -0.000333  -0.027570   0.006695
 119  -0.032510   0.019985  -0.003361   0.015886
 120   0.011049   0.000343   0.050557  -0.061948
 121   0.003108   0.006277  -0.012432   0.003047
 122  -0.060572   0.025661   0.057491  -0.022580
 123  -0.007388   0.010811   0.017186  -0.020609
 124  -0.017338   0.015733   0.019459  -0.017853
 125  -0.010417   0.010922  -0.000153  -0.000352
 126  -0.005876  -0.004863  -0.002961   0.013700
 127   0.058942  -0.030017  -0.028835  -0.000089
 128   0.002797   0.010421   0.016716  -0.029934
 129  -0.009567  -0.006903  -0.011152   0.027622
 130   0.011279  -0.013183   0.037650  -0.035747
 131   0.029327  -0.029364  -0.021610   0.021647
 132   0.002702  -0.011708   0.033776  -0.024770
 133  -0.019626   0.013149   0.010009  -0.003532
 134   0.004833  -0.016551   0.033491  -0.021773
 135   0.021055  -0.032000   0.007643   0.003303
 136   0.001769  -0.024442   0.012921   0.009752
 137   0.010619  -0.010453   0.029496  -0.029662
 138  -0.004323  -0.019618  -0.006886   0.030827
 139   0.018775  -0.012799   0.018348  -0.024324
 140   0.032663   0.002091  -0.013239  -0.021515
 141   0.018326  -0.037913   0.028072  -0.008485
 142  -0.024450  -0.011373   0.006667   0.029156
 143  -0.002478  -0.019071  -0.011713   0.033263
 144   0.000664  -0.037603   0.049696  -0.012757
 145   0.034006  -0.063785   0.030399  -0.000619
 146   0.021634  -0.023220   0.012763  -0.011177
 147   0.014254  -0.002066   0.000715  -0.012903
 148  -0.011951  -0.006788   0.002282   0.016457
 149  -0.024629  -0.000381   0.023080   0.001931
 150  -0.001894  -0.016115   0.006845   0.011163
 151   0.019295  -0.002587  -0.026534   0.009825
 152  -0.011040  -0.000055   0.035801  -0.024706
 153   0.004467  -0.015852  -0.018444   0.029828
 154  -0.019768  -0.028620   0.030663   0.017726
 155   0.050832  -0.037982   0.008640  -0.021490
 156   0.047808  -0.028968  -0.025746   0.006905
 157   0.008564   0.005286  -0.009469  -0.004381
 158  -0.009715   0.006237  -0.003144   0.006623
 159  -0.004216  -0.004571   0.035499  -0.026712
 160  -0.050195   0.007204   0.048427  -0.005436
 161  -0.002434  -0.001478   0.033398  -0.029487
 162   0.030208  -0.003999   0.017787  -0.043996
 163  -0.010050  -0.019652   0.036690  -0.006988
 164  -0.020084  -0.002321   0.026674  -0.004268
 165   0.001794   0.038007   0.012104  -0.051906
 166  -0.023907  -0.006093   0.030806  -0.000806
 167  -0.003413   0.017909  -0.010486  -0.004011
 168  -0.000063   0.016460   0.001999  -0.018397
 169  -0.000823  -0.016085   0.040976  -0.024069
 170   0.013262   0.001734   0.023010  -0.038006
 171   0.008466  -0.029628   0.055117  -0.033955
 172   0.028877  -0.040551   0.023270  -0.011597
 173   0.022954  -0.009468   0.014934  -0.028420
 174   0.007066  -0.004967   0.018722  -0.020821
 175   0.005076   0.017294  -0.027063   0.004693
 176   0.036344  -0.031072   0.015885  -0.021156
 177   0.028209  -0.044560  -0.003412   0.019763
 178   0.008331   0.006542  -0.018093   0.003220
 179  -0.006545  -0.038589   0.001816   0.043318
