pos       info
        0   0.007915
        1   0.004573
        2   0.010147
        3   0.007067
        4  -0.002670
        5  -0.000453
        6   0.012078
        7  -0.006606
        8  -0.009417
        9  -0.006630
       10  -0.005072
       11  -0.010170
       12   0.003852
       13   0.004002
       14   0.004433
       15   0.008680
       16   0.005880
       17   0.007311
       18   0.006632
       19   0.001030
       20   0.002577
       21   0.001480
       22   0.004838
       23   0.007217
       24   0.004350
       25   0.010507
       26  -0.000669
       27   0.008931
       28   0.000377
       29   0.005933
       30  -0.001309
       31   0.003339
       32   0.002781
       33   0.014610
       34   0.007806
       35  -0.002840
       36  -0.002592
       37  -0.000203
       38  -0.003269
       39  -0.003752
       40  -0.005164
       41   0.001272
       42  -0.009896
       43  -0.002000
       44  -0.003102
       45  -0.008526
       46  -0.006441
       47  -0.006974
       48  -0.010708
       49  -0.012665
       50  -0.000041
       51  -0.010917
       52  -0.001063
       53  -0.010413
       54  -0.004356
       55   0.006318
       56   0.004285
       57   0.007132
       58   0.016526
       59  -0.008759
       60  -0.002139
       61   0.004233
       62   0.004667
       63   0.015730
       64   0.001322
       65  -0.000703
       66  -0.002315
       67   0.006207
       68   0.005760
       69  -0.013584
       70  -0.008043
       71  -0.006551
       72   0.000118
       73  -0.000270
       74  -0.003790
       75  -0.005307
       76  -0.013610
       77   0.001077
       78   0.002301
       79   0.009078
       80   0.000479
       81   0.001320
       82   0.014054
       83   0.029926
       84  -0.005257
       85  -0.002365
       86  -0.002671
       87  -0.008196
       88  -0.015468
       89   0.003559
       90   0.002800
       91   0.003617
       92   0.008630
       93   0.003245
       94  -0.003833
       95  -0.001857
       96   0.009096
       97  -0.006952
       98   0.016554
       99   0.006809
      100   0.006598
      101  -0.000981
      102  -0.009967
      103  -0.000698
      104  -0.010457
      105  -0.000356
      106  -0.013514
      107  -0.010277
      108  -0.016331
      109   0.007863
      110   0.008249
      111   0.000430
      112   0.010824
      113   0.007396
      114   0.019141
      115  -0.003518
      116  -0.001185
      117  -0.008883
      118   0.000235
      119   0.013665
      120   0.030682
      121   0.002138
      122   0.019651
      123   0.002474
      124  -0.001533
      125   0.004608
      126   0.004997
      127   0.019543
      128   0.002116
      129   0.005774
      130   0.007933
      131  -0.013367
      132   0.004988
      133  -0.000491
      134   0.003083
      135   0.004342
      136  -0.009065
      137  -0.007499
      138  -0.012630
      139   0.000019
      140   0.000746
      141   0.010632
      142  -0.002499
      143   0.005433
      144   0.006814
      145   0.015544
      146   0.007921
      147   0.003446
      148   0.015924
      149   0.005655
      150   0.003438
      151   0.009130
      152   0.014034
      153   0.003150
      154   0.023084
      155   0.006875
      156  -0.002412
      157  -0.004036
      158  -0.003653
      159  -0.000936