pos          info
        0  2.572433e-07
        1 -1.650571e-04
        2  4.377370e-05
        3  1.128993e-04
        4 -6.576601e-04
        5 -3.149295e-05
        6 -1.088882e-04
        7  1.274644e-04
        8 -4.212281e-05
        9 -2.177604e-05
       10  1.056785e-04
       11  5.185464e-05
       12 -2.297818e-04
       13 -1.643524e-05
       14 -2.909534e-05
       15 -1.246449e-04
       16 -2.841949e-05
       17  2.100922e-04
       18  7.935483e-06
       19 -8.562400e-05
       20 -5.146295e-05
       21  7.143374e-05
       22 -3.529728e-06
       23 -3.923777e-05
       24 -8.578478e-06
       25 -5.138749e-08
       26 -5.202155e-05
       27  1.375164e-04
       28 -2.424980e-04
       29  1.314671e-04
       30  4.416102e-05
       31  4.430384e-05
       32  3.844867e-05
       33  3.044645e-05
       34  5.437250e-05
       35  3.558337e-05
       36 -2.133496e-05
       37  1.064236e-06
       38  1.466560e-04
       39  1.078654e-05
       40 -4.406622e-06
       41 -7.936720e-05
       42  1.617866e-04
       43 -7.199186e-05
       44 -1.407093e-04
       45 -2.044813e-04
       46  1.284090e-05
       47  1.584483e-05
       48 -1.343314e-04
       49 -1.261360e-05
       50  1.581792e-05
       51 -5.464422e-07
       52  1.372828e-04
       53  1.656770e-06
       54  3.202278e-05
       55  2.673288e-04
       56  5.555427e-05
       57 -6.836916e-05
       58  1.211892e-05
       59  7.446511e-05
       60  8.183096e-05
       61 -7.897447e-04
       62 -1.093092e-04
       63  8.025271e-05
       64  8.763349e-05
       65 -1.969032e-05
       66  1.373588e-04
       67 -1.513066e-05
       68  7.809665e-05
       69  2.800208e-04
       70  2.186942e-05
       71 -1.152949e-04
       72 -9.369845e-06
       73  9.989522e-06
       74  2.753286e-06
       75  6.814065e-05
       76 -6.424927e-04
       77 -6.229453e-04
       78  2.000540e-05
       79  3.451841e-04
       80  2.124807e-04
       81  4.710498e-05
       82  2.252990e-04
       83  7.050756e-04
       84 -2.130508e-04
       85  2.832218e-04
       86  1.305116e-07
       87 -9.143090e-05
       88  9.007967e-06
       89 -5.731701e-07
       90 -9.304230e-07
       91  7.719762e-05
       92  1.689354e-04
       93 -1.175734e-06
       94 -2.273908e-06
       95  5.542323e-05
       96 -8.218579e-06
       97  3.862886e-05
       98  6.815636e-04
       99  1.380916e-05
      100  2.656285e-04
      101  1.469522e-06
      102 -8.947371e-04
      103 -4.411975e-04
      104 -9.001721e-05
      105 -1.801682e-05
      106 -5.352289e-04
      107 -5.764767e-05
      108 -4.678963e-04
      109 -8.081561e-06
      110 -6.436619e-05
      111 -2.779561e-04
      112  1.423287e-05
      113  3.087268e-06
      114  5.577725e-05
      115  2.638976e-04
      116 -1.163894e-05
      117 -1.680353e-04
      118 -2.830676e-04
      119 -7.340147e-04
      120  1.322894e-04
      121 -1.996921e-04
      122  9.799529e-04
      123  1.540295e-06
      124  2.485237e-04
      125 -6.202495e-06
      126 -5.480538e-06
      127  1.136985e-03
      128  1.411270e-04
      129  3.493920e-05
      130  8.791417e-05
      131 -2.907131e-04
      132 -7.624651e-05
      133  3.008388e-05
      134 -1.190096e-06
      135  2.979489e-06
      136  1.180697e-04
      137 -4.446225e-08
      138 -5.167130e-05
      139 -3.425676e-05
      140  2.384086e-04
      141  4.934128e-05
      142 -1.118525e-05
      143 -1.171467e-05
      144 -2.585377e-04
      145  2.016497e-06
      146  1.333818e-04
      147 -1.311376e-04
      148  7.699189e-04
      149  2.507078e-04
      150  1.466951e-04
      151 -4.640940e-06
      152  1.788658e-04
      153  4.244238e-04
      154  2.021620e-04
      155  6.518870e-05
      156 -1.346772e-05
      157 -2.287462e-05
      158 -6.704342e-06
      159 -2.758001e-04