pos          info
        0 -3.224505e-07
        1 -3.212397e-05
        2 -4.478684e-05
        3  8.962273e-06
        4 -2.360371e-06
        5  4.678636e-05
        6  2.902976e-05
        7  2.339201e-05
        8 -3.275205e-05
        9 -1.448237e-05
       10  1.038152e-06
       11  8.315075e-06
       12  2.747221e-07
       13 -1.512235e-05
       14  3.621476e-05
       15  6.970522e-05
       16  9.754464e-05
       17  3.359907e-05
       18 -1.483911e-06
       19 -1.545168e-05
       20 -1.189904e-05
       21  1.441327e-05
       22  9.738459e-06
       23  1.214285e-05
       24 -8.301285e-06
       25 -7.732952e-05
       26 -7.797736e-05
       27 -2.532904e-05
       28  4.411702e-05
       29  4.622114e-05
       30 -1.200400e-05
       31  6.608472e-06
       32  4.543712e-06
       33  3.764144e-05
       34  9.539183e-07
       35  1.106417e-06
       36 -1.833662e-05
       37  1.781470e-05
       38 -1.349278e-05
       39 -1.747095e-05
       40 -4.278460e-05
       41 -1.546646e-05
       42 -3.394575e-07
       43 -5.484209e-05
       44 -5.692820e-05
       45 -6.810907e-05
       46 -4.121239e-05
       47 -3.966044e-05
       48 -4.448476e-05
       49 -2.347234e-05
       50 -4.389891e-06
       51 -8.854663e-05
       52 -3.349843e-05
       53 -4.902965e-05
       54  2.724637e-05
       55 -3.536109e-06
       56  3.320047e-04
       57  3.583430e-04
       58  3.519718e-04
       59 -3.694257e-06
       60 -2.285915e-05
       61  2.326694e-05
       62  4.501224e-05
       63  4.454128e-05
       64 -3.929211e-06
       65 -1.225116e-05
       66 -7.508919e-06
       67  2.840364e-05
       68  3.555122e-05
       69  2.610961e-05
       70  1.707777e-06
       71  7.696811e-06
       72  8.049659e-06
       73 -3.125296e-05
       74 -8.629928e-05
       75 -8.022887e-05
       76 -3.778552e-05
       77  2.188064e-04
       78  2.254008e-04
       79  2.131099e-04
       80  8.045171e-06
       81  3.205902e-04
       82  2.324397e-04
       83  2.569673e-04
       84 -8.178993e-05
       85 -1.458831e-04
       86 -1.754994e-04
       87 -1.411645e-04
       88 -2.379374e-05
       89 -3.373210e-05
       90 -4.598862e-05
       91 -2.833124e-05
       92 -1.614410e-05
       93  5.986116e-05
       94  7.768740e-05
       95  3.065860e-05
       96  4.600782e-05
       97  7.703570e-05
       98  1.535785e-04
       99  6.261064e-05
      100 -5.349812e-05
      101 -1.604230e-04
      102 -3.328634e-04
      103 -3.316714e-04
      104 -4.230587e-04
      105 -3.303005e-04
      106 -4.877748e-04
      107 -3.026191e-04
      108 -2.234047e-04
      109  2.880769e-07
      110 -1.600009e-05
      111  8.234470e-06
      112  6.082838e-05
      113  4.830122e-05
      114  6.326924e-05
      115 -2.851104e-05
      116 -3.077663e-05
      117 -1.097538e-04
      118  1.859207e-04
      119  2.011976e-04
      120  3.884589e-04
      121  1.497879e-04
      122  1.582810e-04
      123  4.859256e-06
      124 -4.779489e-06
      125  1.068118e-04
      126  1.003401e-04
      127  1.099313e-04
      128 -1.015243e-05
      129 -8.749642e-05
      130 -9.040708e-05
      131 -1.194735e-04
      132 -9.200094e-06
      133 -6.746400e-06
      134  5.272685e-05
      135  3.855324e-05
      136  3.447769e-05
      137  1.280634e-05
      138  2.525408e-05
      139  5.292552e-05
      140  4.417712e-05
      141 -4.072450e-05
      142 -1.394786e-04
      143  2.234912e-05
      144  1.192223e-04
      145  2.186904e-04
      146  1.405073e-04
      147  1.131044e-04
      148  1.474239e-04
      149  6.316092e-05
      150  2.023267e-04
      151  1.651281e-04
      152  1.839615e-04
      153  3.815858e-05
      154 -1.224716e-06
      155 -1.945288e-05
      156  3.221209e-05
      157  0.000000e+00
      158  0.000000e+00
      159  0.000000e+00