pos      val_A      val_C      val_G      val_T
   0  -0.015929  -0.000982   0.039452  -0.022542
   1   0.005818   0.003533   0.009923  -0.019274
   2   0.005007  -0.001057  -0.004638   0.000688
   3   0.009842   0.000340   0.004420  -0.014602
   4  -0.009368   0.016977  -0.009755   0.002147
   5   0.014589   0.018872  -0.029094  -0.004367
   6   0.004585   0.016487   0.022771  -0.043843
   7   0.015158   0.018000  -0.033996   0.000838
   8  -0.029565   0.037286  -0.003726  -0.003995
   9  -0.035210   0.017499   0.006635   0.011077
  10  -0.009944  -0.011154   0.010538   0.010560
  11   0.008466  -0.018744   0.015331  -0.005054
  12  -0.010756   0.015954   0.020517  -0.025716
  13   0.018147  -0.020958   0.009308  -0.006497
  14  -0.023568   0.021045   0.004105  -0.001582
  15   0.003796   0.026727  -0.015920  -0.014602
  16  -0.025492   0.012234   0.011637   0.001621
  17  -0.002498   0.008474   0.002859  -0.008835
  18   0.018072  -0.007364  -0.011199   0.000492
  19   0.008368  -0.006434   0.019904  -0.021838
  20   0.005462   0.003007  -0.008119  -0.000350
  21  -0.014115   0.005548   0.013374  -0.004806
  22   0.006710  -0.016789  -0.007007   0.017086
  23   0.014338   0.003247  -0.008654  -0.008930
  24   0.023864  -0.003616  -0.013999  -0.006249
  25   0.016814  -0.005829  -0.014886   0.003901
  26  -0.003564   0.004810   0.003354  -0.004601
  27   0.002254   0.008369  -0.006997  -0.003626
  28   0.013204  -0.006058  -0.000840  -0.006306
  29   0.015655   0.004488  -0.012062  -0.008081
  30  -0.002797   0.000055   0.012839  -0.010097
  31  -0.024533   0.002444   0.014735   0.007354
  32   0.014316  -0.015213  -0.009555   0.010451
  33  -0.004469   0.024438  -0.019479  -0.000489
  34  -0.016330  -0.025095  -0.001051   0.042476
  35  -0.013237   0.004935  -0.000237   0.008538
  36   0.005335  -0.001296  -0.014420   0.010381
  37   0.023323  -0.006221   0.005191  -0.022292
  38   0.063495   0.009005  -0.039774  -0.032726
  39   0.009783  -0.025422   0.007625   0.008014
  40   0.009155  -0.000464   0.006502  -0.015193
  41  -0.025618   0.024650   0.005310  -0.004342
  42   0.006726   0.029470   0.009105  -0.045300
  43  -0.039907   0.013349   0.020854   0.005704
  44   0.008672  -0.012139  -0.003391   0.006858
  45  -0.006767   0.002301   0.003208   0.001257
  46   0.016866  -0.018661   0.007227  -0.005432
  47   0.020833  -0.014186  -0.005540  -0.001108
  48  -0.000840   0.011349   0.006680  -0.017190
  49  -0.007641  -0.003592   0.010703   0.000530
  50   0.016905  -0.020500   0.004073  -0.000478
  51   0.016864  -0.002202   0.000051  -0.014713
  52   0.001713  -0.028210   0.001956   0.024540
  53  -0.015716   0.027203  -0.016775   0.005289
  54   0.002421  -0.023896   0.013943   0.007532
  55  -0.017620   0.000181  -0.003006   0.020446
  56  -0.024268   0.008332   0.011463   0.004473
  57  -0.023309   0.009086   0.001632   0.012591
  58  -0.045032   0.030112   0.031589  -0.016669
  59  -0.002017   0.006487  -0.023114   0.018643
  60  -0.000809   0.007437   0.010451  -0.017079
  61   0.003043   0.018999  -0.033333   0.011291
  62  -0.032008   0.001767  -0.003895   0.034136
  63  -0.011635   0.000971   0.014407  -0.003743
  64  -0.024128   0.025087  -0.009083   0.008124
  65   0.000176  -0.020043   0.015268   0.004599
  66   0.007857   0.017549  -0.001413  -0.023993
  67  -0.003987  -0.012271   0.015752   0.000507
  68   0.000575  -0.015018   0.006022   0.008422
  69   0.019031   0.021809  -0.016287  -0.024553
  70  -0.011379   0.034356  -0.022606  -0.000371
  71  -0.027140   0.017310   0.013619  -0.003789
  72  -0.007685  -0.000458   0.010506  -0.002363
  73   0.006596  -0.015900  -0.005790   0.015094
  74  -0.026586   0.011685   0.031617  -0.016716
  75   0.010341  -0.002142   0.002536  -0.010735
  76  -0.029080   0.013334   0.022443  -0.006697
  77  -0.002774  -0.002798   0.004535   0.001037
  78  -0.005777   0.013779  -0.005076  -0.002926
  79   0.002321  -0.006673   0.014464  -0.010112
  80   0.035376  -0.013943   0.002199  -0.023632
  81  -0.001404  -0.006829  -0.000174   0.008407
  82  -0.007754   0.013821  -0.016759   0.010691
  83   0.045247  -0.025728  -0.003632  -0.015887
  84   0.009739  -0.011397   0.024265  -0.022607
  85   0.005100  -0.024253   0.013391   0.005762
  86   0.022961  -0.011688  -0.012668   0.001395
  87   0.017569  -0.008921   0.002887  -0.011535
  88   0.016927  -0.005438   0.006860  -0.018349
  89   0.011962  -0.005399  -0.010296   0.003733
  90   0.013682  -0.009208  -0.011813   0.007339
  91  -0.023863   0.029856   0.003251  -0.009244
  92  -0.012440   0.000950  -0.005750   0.017240
  93  -0.019938   0.006633   0.003896   0.009409
  94   0.004184  -0.021890   0.029533  -0.011826
  95   0.002462   0.002170  -0.000827  -0.003805
  96   0.023781  -0.018854   0.003731  -0.008659
  97  -0.017253   0.004640   0.004459   0.008153
  98   0.052325  -0.005385   0.001582  -0.048522
  99   0.014616   0.015417  -0.038707   0.008673
 100   0.004194  -0.011500  -0.009876   0.017183
 101  -0.001934  -0.002765   0.019354  -0.014655
 102   0.035545   0.008307  -0.033802  -0.010050
 103   0.014052   0.001563   0.020033  -0.035648
 104  -0.029406  -0.009676   0.033992   0.005091
 105   0.012264   0.010724   0.004826  -0.027814
 106  -0.035500   0.007718   0.016134   0.011647
 107   0.000969  -0.025592   0.004815   0.019808
 108   0.030180  -0.003284   0.001311  -0.028207
 109   0.008690   0.019176  -0.036332   0.008467
 110   0.017125   0.008622  -0.020727  -0.005019
 111  -0.018474  -0.002674   0.011001   0.010148
 112   0.005815  -0.014345   0.031360  -0.022829
 113  -0.010567   0.016102   0.009202  -0.014737
 114   0.007879  -0.013309  -0.022726   0.028155
 115  -0.002397  -0.005227  -0.009903   0.017527
 116  -0.006330  -0.008788   0.020693  -0.005575
 117  -0.004413   0.003314   0.023029  -0.021930
 118  -0.021056   0.018668   0.006976  -0.004587
 119   0.014357   0.002053   0.019948  -0.036357
 120  -0.027880   0.006085  -0.040627   0.062423
 121  -0.000323   0.001881   0.003939  -0.005497
 122   0.042903  -0.005968  -0.049040   0.012105
 123   0.006174  -0.024671  -0.019686   0.038183
 124   0.007305  -0.013006  -0.024762   0.030463
 125  -0.016602   0.016362   0.015941  -0.015700
 126   0.000850   0.010096   0.008609  -0.019555
 127  -0.049689   0.002060   0.032078   0.015551
 128  -0.006472  -0.009783   0.009600   0.006655
 129  -0.001728   0.003314   0.000383  -0.001969
 130  -0.027299   0.006689  -0.005900   0.026509
 131  -0.007866   0.025641   0.018842  -0.036617
 132  -0.001295   0.000425  -0.018241   0.019111
 133   0.026139  -0.034360  -0.006278   0.014499
 134   0.008800  -0.002552  -0.020944   0.014696
 135   0.006810   0.028365  -0.029684  -0.005491
 136   0.000201   0.001671   0.006454  -0.008326
 137  -0.008496   0.018154  -0.014824   0.005166
 138   0.014661  -0.000999   0.009335  -0.022997
 139  -0.026024   0.014080  -0.010994   0.022938
 140  -0.035274   0.020471   0.009802   0.005001
 141  -0.035464   0.004257  -0.016806   0.048012
 142   0.021207   0.004523  -0.009701  -0.016029
 143   0.007148   0.005205   0.004604  -0.016958
 144  -0.008829   0.008517  -0.021817   0.022129
 145  -0.021919   0.024436  -0.000116  -0.002402
 146  -0.002791   0.020815  -0.023018   0.004993
 147   0.000286  -0.000211   0.006846  -0.006921
 148   0.047523  -0.022339  -0.012956  -0.012228
 149   0.029807   0.017319  -0.038024  -0.009102
 150   0.018367   0.002140  -0.031357   0.010850
 151  -0.015501   0.002289   0.014553  -0.001341
 152   0.011232  -0.000485  -0.013424   0.002677
 153   0.004692   0.025231  -0.005290  -0.024633
 154   0.044733   0.036053  -0.049475  -0.031311
 155  -0.043680   0.035623  -0.017901   0.025958
 156  -0.033700   0.020423   0.016598  -0.003321
 157  -0.019129   0.006736  -0.000350   0.012744
 158   0.018180  -0.020748  -0.005087   0.007656
 159  -0.017595   0.025785  -0.038232   0.030042
 160   0.027017   0.017675  -0.046149   0.001458
 161   0.009536  -0.000836  -0.009350   0.000650
 162  -0.051757   0.014657  -0.025873   0.062973
 163   0.002661   0.018722  -0.025586   0.004202
 164   0.003576   0.022078  -0.015797  -0.009857
 165   0.011260  -0.027943  -0.026831   0.043514
 166  -0.001248   0.025380  -0.016504  -0.007628
 167  -0.000333  -0.003365   0.006874  -0.003176
 168  -0.010640   0.012908   0.005000  -0.007268
 169  -0.001357   0.003744  -0.023679   0.021292
 170  -0.044371   0.013433   0.004356   0.026582
 171   0.000500   0.034207  -0.056418   0.021712
 172  -0.032607   0.029854  -0.017461   0.020213
 173  -0.037877  -0.009838   0.031351   0.016364
 174  -0.031851   0.015357  -0.008978   0.025471
 175  -0.000528  -0.023210   0.036402  -0.012664
 176  -0.061446   0.031499   0.019834   0.010113
 177  -0.028986   0.022800   0.074902  -0.068717
 178  -0.013509   0.000418   0.049024  -0.035932
 179  -0.023871   0.042836   0.027702  -0.046667
