pos          info
        0  1.008023e-04
        1  3.256044e-05
        2  1.581234e-04
        3  8.017011e-05
        4 -1.055404e-05
        5 -3.058839e-07
        6  2.111645e-04
        7 -6.605146e-05
        8 -1.432561e-04
        9 -6.444794e-05
       10 -3.785596e-05
       11 -1.588094e-04
       12  2.189654e-05
       13  2.550264e-05
       14  3.132370e-05
       15  1.099171e-04
       16  5.223805e-05
       17  8.587056e-05
       18  6.658588e-05
       19  1.574929e-06
       20  9.951580e-06
       21  3.463610e-06
       22  3.734667e-05
       23  8.364192e-05
       24  2.789590e-05
       25  1.687256e-04
       26 -6.665578e-07
       27  1.228682e-04
       28  2.120379e-07
       29  5.633291e-05
       30 -2.543393e-06
       31  1.741546e-05
       32  1.144638e-05
       33  3.296567e-04
       34  9.251028e-05
       35 -1.261997e-05
       36 -9.941831e-06
       37 -6.160339e-08
       38 -1.604711e-05
       39 -2.077644e-05
       40 -3.923101e-05
       41  2.539552e-06
       42 -1.584136e-04
       43 -6.271308e-06
       44 -1.504627e-05
       45 -1.061048e-04
       46 -6.431170e-05
       47 -7.367750e-05
       48 -1.664963e-04
       49 -2.318880e-04
       50 -2.685636e-09
       51 -1.826715e-04
       52 -1.776290e-06
       53 -1.575672e-04
       54 -2.856344e-05
       55  5.856950e-05
       56  2.762832e-05
       57  7.709315e-05
       58  4.498961e-04
       59 -1.182303e-04
       60 -6.778478e-06
       61  2.792532e-05
       62  3.207538e-05
       63  3.832791e-04
       64  2.764887e-06
       65 -7.349419e-07
       66 -8.030004e-06
       67  5.654313e-05
       68  4.874673e-05
       69 -3.015103e-04
       70 -9.451847e-05
       71 -6.292884e-05
       72  2.180712e-08
       73 -1.083872e-07
       74 -2.286137e-05
       75 -4.142142e-05
       76 -2.672000e-04
       77  1.732243e-06
       78  8.293312e-06
       79  1.255164e-04
       80  3.415729e-07
       81  2.602487e-06
       82  3.046025e-04
       83  1.440550e-03
       84 -4.065447e-05
       85 -8.865035e-06
       86 -1.055888e-05
       87 -9.812381e-05
       88 -3.436476e-04
       89  2.013951e-05
       90  1.244412e-05
       91  2.080856e-05
       92  1.200530e-04
       93  1.673215e-05
       94 -2.208641e-05
       95 -5.160466e-06
       96  1.206119e-04
       97 -7.080618e-05
       98  4.253632e-04
       99  6.794164e-05
      100  6.588752e-05
      101 -1.431368e-06
      102 -1.526211e-04
      103 -7.251009e-07
      104 -1.588798e-04
      105 -1.883772e-07
      106 -2.634961e-04
      107 -1.621387e-04
      108 -3.823252e-04
      109  9.387671e-05
      110  1.034176e-04
      111  2.754845e-07
      112  1.899885e-04
      113  8.458405e-05
      114  5.725341e-04
      115 -1.967614e-05
      116 -2.218982e-06
      117 -1.150828e-04
      118  8.704519e-08
      119  2.693348e-04
      120  1.517339e-03
      121  6.844384e-06
      122  6.042747e-04
      123  9.169448e-06
      124 -3.510722e-06
      125  3.198464e-05
      126  3.674386e-05
      127  6.345052e-04
      128  7.016795e-06
      129  5.035724e-05
      130  9.557629e-05
      131 -2.578971e-04
      132  3.972233e-05
      133 -3.588701e-07
      134  1.426245e-05
      135  2.778587e-05
      136 -1.326374e-04
      137 -8.228560e-05
      138 -2.306223e-04
      139  5.296013e-10
      140  8.307330e-07
      141  1.728388e-04
      142 -9.359943e-06
      143  4.587611e-05
      144  7.189691e-05
      145  3.969350e-04
      146  9.528064e-05
      147  1.854473e-05
      148  3.929509e-04
      149  4.828310e-05
      150  1.775009e-05
      151  1.269618e-04
      152  3.037506e-04
      153  1.576055e-05
      154  8.414465e-04
      155  7.159417e-05
      156 -8.612272e-06
      157 -2.540194e-05
      158 -2.123338e-05
      159 -1.303294e-06