pos          info
        0 -1.666355e-04
        1 -1.299598e-04
        2  1.225886e-04
        3  1.282763e-04
        4  1.726195e-04
        5  8.750662e-05
        6  1.175534e-04
        7  4.178787e-05
        8  1.283553e-04
        9  7.707761e-05
       10  5.152760e-05
       11 -2.746334e-05
       12 -6.550262e-05
       13 -1.309295e-04
       14 -1.982571e-04
       15 -2.313777e-04
       16 -2.967269e-04
       17 -2.650991e-04
       18 -1.754851e-04
       19  8.518646e-05
       20  1.657007e-04
       21  2.011969e-04
       22  2.192229e-04
       23  1.597021e-04
       24  1.285113e-04
       25  4.354618e-05
       26 -5.796921e-06
       27  4.782900e-05
       28 -1.133324e-04
       29 -7.376128e-05
       30 -1.067430e-04
       31  2.545906e-05
       32  3.533344e-05
       33  1.999702e-04
       34  2.956785e-04
       35  2.555485e-04
       36  9.726693e-05
       37  1.273626e-05
       38  9.664285e-05
       39  1.209198e-04
       40  1.029057e-04
       41  8.164467e-05
       42  3.432883e-05
       43 -1.404512e-05
       44 -7.073069e-05
       45 -8.399481e-05
       46 -7.079101e-06
       47  3.344246e-05
       48 -6.736085e-06
       49  2.333189e-05
       50  1.539933e-05
       51  6.012292e-05
       52  1.356226e-04
       53  3.136768e-05
       54  6.344570e-05
       55 -6.563062e-05
       56  2.793394e-05
       57 -5.849527e-05
       58 -1.181415e-04
       59 -1.045188e-04
       60  7.183606e-05
       61 -1.433300e-04
       62 -6.345563e-05
       63 -1.873467e-04
       64  8.133668e-05
       65  6.630982e-05
       66  6.573127e-05
       67  1.923095e-04
       68  3.841257e-04
       69  3.586043e-04
       70  2.308800e-04
       71 -1.079691e-05
       72  2.135017e-05
       73  2.437693e-05
       74 -5.034091e-05
       75 -5.691706e-05
       76  6.608710e-05
       77  3.216729e-04
       78  5.076931e-04
       79  5.776257e-04
       80 -4.600319e-05
       81 -1.021778e-04
       82 -3.888112e-04
       83  6.468628e-05
       84 -6.766639e-05
       85  2.610058e-05
       86  7.164082e-05
       87  3.321095e-05
       88  3.807890e-05
       89  3.836636e-05
       90  2.406440e-04
       91  2.168225e-04
       92  1.121203e-04
       93 -1.467997e-04
       94 -1.316565e-04
       95 -9.953970e-05
       96  2.374742e-05
       97  1.320430e-04
       98  1.363050e-04
       99  1.092732e-04
      100  3.962001e-07
      101  2.798252e-04
      102 -9.107171e-04
      103 -6.878406e-04
      104 -8.449781e-04
      105  6.425819e-04
      106  6.588121e-04
      107  3.038043e-04
      108  7.998534e-06
      109 -2.690735e-04
      110 -4.045766e-05
      111  7.703954e-05
      112  1.247955e-04
      113  1.379694e-04
      114  1.122851e-05
      115 -3.972576e-07
      116  2.695269e-05
      117 -3.418789e-05
      118  7.639613e-05
      119  2.544633e-04
      120  3.520790e-04
      121  2.454600e-04
      122 -3.632387e-06
      123 -2.228004e-04
      124 -1.817919e-04
      125 -2.232562e-04
      126 -3.030605e-05
      127  4.694287e-06
      128  8.872226e-05
      129  8.767136e-05
      130  6.633662e-06
      131 -5.461111e-06
      132 -7.262085e-06
      133  3.480012e-06
      134  2.684053e-05
      135  3.035076e-05
      136  1.603630e-04
      137  1.212641e-04
      138  8.358141e-05
      139 -2.036772e-04
      140 -1.946757e-04
      141 -2.043964e-04
      142 -7.759394e-05
      143 -6.650006e-05
      144 -4.877476e-05
      145  2.830773e-05
      146  1.014069e-04
      147  1.244026e-04
      148  1.664193e-04
      149  8.396405e-05
      150  1.014748e-04
      151  6.145323e-05
      152  6.650779e-05
      153  2.977349e-04
      154  2.543065e-04
      155  2.857020e-04
      156  5.137014e-05
      157  0.000000e+00
      158  0.000000e+00
      159  0.000000e+00