pos      val_A      val_C      val_G      val_T
   0  -0.004021  -0.012546  -0.002031   0.018597
   1   0.030681  -0.001977  -0.009130  -0.019573
   2   0.001671   0.005797   0.007170  -0.014638
   3  -0.010631   0.000268  -0.005781   0.016144
   4   0.010065  -0.001138   0.002636  -0.011563
   5   0.000475  -0.002559   0.012660  -0.010577
   6  -0.006343   0.016454  -0.001911  -0.008200
   7  -0.009959  -0.017582   0.013902   0.013639
   8   0.000026   0.002446  -0.005970   0.003498
   9  -0.004781   0.014953  -0.003363  -0.006809
  10  -0.004305  -0.006291  -0.022699   0.033295
  11  -0.005525   0.012199   0.018087  -0.024760
  12   0.008700   0.008237  -0.035377   0.018441
  13  -0.008485   0.024673  -0.007583  -0.008604
  14  -0.009341   0.000903   0.017975  -0.009537
  15  -0.002502   0.004835  -0.014434   0.012100
  16   0.001586  -0.002849  -0.009563   0.010827
  17  -0.003054  -0.009468   0.011321   0.001201
  18   0.016458  -0.017660  -0.003939   0.005141
  19   0.014900   0.009482  -0.032885   0.008503
  20   0.000420   0.010092  -0.008111  -0.002401
  21  -0.008408   0.003836  -0.007750   0.012322
  22   0.020284  -0.015119  -0.004874  -0.000290
  23   0.009548  -0.002223  -0.010667   0.003342
  24   0.021106  -0.011207   0.002506  -0.012405
  25   0.012942  -0.009312  -0.010202   0.006573
  26  -0.003012   0.010662  -0.009709   0.002059
  27  -0.006964   0.018449  -0.021485   0.010000
  28  -0.013104   0.010634   0.034111  -0.031640
  29   0.011323  -0.011469   0.002924  -0.002777
  30  -0.000419   0.002066  -0.018964   0.017316
  31   0.021297  -0.001938  -0.013054  -0.006304
  32   0.003135  -0.004109   0.008974  -0.008000
  33  -0.006793   0.013215  -0.009390   0.002968
  34   0.036192  -0.017933  -0.007338  -0.010921
  35   0.004263  -0.002599   0.017230  -0.018893
  36   0.007784  -0.008904  -0.007301   0.008421
  37  -0.015355   0.027896  -0.004491  -0.008051
  38  -0.012012   0.017231  -0.017683   0.012463
  39   0.019585  -0.009885  -0.003335  -0.006365
  40   0.005858   0.000639  -0.007250   0.000753
  41   0.009945  -0.012943   0.004670  -0.001672
  42  -0.001479  -0.014457  -0.002831   0.018767
  43  -0.015163  -0.015558   0.010219   0.020502
  44  -0.003710   0.005169   0.002147  -0.003607
  45   0.002274  -0.014180  -0.002764   0.014670
  46   0.004230  -0.001450  -0.008610   0.005830
  47  -0.009509   0.018231   0.001350  -0.010072
  48   0.008325  -0.001592   0.001551  -0.008283
  49   0.018415  -0.000137   0.002629  -0.020906
  50   0.003029  -0.008509  -0.002171   0.007650
  51   0.009344  -0.004606   0.000631  -0.005370
  52   0.020635   0.003457  -0.017465  -0.006627
  53  -0.002306   0.019181  -0.017068   0.000194
  54  -0.013997   0.022524   0.015665  -0.024192
  55  -0.000760   0.017218  -0.026497   0.010038
  56  -0.004313  -0.009630   0.003459   0.010484
  57  -0.007860   0.004740   0.026477  -0.023357
  58   0.004215  -0.016914  -0.005349   0.018048
  59  -0.014851   0.005733   0.021263  -0.012145
  60   0.005681   0.002405  -0.004444  -0.003643
  61   0.016077  -0.022997   0.014318  -0.007398
  62   0.011060  -0.011615   0.002463  -0.001908
  63  -0.024455   0.056294  -0.007097  -0.024742
  64  -0.009669   0.002645  -0.011825   0.018850
  65   0.003248  -0.006536   0.013651  -0.010362
  66   0.004758   0.012262   0.001193  -0.018213
  67  -0.002939   0.005788   0.004596  -0.007445
  68  -0.008507   0.005673   0.006110  -0.003276
  69   0.009177   0.002738  -0.006392  -0.005523
  70   0.006820  -0.001238  -0.002395  -0.003188
  71   0.014698   0.002881  -0.031567   0.013989
  72  -0.007470   0.007869  -0.010846   0.010446
  73  -0.000222  -0.009391  -0.012693   0.022307
  74   0.008498  -0.020192  -0.007065   0.018759
  75  -0.001668   0.018478  -0.015249  -0.001561
  76  -0.002016   0.015633  -0.008579  -0.005038
  77   0.002623   0.007338  -0.003864  -0.006097
  78  -0.010981  -0.006156   0.033833  -0.016695
  79  -0.020200  -0.002298  -0.017369   0.039866
  80  -0.000811  -0.013609  -0.013837   0.028257
  81  -0.028496  -0.010217   0.056883  -0.018170
  82   0.103622  -0.009902  -0.029734  -0.063985
  83  -0.016338   0.019529   0.003392  -0.006583
  84  -0.005374  -0.010968  -0.017111   0.033453
  85   0.009920  -0.021046   0.018475  -0.007349
  86  -0.005750  -0.008306   0.013099   0.000957
  87   0.011183  -0.005300  -0.002854  -0.003029
  88  -0.001503   0.005478   0.012381  -0.016355
  89   0.005453  -0.015546   0.016260  -0.006168
  90  -0.004886   0.018138   0.000344  -0.013596
  91  -0.007831   0.011629  -0.010592   0.006795
  92  -0.008183  -0.012039   0.030155  -0.009933
  93   0.011610  -0.001526  -0.013660   0.003576
  94  -0.012242   0.013169  -0.014909   0.013982
  95  -0.010118   0.002116   0.007553   0.000450
  96   0.003087   0.025200  -0.016852  -0.011435
  97   0.026037   0.000082  -0.015527  -0.010592
  98   0.001746   0.019207  -0.023619   0.002665
  99  -0.011753  -0.011878   0.056697  -0.033066
 100   0.014882  -0.017884   0.009782  -0.006781
 101   0.013986  -0.022241   0.009840  -0.001585
 102   0.013560   0.007876  -0.016888  -0.004548
 103  -0.011634  -0.020095   0.005784   0.025945
 104   0.158683  -0.012607  -0.022874  -0.123202
 105  -0.003932  -0.011864  -0.013705   0.029501
 106   0.031494  -0.008620  -0.007806  -0.015068
 107   0.046324  -0.017605  -0.008141  -0.020578
 108   0.008173  -0.011485  -0.022422   0.025735
 109  -0.016057  -0.029368   0.021253   0.024172
 110  -0.020226  -0.006957   0.013452   0.013731
 111   0.002009  -0.001840  -0.007320   0.007151
 112  -0.000925   0.007369   0.003586  -0.010030
 113  -0.006636   0.005809  -0.001747   0.002574
 114  -0.014836   0.015154   0.002342  -0.002660
 115   0.007462  -0.001923   0.008228  -0.013767
 116   0.018993  -0.000525   0.001376  -0.019844
 117  -0.000028   0.012620   0.016417  -0.029009
 118  -0.018850   0.001203   0.027131  -0.009484
 119   0.000713  -0.009217   0.017697  -0.009193
 120   0.010250  -0.011552  -0.006743   0.008044
 121   0.006858  -0.001018   0.000658  -0.006498
 122  -0.010307   0.021762  -0.012061   0.000607
 123  -0.013073   0.000767   0.011518   0.000788
 124   0.012613  -0.001821   0.001040  -0.011833
 125  -0.007586   0.028003  -0.024327   0.003910
 126  -0.004774  -0.014046   0.019721  -0.000901
 127  -0.022638   0.001705   0.006236   0.014697
 128  -0.006254  -0.001245   0.002920   0.004579
 129  -0.005332   0.033710  -0.021130  -0.007248
 130   0.013630  -0.011159  -0.008336   0.005865
 131  -0.014243   0.030995  -0.013227  -0.003526
 132  -0.008180   0.003417  -0.002707   0.007470
 133  -0.016311  -0.024336   0.020996   0.019651
 134  -0.019497  -0.001273  -0.003957   0.024728
 135  -0.021634  -0.010297   0.027349   0.004582
 136  -0.003960   0.009510   0.006116  -0.011666
 137   0.005459   0.015956  -0.019048  -0.002367
 138   0.034057  -0.026715  -0.003244  -0.004098
 139   0.007369  -0.002872  -0.010932   0.006435
 140  -0.024355   0.028040  -0.004295   0.000609
 141   0.012291  -0.009878  -0.021269   0.018856
 142  -0.006168  -0.007430   0.010203   0.003395
 143   0.017246  -0.000516   0.000358  -0.017088
 144   0.005785  -0.028709   0.021447   0.001477
 145  -0.002543   0.034057   0.000709  -0.032223
 146   0.011367   0.008687  -0.008996  -0.011057
 147   0.015795  -0.020548  -0.002447   0.007200
 148   0.051940  -0.058841   0.023547  -0.016647
 149  -0.048423   0.004707   0.030267   0.013449
 150  -0.005069   0.001670  -0.009782   0.013181
 151   0.024958   0.006159  -0.014633  -0.016484
 152   0.008137  -0.008058  -0.009835   0.009756
 153  -0.006589  -0.007564  -0.002136   0.016289
 154   0.014281   0.009245  -0.005581  -0.017946
 155  -0.023607  -0.032561  -0.028828   0.084997
 156  -0.032450  -0.025570   0.029701   0.028318
 157  -0.018809  -0.034630   0.058764  -0.005324
 158   0.068223  -0.011558  -0.022041  -0.034624
 159  -0.028185   0.049154  -0.020178  -0.000790
 160   0.015303   0.012185  -0.017583  -0.009905
 161   0.005285  -0.006824   0.008321  -0.006782
 162   0.001794  -0.020362   0.013844   0.004724
 163   0.017423  -0.012893   0.002681  -0.007211
 164   0.015995  -0.004329  -0.008234  -0.003432
 165   0.015955  -0.010144   0.003331  -0.009141
 166   0.008025  -0.026609   0.012866   0.005718
 167   0.011708  -0.021636   0.007420   0.002508
 168   0.024739  -0.024806  -0.001684   0.001751
 169   0.032394  -0.017761  -0.011891  -0.002741
 170   0.038478  -0.018807  -0.032654   0.012983
 171   0.040536  -0.030729  -0.005901  -0.003906
 172   0.045896  -0.016574  -0.022952  -0.006371
 173   0.052268  -0.026820  -0.031307   0.005859
 174   0.051967  -0.025674  -0.028346   0.002053
 175   0.052282  -0.039153  -0.040598   0.027469
 176   0.059458  -0.030700  -0.057699   0.028941
 177   0.059990  -0.034389  -0.075607   0.050006
 178   0.052420  -0.025237  -0.060831   0.033649
 179   0.032958   0.001872  -0.082742   0.047913
