pos          info
        0 -7.570212e-05
        1 -5.797776e-05
        2  3.762068e-05
        3  1.442575e-05
        4 -1.870233e-06
        5 -5.649069e-06
        6 -2.055314e-05
        7 -1.436787e-05
        8 -3.096524e-05
        9 -8.641824e-05
       10 -9.873467e-05
       11  4.224453e-05
       12  9.159103e-05
       13 -2.393358e-05
       14 -1.446980e-04
       15 -1.167184e-04
       16  4.614904e-06
       17 -8.804620e-06
       18 -3.923611e-06
       19  1.897719e-07
       20  1.698910e-05
       21  5.381094e-06
       22  6.690203e-06
       23  6.831321e-07
       24 -1.752419e-05
       25 -1.803348e-05
       26 -1.594556e-05
       27  6.121577e-06
       28  1.566035e-06
       29 -6.631733e-07
       30 -1.095675e-05
       31 -4.022963e-05
       32 -6.121276e-05
       33 -5.831040e-05
       34  1.621934e-05
       35 -3.534712e-05
       36 -2.677132e-05
       37 -8.984180e-05
       38 -6.178241e-06
       39 -7.212340e-05
       40 -3.538017e-05
       41 -4.793621e-05
       42  1.199726e-05
       43 -3.314963e-06
       44  1.707198e-05
       45  1.093906e-04
       46  1.379363e-04
       47  1.943231e-04
       48  1.007753e-04
       49  7.278499e-05
       50  1.149562e-05
       51  5.227568e-05
       52  7.834949e-05
       53  6.889766e-05
       54  2.940997e-05
       55  2.854877e-06
       56  4.621280e-06
       57  5.266021e-06
       58  5.100447e-06
       59  4.420089e-05
       60  4.643668e-05
       61  1.484368e-05
       62 -2.563930e-05
       63 -1.223292e-05
       64  6.295865e-05
       65  1.335136e-04
       66  1.176317e-04
       67  4.642843e-05
       68 -2.352816e-05
       69 -6.190949e-05
       70 -3.445487e-05
       71 -1.045741e-05
       72  4.142037e-05
       73  4.917869e-05
       74  1.993628e-05
       75  5.532059e-05
       76  1.230150e-04
       77  2.896029e-04
       78  2.675994e-04
       79  4.168339e-04
       80 -5.806145e-05
       81 -5.518957e-05
       82 -3.021766e-04
       83  6.098517e-05
       84  2.725964e-05
       85  4.986489e-05
       86  3.554183e-05
       87  4.437525e-05
       88  5.808975e-05
       89  5.411063e-05
       90  2.270843e-04
       91  2.134845e-04
       92  1.318610e-04
       93 -4.912569e-05
       94 -5.351663e-05
       95 -1.246327e-04
       96 -6.531488e-05
       97  8.308651e-05
       98  1.974274e-04
       99  1.521549e-04
      100 -1.607822e-05
      101  2.696719e-04
      102 -5.909791e-04
      103 -5.418187e-04
      104 -8.282659e-04
      105  9.552394e-05
      106  1.100591e-04
      107  1.182119e-04
      108  4.421437e-05
      109 -3.548482e-06
      110 -6.935514e-06
      111  7.310383e-06
      112  2.557538e-05
      113  2.837211e-05
      114 -3.536330e-05
      115 -3.555667e-05
      116  5.828569e-05
      117  1.034009e-04
      118  1.325575e-04
      119  1.026695e-04
      120  1.069118e-04
      121  1.096715e-04
      122  1.400983e-05
      123 -1.116709e-05
      124 -1.529502e-05
      125  1.433684e-05
      126  2.454054e-05
      127 -8.138947e-06
      128  8.803415e-05
      129  4.512103e-05
      130  3.584491e-05
      131 -1.510513e-04
      132 -9.516511e-05
      133 -7.295956e-05
      134  5.295121e-05
      135  7.256932e-05
      136  1.488341e-04
      137  8.676211e-05
      138 -1.674492e-05
      139 -1.978275e-04
      140 -1.693310e-04
      141 -9.196483e-05
      142  2.294352e-05
      143  4.928212e-05
      144  3.116787e-05
      145  6.031097e-05
      146  1.642205e-05
      147  3.858806e-05
      148 -2.678930e-05
      149 -8.204873e-07
      150  2.577804e-05
      151  1.449299e-05
      152  7.073700e-06
      153  1.629945e-04
      154  3.189426e-04
      155  4.444067e-04
      156  4.470638e-04
      157  0.000000e+00
      158  0.000000e+00
      159  0.000000e+00