pos          info
        0 -9.559804e-05
        1 -4.661665e-05
        2 -1.894607e-04
        3 -6.491628e-06
        4 -1.054461e-04
        5 -1.504446e-04
        6  2.248505e-05
        7  5.327324e-05
        8  2.915392e-05
        9  1.629913e-05
       10 -4.536738e-05
       11 -1.131854e-04
       12  1.260390e-04
       13  5.260139e-05
       14  2.184362e-04
       15 -2.057160e-05
       16 -2.823475e-05
       17 -1.290838e-04
       18  4.764895e-05
       19  8.868809e-06
       20  5.438160e-05
       21 -7.539420e-05
       22 -2.678814e-05
       23 -5.017062e-05
       24 -2.178857e-06
       25  1.860950e-06
       26 -1.957500e-09
       27 -4.889465e-07
       28 -3.449986e-05
       29 -3.079756e-05
       30 -6.020504e-05
       31 -4.565623e-06
       32  4.857160e-05
       33  3.093130e-05
       34  6.782467e-05
       35 -1.061321e-04
       36 -3.530329e-05
       37 -6.432605e-05
       38 -1.043355e-04
       39 -7.749281e-07
       40 -4.065038e-05
       41  8.006016e-06
       42  7.350880e-06
       43 -1.104094e-05
       44 -5.996992e-05
       45 -1.203051e-04
       46 -2.389009e-05
       47 -1.770362e-04
       48 -1.072238e-04
       49 -5.125987e-05
       50 -7.192455e-05
       51 -4.383008e-05
       52 -1.856804e-05
       53  3.588068e-05
       54  2.865834e-05
       55  6.246716e-05
       56 -2.691249e-07
       57 -1.649661e-06
       58 -2.153496e-04
       59 -1.010496e-05
       60  3.657820e-06
       61  2.804535e-06
       62 -1.099715e-05
       63 -8.985169e-06
       64 -9.278568e-05
       65 -1.194504e-06
       66 -2.933331e-06
       67 -3.732717e-04
       68 -5.287765e-04
       69 -3.066821e-05
       70 -8.980830e-05
       71 -6.114835e-07
       72  6.499568e-06
       73  5.183188e-06
       74  5.515075e-05
       75  4.100809e-06
       76  1.002098e-05
       77 -8.512520e-05
       78 -2.323267e-05
       79 -2.624866e-04
       80 -1.212495e-04
       81  2.359821e-04
       82 -3.175928e-05
       83 -1.098274e-04
       84 -1.537777e-04
       85 -1.853735e-05
       86 -5.290594e-06
       87 -1.180229e-04
       88 -1.628596e-07
       89  1.185546e-04
       90  1.749018e-04
       91 -2.663290e-04
       92 -3.903025e-05
       93 -2.116891e-04
       94  7.465598e-05
       95  1.235408e-04
       96 -1.545902e-05
       97 -1.849980e-04
       98 -1.767690e-04
       99  1.681417e-05
      100  1.949909e-05
      101  1.777420e-03
      102 -4.344720e-04
      103 -6.124532e-05
      104 -1.092105e-04
      105 -4.873074e-05
      106 -1.172736e-04
      107 -1.573506e-04
      108 -6.792931e-05
      109  4.778836e-05
      110 -1.587244e-05
      111  8.589968e-06
      112  6.884196e-05
      113  1.332688e-04
      114 -8.878208e-05
      115  7.059404e-05
      116 -3.195908e-05
      117 -3.238445e-05
      118 -4.273936e-05
      119 -2.273233e-05
      120 -9.741588e-06
      121 -1.759069e-04
      122  1.159538e-04
      123  8.958655e-06
      124 -4.749749e-05
      125 -6.063361e-05
      126 -6.412156e-05
      127 -5.203026e-08
      128 -9.899009e-05
      129 -3.177234e-05
      130  2.906719e-06
      131  1.012379e-04
      132 -1.745000e-06
      133 -4.938678e-05
      134  3.149588e-08
      135  7.814281e-06
      136 -3.480676e-05
      137 -1.893641e-07
      138 -3.320192e-05
      139 -1.915353e-04
      140  8.061603e-06
      141 -8.894435e-05
      142 -2.678189e-05
      143 -6.109202e-04
      144 -1.817105e-05
      145 -1.523735e-07
      146 -3.187737e-05
      147  5.482177e-06
      148  4.346217e-05
      149  6.391512e-07
      150 -9.913358e-07
      151 -1.360956e-04
      152 -6.493170e-06
      153 -1.658936e-04
      154  3.675060e-07
      155 -2.280177e-05
      156 -1.248945e-04
      157 -5.405694e-05
      158 -1.580419e-05
      159 -9.321870e-07