pos          info
        0 -4.000541e-09
        1 -2.099549e-08
        2 -3.968283e-08
        3 -4.873403e-08
        4 -3.014626e-08
        5 -1.004185e-08
        6 -3.781287e-08
        7 -3.546235e-08
        8 -1.033123e-09
        9  2.239238e-08
       10  3.269403e-08
       11  7.582369e-08
       12  8.877067e-08
       13  1.110296e-07
       14  1.327738e-08
       15  8.928438e-09
       16 -2.271709e-08
       17 -1.736416e-09
       18  5.531971e-09
       19  1.512246e-08
       20  5.433714e-09
       21  2.599760e-08
       22  4.588347e-08
       23  5.554911e-08
       24  4.434750e-08
       25  1.202448e-08
       26 -3.056145e-08
       27 -7.437912e-08
       28 -5.525780e-08
       29  1.209564e-08
       30 -2.735301e-08
       31  3.463664e-09
       32  9.708692e-09
       33  6.673818e-08
       34  1.872930e-08
       35  2.453102e-08
       36  3.234537e-08
       37  5.980148e-08
       38  2.188904e-08
       39  5.685882e-08
       40  3.800810e-08
       41  3.776755e-08
       42  1.158131e-07
       43  1.387207e-07
       44  1.282285e-07
       45  2.033870e-08
       46  2.684024e-08
       47  3.792418e-08
       48  4.027043e-08
       49  1.774151e-08
       50  1.419217e-08
       51 -1.737714e-08
       52 -3.119758e-08
       53 -6.625750e-08
       54 -5.606727e-08
       55 -3.705444e-08
       56 -1.587096e-08
       57  6.098120e-09
       58 -1.433748e-08
       59  9.096110e-08
       60  7.939646e-08
       61  8.079570e-08
       62 -1.277934e-08
       63 -5.584682e-09
       64 -2.568575e-08
       65 -2.032709e-08
       66  9.917057e-09
       67  3.090693e-08
       68  3.376615e-08
       69  3.114771e-09
       70 -1.938696e-08
       71  1.451591e-08
       72  3.871962e-08
       73  1.696840e-08
       74 -1.653813e-08
       75 -3.663525e-08
       76 -2.134720e-08
       77 -3.062475e-08
       78 -3.390312e-08
       79 -2.727599e-09
       80  5.478759e-08
       81  5.616335e-08
       82  2.681791e-08
       83 -7.403367e-08
       84 -7.661255e-08
       85 -5.918396e-08
       86 -7.009336e-09
       87 -1.183715e-07
       88 -9.419180e-08
       89 -9.489119e-08
       90  4.341709e-08
       91  1.775034e-08
       92 -1.181407e-09
       93  8.978826e-09
       94  2.289908e-08
       95  4.019788e-08
       96  5.243287e-09
       97  2.582591e-08
       98  2.501310e-08
       99  7.954225e-08
      100  5.286422e-08
      101  5.085709e-08
      102 -1.230657e-08
      103 -1.038011e-08
      104 -9.641918e-09
      105  1.459718e-09
      106  1.293368e-08
      107  6.606046e-08
      108  1.586708e-07
      109  1.524212e-07
      110  2.190509e-07
      111  1.207677e-07
      112  2.007391e-07
      113  6.934071e-08
      114  5.788033e-08
      115 -2.832356e-08
      116 -8.554841e-09
      117 -7.739435e-09
      118 -1.469578e-08
      119 -1.181332e-08
      120  5.055876e-08
      121  5.713124e-08
      122  4.930063e-08
      123  9.076421e-10
      124  3.415148e-09
      125  5.362201e-09
      126  5.345082e-09
      127  3.073348e-09
      128  2.914733e-09
      129  2.240583e-09
      130  2.923590e-09
      131  2.435215e-08
      132  2.588006e-08
      133  3.322885e-08
      134  2.208739e-08
      135  2.532620e-08
      136  7.693678e-09
      137 -8.379288e-09
      138 -1.512679e-08
      139 -5.615712e-09
      140 -4.371194e-09
      141  5.743850e-08
      142  6.583282e-09
      143  5.302369e-09
      144 -2.477195e-09
      145  7.281335e-08
      146  7.279725e-08
      147  7.493839e-08
      148  4.266784e-08
      149  4.504160e-08
      150  6.048653e-09
      151 -7.723948e-10
      152  6.330888e-10
      153  6.096842e-10
      154  4.164196e-09
      155 -3.732477e-09
      156 -1.801837e-08
      157  0.000000e+00
      158  0.000000e+00
      159  0.000000e+00