pos          info
        0 -4.747894e-05
        1 -1.422123e-04
        2 -7.252510e-06
        3 -1.608643e-05
        4 -4.315992e-05
        5  8.727193e-05
        6 -2.625381e-05
        7 -4.910265e-06
        8 -1.020704e-04
        9 -6.664063e-06
       10 -4.588546e-07
       11 -2.967563e-05
       12  2.715954e-05
       13  1.582638e-07
       14  1.161268e-06
       15  3.803246e-05
       16  3.401544e-05
       17  2.099992e-05
       18  2.132495e-05
       19  2.640856e-04
       20  1.200331e-07
       21  2.419817e-05
       22  2.325230e-05
       23 -8.109099e-07
       24 -1.696932e-05
       25 -8.902574e-05
       26 -8.250191e-06
       27 -1.140657e-05
       28 -5.862053e-07
       29 -2.483237e-05
       30 -5.848745e-06
       31 -8.232426e-05
       32 -2.133944e-07
       33 -1.633251e-05
       34 -3.845704e-06
       35 -1.126196e-05
       36 -1.156804e-05
       37 -2.767827e-06
       38  7.880001e-07
       39 -1.391280e-06
       40  1.956569e-05
       41 -5.303433e-05
       42 -1.021718e-04
       43 -1.745450e-04
       44  3.111861e-06
       45  3.863564e-05
       46 -7.927285e-06
       47 -1.803163e-05
       48 -6.441269e-05
       49  2.817345e-05
       50  2.019316e-04
       51  1.072651e-04
       52  2.331473e-05
       53  1.648311e-04
       54  2.862334e-07
       55  1.761384e-06
       56 -7.424310e-05
       57 -4.731456e-06
       58 -5.160077e-05
       59 -1.077125e-05
       60 -1.108631e-04
       61  2.725725e-05
       62  7.480394e-05
       63  5.572211e-06
       64  1.082190e-07
       65  1.392853e-04
       66  7.181316e-06
       67  1.210327e-09
       68 -1.298344e-04
       69 -1.002880e-05
       70 -8.337536e-05
       71 -6.212266e-07
       72 -4.727910e-05
       73  3.407585e-06
       74  5.726567e-05
       75  1.458015e-04
       76 -6.234303e-06
       77 -9.257505e-06
       78 -3.225058e-05
       79  4.942277e-05
       80  9.423204e-06
       81  3.692360e-05
       82 -1.711980e-07
       83  1.506073e-06
       84  5.993558e-07
       85  8.828702e-05
       86  3.577135e-05
       87 -3.408980e-06
       88  2.072542e-05
       89  1.956469e-05
       90  2.388894e-05
       91  1.333462e-05
       92 -1.678458e-05
       93 -1.265706e-05
       94 -6.670521e-06
       95 -5.198923e-06
       96 -8.409021e-05
       97 -4.592158e-04
       98 -3.267134e-04
       99 -2.912788e-04
      100 -2.583667e-06
      101 -2.621500e-04
      102 -9.523358e-04
      103 -1.596350e-03
      104 -9.141766e-04
      105 -9.483438e-04
      106 -3.739567e-04
      107 -1.453834e-04
      108  6.703114e-05
      109 -2.758451e-05
      110 -4.100306e-05
      111 -2.709412e-06
      112  1.023520e-07
      113  5.022439e-05
      114  9.683779e-05
      115 -4.162274e-06
      116 -6.442641e-05
      117  2.932511e-05
      118  1.760698e-05
      119  1.108700e-05
      120  2.351448e-05
      121 -3.060304e-05
      122 -1.436233e-06
      123 -6.250343e-05
      124 -1.622706e-05
      125 -1.292087e-04
      126 -2.353908e-05
      127 -1.202503e-04
      128 -4.862525e-06
      129 -1.084704e-04
      130 -4.291729e-05
      131 -4.852395e-05
      132  1.050810e-04
      133  1.079819e-06
      134  8.729385e-05
      135  1.999216e-04
      136 -1.505664e-05
      137 -2.347912e-07
      138 -7.719431e-05
      139 -1.900862e-04
      140 -9.645515e-05
      141 -2.720316e-05
      142 -1.841374e-04
      143 -4.160727e-04
      144 -7.417221e-06
      145 -1.154648e-04
      146  9.837007e-06
      147  5.117346e-05
      148  2.054026e-04
      149  1.923813e-04
      150 -2.752631e-06
      151  7.089838e-05
      152  3.445484e-05
      153  3.919567e-05
      154 -3.944743e-05
      155  3.362353e-06
      156  9.738379e-09
      157 -7.679621e-04
      158 -1.973491e-06
      159 -4.114498e-04