pos      val_A      val_C      val_G      val_T
   0  -0.015206   0.016618  -0.019752   0.018340
   1  -0.017316   0.018399   0.006652  -0.007735
   2  -0.013124  -0.004696   0.024057  -0.006237
   3  -0.025367   0.028150   0.016675  -0.019458
   4  -0.016608  -0.011086   0.032496  -0.004802
   5   0.019470  -0.026807   0.014210  -0.006873
   6   0.014711  -0.024489  -0.006016   0.015794
   7  -0.003015  -0.008863   0.009674   0.002203
   8   0.024517  -0.008174   0.003051  -0.019394
   9   0.006108   0.008752  -0.010070  -0.004790
  10  -0.024335  -0.005139   0.001934   0.027540
  11   0.000916   0.013401  -0.014276  -0.000041
  12   0.000856   0.038647  -0.028645  -0.010858
  13  -0.000675  -0.000455   0.000243   0.000886
  14   0.006743  -0.019738   0.007488   0.005507
  15  -0.010627   0.011664  -0.012440   0.011403
  16  -0.012875   0.034037   0.009133  -0.030295
  17  -0.004259   0.003101   0.000070   0.001088
  18   0.001301   0.034000  -0.003061  -0.032240
  19   0.009945   0.004408  -0.021956   0.007603
  20   0.016380  -0.016979  -0.008182   0.008781
  21   0.001032   0.017264  -0.019129   0.000833
  22   0.019886  -0.009328  -0.013455   0.002896
  23   0.007299   0.010583   0.003366  -0.021248
  24  -0.016000  -0.013394  -0.012254   0.041648
  25  -0.008045  -0.006106  -0.026426   0.040577
  26  -0.020721   0.021530   0.004653  -0.005461
  27   0.024919  -0.009199  -0.013190  -0.002530
  28  -0.009177  -0.004339   0.004471   0.009044
  29   0.012219  -0.001384  -0.008114  -0.002721
  30  -0.002830  -0.004951   0.019194  -0.011413
  31  -0.017108   0.003888  -0.006686   0.019906
  32   0.006200   0.007143  -0.007142  -0.006201
  33   0.000475   0.015731  -0.008837  -0.007369
  34   0.009225  -0.014994  -0.008376   0.014145
  35  -0.020534   0.001650   0.007102   0.011782
  36   0.001119   0.007030   0.010478  -0.018626
  37   0.001182  -0.023689   0.032277  -0.009770
  38  -0.004765  -0.008252   0.014495  -0.001478
  39  -0.012271   0.014126  -0.013174   0.011319
  40   0.005707  -0.008249  -0.001597   0.004139
  41  -0.026935   0.001531   0.025352   0.000052
  42  -0.007407  -0.009128   0.007091   0.009445
  43  -0.016144   0.003457   0.028827  -0.016139
  44  -0.016565   0.013327   0.008216  -0.004978
  45  -0.003473   0.010707   0.016098  -0.023332
  46  -0.028950   0.017842  -0.006619   0.017727
  47   0.016763  -0.029688  -0.015119   0.028044
  48   0.004140   0.017652   0.010380  -0.032171
  49   0.008030   0.012113  -0.003486  -0.016656
  50   0.027255  -0.004017  -0.006631  -0.016607
  51  -0.004755   0.006416   0.014067  -0.015728
  52  -0.021187   0.013783   0.013085  -0.005681
  53   0.007534  -0.021402   0.000223   0.013645
  54   0.011755   0.008229  -0.015992  -0.003991
  55  -0.000957  -0.009058   0.004769   0.005247
  56   0.034865   0.002999  -0.018572  -0.019292
  57  -0.003883  -0.006609   0.029510  -0.019018
  58  -0.006873   0.028036  -0.009951  -0.011211
  59  -0.021836   0.007170   0.009505   0.005161
  60   0.041317  -0.028998  -0.000260  -0.012059
  61  -0.001012   0.018559  -0.007666  -0.009881
  62   0.002127  -0.000199   0.011878  -0.013806
  63   0.013423  -0.019424  -0.009163   0.015163
  64   0.014173  -0.010243  -0.015371   0.011441
  65  -0.008458  -0.021366  -0.005580   0.035404
  66   0.022472  -0.000398  -0.000450  -0.021623
  67  -0.000560   0.003141  -0.000206  -0.002374
  68   0.000162   0.009696   0.007950  -0.017808
  69  -0.018815  -0.006733   0.020106   0.005442
  70  -0.004660  -0.002331  -0.008509   0.015501
  71   0.004453  -0.023532   0.002742   0.016337
  72  -0.007239   0.005713  -0.024922   0.026449
  73  -0.005599  -0.011605  -0.001104   0.018308
  74   0.008623  -0.033756   0.019972   0.005160
  75  -0.008786  -0.013308   0.023294  -0.001199
  76  -0.013471   0.002029   0.014885  -0.003444
  77   0.016038  -0.018569  -0.011103   0.013634
  78   0.006148  -0.009623   0.000398   0.003077
  79  -0.000183  -0.007022  -0.000595   0.007801
  80  -0.001770  -0.015589   0.001846   0.015514
  81  -0.032288   0.048563   0.009540  -0.025815
  82  -0.003472  -0.012347  -0.003157   0.018977
  83  -0.006177   0.017342  -0.007113  -0.004052
  84   0.027445  -0.012159  -0.008847  -0.006439
  85   0.020672  -0.017982  -0.032102   0.029411
  86   0.020202  -0.005375  -0.002615  -0.012213
  87  -0.024858   0.004782  -0.006030   0.026106
  88  -0.009677   0.010841  -0.009384   0.008220
  89  -0.025833  -0.001066  -0.007825   0.034724
  90  -0.000899  -0.035023   0.016410   0.019512
  91  -0.014654  -0.001183  -0.004388   0.020225
  92  -0.017547   0.002507   0.025056  -0.010015
  93  -0.016772  -0.000398   0.013929   0.003241
  94   0.029038  -0.006086  -0.015015  -0.007936
  95   0.001254  -0.012679   0.011799  -0.000375
  96   0.030586  -0.026505  -0.006087   0.002005
  97  -0.033435   0.001672  -0.015463   0.047226
  98   0.014100  -0.023810   0.043568  -0.033858
  99  -0.021976  -0.010531   0.008181   0.024326
 100   0.003970  -0.042191   0.030460   0.007761
 101  -0.003013   0.034527  -0.019537  -0.011977
 102  -0.022013  -0.019039  -0.015808   0.056861
 103   0.093532  -0.035791  -0.020311  -0.037429
 104  -0.077434   0.009303  -0.003563   0.071693
 105   0.071269  -0.016868  -0.027790  -0.026611
 106  -0.019352   0.030882  -0.025914   0.014385
 107   0.000335  -0.027775  -0.009011   0.036452
 108   0.019252  -0.003659  -0.019545   0.003951
 109   0.011644   0.003270  -0.005732  -0.009183
 110   0.022396  -0.022345  -0.014515   0.014463
 111   0.000229   0.014092  -0.023203   0.008881
 112   0.013351  -0.021600  -0.007661   0.015910
 113   0.014046  -0.030396  -0.006445   0.022795
 114   0.002983  -0.008545  -0.000636   0.006198
 115  -0.003083  -0.006401   0.003657   0.005827
 116  -0.003518   0.013101  -0.005459  -0.004124
 117   0.007141   0.000453   0.009656  -0.017250
 118  -0.028545  -0.007348   0.017127   0.018766
 119  -0.019459  -0.003943   0.001021   0.022381
 120   0.027419  -0.019206   0.005121  -0.013334
 121  -0.014812   0.004689   0.011122  -0.001000
 122  -0.020524   0.012427   0.002820   0.005277
 123   0.012502  -0.009076   0.004744  -0.008170
 124   0.025460  -0.023804   0.003682  -0.005338
 125   0.001056  -0.012116  -0.012026   0.023086
 126   0.006620   0.003410   0.000718  -0.010748
 127   0.010725   0.017416  -0.017590  -0.010551
 128   0.035411   0.009278  -0.018839  -0.025851
 129   0.005506   0.002962   0.001789  -0.010257
 130  -0.011383   0.009249   0.004089  -0.001954
 131  -0.011556  -0.004507   0.026790  -0.010727
 132  -0.002786  -0.014485  -0.004236   0.021507
 133  -0.026770   0.013828  -0.004163   0.017104
 134   0.019467   0.012774  -0.047297   0.015056
 135  -0.012535   0.022829  -0.034027   0.023732
 136   0.016950  -0.002834  -0.009817  -0.004299
 137  -0.003560  -0.001449   0.009932  -0.004923
 138   0.035476  -0.013146  -0.011922  -0.010408
 139   0.010474  -0.005929  -0.001863  -0.002683
 140   0.001677  -0.024617   0.013111   0.009830
 141   0.014862  -0.008337  -0.007025   0.000500
 142   0.012294   0.005757  -0.026293   0.008242
 143  -0.030367  -0.016079  -0.010780   0.057227
 144  -0.019834   0.010644   0.008860   0.000331
 145   0.020401  -0.013677  -0.005576  -0.001148
 146  -0.044608  -0.008696   0.002271   0.051034
 147   0.004530  -0.008139   0.011003  -0.007394
 148   0.007246  -0.028043   0.018722   0.002075
 149  -0.028973  -0.003728   0.002583   0.030118
 150  -0.026966   0.011902   0.003080   0.011984
 151  -0.010912  -0.001446   0.021901  -0.009543
 152   0.009217  -0.009741   0.000644  -0.000120
 153  -0.008705   0.023869  -0.006693  -0.008471
 154  -0.015184  -0.014781  -0.009319   0.039284
 155   0.010258  -0.009965  -0.002618   0.002325
 156   0.009952  -0.004279  -0.000087  -0.005586
 157   0.065768  -0.026418  -0.050406   0.011057
 158   0.012933   0.016690  -0.008646  -0.020976
 159   0.027823  -0.012410  -0.012099  -0.003314
 160  -0.009552  -0.035857   0.051112  -0.005703
 161   0.016194  -0.026710   0.050590  -0.040074
 162   0.014127   0.006262   0.002085  -0.022475
 163  -0.005857   0.010444   0.019836  -0.024423
 164   0.010727  -0.036743   0.031358  -0.005342
 165   0.010010   0.016633   0.039051  -0.065693
 166   0.000528  -0.027931   0.025898   0.001506
 167  -0.013394  -0.019397   0.031027   0.001765
 168   0.022796   0.002780  -0.008970  -0.016606
 169   0.008777   0.014022   0.007574  -0.030373
 170   0.003120   0.007039   0.013644  -0.023804
 171   0.042050  -0.031155   0.005931  -0.016827
 172   0.007323  -0.026864   0.009499   0.010042
 173   0.063574  -0.024200  -0.019972  -0.019402
 174   0.017654  -0.010901  -0.012853   0.006100
 175   0.036079  -0.017082  -0.028022   0.009025
 176   0.040937  -0.010964  -0.029781  -0.000192
 177   0.047534   0.009605  -0.045028  -0.012111
 178   0.016993  -0.020027  -0.022105   0.025139
 179   0.059079  -0.020191  -0.069809   0.030921
