pos          info
        0 -4.836393e-06
        1 -3.035568e-04
        2 -5.964666e-05
        3  1.003119e-05
        4 -7.548805e-06
        5  6.017148e-05
        6 -9.189431e-06
        7  1.718509e-04
        8 -1.332231e-04
        9  1.457485e-05
       10 -1.969456e-04
       11 -1.937921e-04
       12  5.659528e-05
       13  5.064729e-04
       14  8.254793e-04
       15 -4.188228e-06
       16  2.223880e-04
       17 -6.567731e-05
       18  1.142470e-04
       19  1.795951e-04
       20  6.838336e-05
       21 -2.123979e-04
       22  1.223470e-04
       23  1.928462e-06
       24  1.708938e-04
       25 -4.280359e-04
       26 -1.149557e-04
       27 -1.413129e-04
       28  8.886769e-06
       29  4.549012e-05
       30 -8.614395e-07
       31 -3.583644e-05
       32  9.446640e-05
       33 -1.708882e-04
       34 -2.027757e-04
       35 -4.812762e-06
       36 -9.355671e-05
       37  7.043790e-07
       38  3.882688e-06
       39  2.781541e-06
       40 -1.282365e-04
       41  8.218072e-05
       42 -5.526399e-09
       43 -1.449520e-04
       44 -1.902606e-04
       45  1.278167e-05
       46 -2.366377e-05
       47 -3.690436e-06
       48 -6.014294e-05
       49  1.181810e-04
       50 -2.341620e-04
       51  1.186871e-04
       52  7.357410e-07
       53  8.607829e-06
       54 -2.398316e-04
       55 -3.247294e-04
       56  8.767654e-04
       57 -1.502353e-04
       58  1.676936e-06
       59 -1.032647e-04
       60 -3.488562e-04
       61  1.265418e-06
       62  2.421284e-04
       63 -2.349209e-05
       64 -2.012155e-06
       65  6.580283e-05
       66  7.387817e-05
       67 -1.315879e-06
       68  5.748495e-04
       69 -3.024923e-05
       70 -1.226031e-04
       71  2.257709e-05
       72  5.621855e-06
       73 -6.153850e-05
       74  5.776112e-04
       75  2.277857e-06
       76 -1.959003e-04
       77 -9.445016e-08
       78 -8.565461e-07
       79  3.962608e-04
       80  8.537998e-06
       81  6.389452e-04
       82 -1.238170e-05
       83  3.884247e-04
       84  4.691912e-04
       85  4.862185e-04
       86  2.228481e-04
       87  5.594419e-06
       88 -1.478108e-05
       89  3.748356e-05
       90  3.713238e-05
       91 -5.464857e-06
       92 -1.190091e-04
       93 -1.970146e-05
       94 -3.635576e-05
       95 -8.092917e-05
       96  3.455802e-04
       97 -1.967412e-05
       98 -8.897924e-05
       99  3.105877e-04
      100 -8.112637e-08
      101  5.139584e-04
      102  1.592601e-07
      103  7.363137e-06
      104 -5.609253e-06
      105 -1.504153e-04
      106  1.089873e-05
      107  5.438159e-04
      108  5.997027e-05
      109  6.870663e-05
      110 -8.761091e-05
      111  3.936272e-04
      112  1.582451e-06
      113  3.980588e-04
      114  3.353613e-04
      115  4.871323e-05
      116 -2.160353e-05
      117  4.265558e-05
      118  1.830777e-04
      119 -1.046071e-03
      120  9.526714e-05
      121  1.260480e-04
      122 -8.725954e-04
      123  4.143490e-06
      124  3.434235e-05
      125 -1.854607e-04
      126 -6.474148e-05
      127 -5.053205e-05
      128  9.538983e-05
      129  3.536897e-07
      130  2.233592e-06
      131 -3.203796e-05
      132 -1.427820e-05
      133 -1.001167e-04
      134  1.587887e-03
      135 -2.934492e-07
      136  4.724456e-05
      137  4.008888e-05
      138  5.667092e-06
      139 -9.827229e-05
      140 -7.277034e-06
      141  1.121595e-08
      142  6.473376e-05
      143  5.275475e-05
      144  3.638619e-05
      145  1.665129e-04
      146 -3.770678e-05
      147 -9.055034e-05
      148  7.348559e-05
      149  1.777262e-04
      150 -1.366273e-05
      151 -1.543144e-05
      152  1.415694e-04
      153 -2.440056e-04
      154  1.914456e-05
      155  1.119810e-04
      156 -9.482064e-06
      157  2.028952e-03
      158 -1.342768e-04
      159 -1.714169e-05