pos          info
        0  2.749706e-05
        1  1.076051e-05
        2  2.870779e-05
        3  8.063980e-06
        4 -4.480317e-05
        5 -6.237421e-05
        6  9.122572e-06
        7  7.362950e-05
        8  2.593353e-04
        9  2.337391e-04
       10  2.338505e-04
       11 -4.494859e-05
       12 -5.839399e-05
       13 -8.588521e-05
       14  1.789125e-05
       15 -8.327747e-05
       16 -7.592956e-05
       17 -2.859093e-05
       18  5.690943e-05
       19  7.912152e-05
       20  2.071393e-05
       21  2.207855e-05
       22 -4.721775e-07
       23  4.991145e-05
       24  8.298967e-05
       25  8.485272e-05
       26  1.780310e-05
       27  8.225603e-05
       28  8.056099e-05
       29  1.128525e-04
       30  2.247937e-05
       31  1.182776e-05
       32  6.265882e-05
       33  5.893420e-05
       34  6.927190e-05
       35  1.869671e-05
       36  3.243096e-05
       37  3.694531e-05
       38  6.005353e-05
       39  3.242417e-05
       40  5.912877e-05
       41  2.124448e-05
       42  3.975868e-05
       43  9.155824e-06
       44  5.722972e-06
       45 -3.163427e-05
       46  3.562980e-05
       47  1.663589e-05
       48 -1.540715e-05
       49 -2.765466e-05
       50  1.044939e-05
       51  1.242285e-04
       52  6.938862e-05
       53  3.815453e-05
       54  6.334938e-05
       55  5.703905e-05
       56  6.879482e-05
       57 -1.357080e-05
       58 -1.517007e-05
       59 -1.205838e-05
       60 -6.577164e-06
       61  2.882714e-06
       62  2.955050e-05
       63 -1.264156e-04
       64 -1.203190e-04
       65 -1.452795e-04
       66 -5.063764e-05
       67 -5.269814e-05
       68 -2.459126e-05
       69  9.652479e-05
       70  1.682140e-04
       71  1.735479e-04
       72  1.183275e-04
       73  1.453746e-04
       74  1.163089e-04
       75  1.237580e-04
       76  2.077205e-05
       77  1.693369e-04
       78  2.875144e-04
       79 -7.848504e-04
       80 -2.619888e-04
       81  5.952011e-04
       82  2.846438e-03
       83  2.898000e-03
       84  1.464060e-03
       85  4.172088e-04
       86 -2.861441e-04
       87  2.269522e-04
       88  1.473061e-04
       89  1.406996e-04
       90  9.269341e-05
       91 -6.491685e-05
       92 -1.225394e-04
       93 -1.145440e-04
       94 -1.742464e-04
       95 -4.116747e-04
       96 -4.346239e-04
       97  1.820715e-05
       98  2.909947e-04
       99  8.135500e-05
      100 -4.324203e-04
      101 -3.102960e-04
      102  7.752881e-04
      103  2.156407e-03
      104  1.922595e-03
      105  8.234147e-04
      106  4.195282e-05
      107  1.166484e-03
      108  1.560968e-03
      109  1.179871e-03
      110 -1.545453e-04
      111 -4.899082e-04
      112 -4.839131e-04
      113 -1.715851e-04
      114 -3.506903e-05
      115 -3.041094e-05
      116 -5.990923e-05
      117 -4.977384e-05
      118 -1.210712e-04
      119 -9.625811e-05
      120 -7.971764e-05
      121 -1.893948e-04
      122 -1.787985e-04
      123 -2.497177e-04
      124 -1.122517e-04
      125 -7.457895e-05
      126  4.757861e-05
      127  9.662038e-05
      128  9.383877e-05
      129  7.815027e-06
      130 -2.723664e-06
      131 -6.099240e-05
      132  1.405396e-04
      133  1.269400e-04
      134  9.592431e-05
      135 -8.696046e-05
      136 -7.257310e-05
      137  3.343060e-05
      138 -2.107806e-04
      139 -9.180902e-05
      140 -2.668907e-04
      141 -4.501315e-05
      142 -1.521521e-04
      143 -9.401087e-05
      144 -7.078597e-05
      145  3.176339e-05
      146  1.473648e-04
      147  1.599805e-04
      148  8.079246e-05
      149  3.827670e-05
      150  5.446425e-05
      151 -4.210786e-06
      152 -1.054938e-04
      153  2.328018e-06
      154  4.294725e-05
      155  2.233694e-05
      156 -1.090691e-04
      157  0.000000e+00
      158  0.000000e+00
      159  0.000000e+00