pos      val_A      val_C      val_G      val_T
   0   0.016013  -0.018669  -0.009720   0.012375
   1   0.005717  -0.030666   0.005712   0.019237
   2  -0.049613   0.034771   0.015976  -0.001134
   3  -0.012150   0.021532   0.005105  -0.014488
   4  -0.024879   0.015317   0.017247  -0.007685
   5  -0.006601  -0.021200   0.013568   0.014234
   6   0.013516   0.002709  -0.030132   0.013907
   7  -0.005202   0.018527  -0.004125  -0.009200
   8   0.019238  -0.004021   0.006914  -0.022131
   9   0.015711  -0.007929  -0.021832   0.014050
  10   0.031307  -0.051462  -0.019181   0.039336
  11  -0.002047   0.014416   0.004975  -0.017345
  12  -0.030942   0.019142   0.009997   0.001802
  13   0.003360   0.032133  -0.053843   0.018350
  14  -0.019608   0.003736  -0.011374   0.027247
  15  -0.023932   0.010018   0.009382   0.004532
  16   0.013285   0.022464  -0.010085  -0.025664
  17  -0.008313  -0.021672  -0.014205   0.044190
  18  -0.007516   0.008976  -0.008856   0.007397
  19   0.006460   0.018234  -0.003229  -0.021466
  20   0.006420   0.014058  -0.001333  -0.019145
  21  -0.009595  -0.020458   0.029230   0.000823
  22  -0.015903   0.010903  -0.001482   0.006482
  23   0.000686  -0.001030   0.015762  -0.015418
  24  -0.037593   0.017090   0.006286   0.014217
  25   0.007958  -0.000772  -0.030311   0.023126
  26   0.016886  -0.015867  -0.011464   0.010444
  27   0.004594  -0.012686   0.023912  -0.015820
  28   0.009500  -0.003100  -0.011401   0.005001
  29  -0.021206  -0.007569   0.000336   0.028439
  30  -0.011097   0.015989  -0.001996  -0.002896
  31   0.003913  -0.000461   0.005249  -0.008700
  32  -0.013145   0.024949  -0.007018  -0.004786
  33   0.015270   0.005999  -0.008115  -0.013154
  34   0.037018   0.009408  -0.018797  -0.027628
  35  -0.001945   0.000375  -0.019983   0.021553
  36   0.013390  -0.003787  -0.014263   0.004660
  37   0.009497   0.013815  -0.002411  -0.020901
  38  -0.017454  -0.023852   0.013246   0.028059
  39   0.000618   0.008702  -0.019856   0.010536
  40  -0.009597  -0.010465   0.022509  -0.002447
  41  -0.016502  -0.005887   0.026974  -0.004585
  42   0.012902  -0.004549   0.023759  -0.032111
  43  -0.007849   0.005685  -0.010065   0.012230
  44   0.004800   0.006277   0.022795  -0.033872
  45   0.021896  -0.015754  -0.022440   0.016299
  46  -0.019141   0.010085  -0.004011   0.013067
  47  -0.003194   0.021868  -0.017532  -0.001142
  48  -0.016504   0.007377   0.010002  -0.000875
  49   0.011223   0.012175  -0.006404  -0.016994
  50   0.014026  -0.013177  -0.000662  -0.000188
  51  -0.030171  -0.006176   0.008449   0.027897
  52  -0.012415   0.007047   0.002512   0.002857
  53  -0.015760  -0.019131   0.020720   0.014171
  54  -0.006317   0.019276  -0.018250   0.005291
  55  -0.023970   0.011157   0.020556  -0.007743
  56  -0.005963  -0.014053   0.005977   0.014039
  57  -0.019381   0.027401  -0.003098  -0.004922
  58  -0.000788   0.019178  -0.010824  -0.007567
  59  -0.010426  -0.023127   0.013835   0.019719
  60   0.003662   0.011793   0.007943  -0.023398
  61   0.023491  -0.030925   0.007843  -0.000409
  62   0.003112  -0.000733   0.015952  -0.018331
  63  -0.004044  -0.000039  -0.002913   0.006996
  64  -0.027771   0.014174   0.010430   0.003167
  65   0.006570  -0.022506   0.032452  -0.016516
  66  -0.008071   0.027547  -0.010145  -0.009331
  67   0.008459   0.006850  -0.013348  -0.001961
  68   0.028855   0.012012  -0.026172  -0.014695
  69   0.001480  -0.008922  -0.002712   0.010154
  70   0.006412  -0.011285  -0.015493   0.020367
  71  -0.026326   0.018767   0.000186   0.007373
  72  -0.016114   0.010343   0.039509  -0.033738
  73   0.016874  -0.000482   0.005021  -0.021413
  74  -0.023766  -0.001035   0.017890   0.006911
  75   0.013503   0.008686   0.002654  -0.024843
  76  -0.037081   0.013845  -0.009713   0.032949
  77  -0.034682   0.033386   0.015303  -0.014007
  78   0.006914  -0.035774   0.019818   0.009042
  79  -0.013860   0.029947  -0.041268   0.025181
  80  -0.035888  -0.002737   0.006779   0.031845
  81   0.041864   0.043698   0.114668  -0.200230
  82   0.031865   0.018576   0.022764  -0.073206
  83   0.028331   0.027376  -0.093424   0.037717
  84  -0.104559   0.029455   0.044069   0.031034
  85   0.003996  -0.071674   0.026495   0.041183
  86  -0.114160   0.038766   0.072583   0.002810
  87  -0.015695  -0.001380   0.012892   0.004183
  88  -0.024167  -0.009458   0.019648   0.013977
  89   0.008687   0.003253   0.003679  -0.015620
  90   0.003101   0.021708  -0.024043  -0.000766
  91   0.016128  -0.015721   0.002087  -0.002494
  92   0.011790   0.023256  -0.018746  -0.016300
  93  -0.001140   0.009951  -0.040766   0.031954
  94   0.010684  -0.045693   0.030485   0.004524
  95   0.022043   0.036663  -0.019564  -0.039142
  96  -0.007764   0.046678  -0.045326   0.006412
  97  -0.037632   0.058418  -0.017179  -0.003607
  98   0.004497   0.005177  -0.010173   0.000500
  99   0.007944   0.015004   0.034672  -0.057621
 100   0.000793   0.011643  -0.041316   0.028881
 101  -0.011549   0.049042  -0.014545  -0.022948
 102   0.049584   0.035807  -0.050897  -0.034494
 103  -0.007886   0.015868  -0.024519   0.016538
 104   0.030437   0.035360   0.010253  -0.076050
 105  -0.109802   0.041395   0.051754   0.016652
 106  -0.020691   0.038106   0.023017  -0.040433
 107  -0.062506   0.055665   0.021888  -0.015047
 108  -0.069711   0.035361  -0.001199   0.035549
 109   0.031529   0.037609   0.033666  -0.102805
 110  -0.056215   0.032241   0.003035   0.020939
 111  -0.022437   0.011206   0.007066   0.004164
 112  -0.015204   0.070644  -0.058510   0.003069
 113  -0.032421  -0.043093   0.056538   0.018976
 114  -0.002491   0.008509   0.027217  -0.033235
 115   0.024928   0.021685  -0.011686  -0.034926
 116   0.006442   0.012158  -0.023134   0.004535
 117  -0.009169   0.030878  -0.016006  -0.005704
 118  -0.001180  -0.001235  -0.029167   0.031581
 119  -0.020516   0.015010  -0.008708   0.014214
 120  -0.041623   0.024786  -0.008264   0.025100
 121   0.007155   0.027548  -0.011729  -0.022973
 122  -0.028246   0.040585  -0.017007   0.004668
 123   0.003487  -0.002115  -0.041027   0.039655
 124  -0.003959   0.004506  -0.007372   0.006825
 125  -0.024327   0.038523  -0.030875   0.016679
 126   0.005706   0.041345  -0.040046  -0.007004
 127  -0.003118   0.031145   0.003024  -0.031051
 128  -0.016544   0.037608  -0.026889   0.005825
 129   0.000343   0.009203  -0.025989   0.016443
 130  -0.011917   0.014257  -0.004829   0.002489
 131  -0.010820   0.025784  -0.011321  -0.003643
 132  -0.000526   0.009314  -0.001793  -0.006994
 133  -0.009519   0.020036  -0.033686   0.023169
 134   0.008986   0.019029  -0.030407   0.002393
 135   0.012380   0.005138   0.002832  -0.020350
 136   0.028011   0.001927  -0.039169   0.009231
 137  -0.002962   0.014025  -0.020546   0.009483
 138   0.009937   0.027497  -0.028424  -0.009009
 139  -0.020387  -0.003174  -0.003132   0.026693
 140  -0.018585   0.056089  -0.005908  -0.031597
 141  -0.031742   0.021062  -0.012527   0.023206
 142   0.006484   0.025562  -0.019733  -0.012313
 143   0.007914   0.028508  -0.002441  -0.033981
 144  -0.017479   0.013549  -0.001844   0.005775
 145   0.001413   0.036675  -0.017916  -0.020171
 146  -0.024020  -0.019753   0.020566   0.023207
 147  -0.036839   0.017217   0.011641   0.007980
 148   0.017802  -0.013815   0.010881  -0.014868
 149   0.023656  -0.003281  -0.017438  -0.002937
 150   0.015287   0.012757  -0.004104  -0.023940
 151   0.005699   0.000821  -0.010130   0.003610
 152  -0.023836   0.014432   0.018814  -0.009410
 153   0.015654   0.026180  -0.051375   0.009541
 154   0.040770   0.003035   0.005240  -0.049045
 155  -0.024177   0.006850   0.013600   0.003727
 156   0.010018   0.002654  -0.013729   0.001058
 157   0.011613   0.013798  -0.015287  -0.010125
 158   0.015464   0.024770  -0.035885  -0.004348
 159   0.010023   0.020968  -0.033735   0.002744
 160   0.009908   0.026713  -0.039313   0.002692
 161   0.005492   0.013837  -0.022974   0.003645
 162  -0.005478   0.012187  -0.023027   0.016318
 163   0.000954  -0.001443  -0.014085   0.014574
 164   0.007713   0.005933  -0.030393   0.016747
 165   0.003852   0.013247  -0.020583   0.003484
 166  -0.008510   0.011348  -0.010516   0.007677
 167  -0.000580   0.007239  -0.014050   0.007391
 168  -0.013973   0.007045   0.000244   0.006684
 169   0.001395   0.008518  -0.018993   0.009081
 170  -0.014439   0.019450  -0.006142   0.001131
 171  -0.036969   0.013586   0.006879   0.016504
 172  -0.020158   0.020350   0.006001  -0.006194
 173  -0.012063   0.011897  -0.005317   0.005483
 174  -0.011222   0.018039   0.004020  -0.010837
 175  -0.029012   0.013948   0.013617   0.001446
 176  -0.019459   0.031622   0.012454  -0.024617
 177  -0.010384   0.021822   0.013597  -0.025034
 178  -0.021829   0.016773   0.030628  -0.025572
 179  -0.035098  -0.003462   0.046521  -0.007961
