pos          info
        0  3.708902e-03
        1 -6.160804e-04
        2  3.914767e-03
        3  1.251163e-03
        4  3.600933e-04
        5 -6.155032e-04
        6 -1.603823e-04
        7 -1.183377e-03
        8 -1.673437e-04
        9 -1.148434e-03
       10 -5.279770e-03
       11 -2.592727e-03
       12  5.667640e-05
       13  1.111082e-05
       14  3.246764e-04
       15  1.288473e-05
       16 -2.955278e-04
       17 -1.068083e-04
       18  7.321379e-05
       19  8.914811e-04
       20  2.551194e-03
       21  3.743707e-04
       22 -4.187922e-04
       23 -5.187549e-04
       24 -1.177456e-03
       25 -4.580443e-04
       26  2.010541e-07
       27 -1.371828e-03
       28 -1.593354e-04
       29 -1.024342e-02
       30 -3.265160e-03
       31 -2.757228e-03
       32  7.732759e-04
       33  1.318697e-03
       34  8.291893e-04
       35 -4.003560e-03
       36 -1.471041e-03
       37 -2.528552e-03
       38 -5.007202e-03
       39 -3.335580e-04
       40 -1.108998e-05
       41 -2.056510e-03
       42 -8.215809e-05
       43 -9.128008e-04
       44 -2.083198e-03
       45 -8.395807e-04
       46 -1.798526e-03
       47 -1.121414e-05
       48  6.515258e-03
       49  1.112818e-03
       50 -1.246543e-02
       51 -6.395555e-03
       52 -1.630448e-02
       53 -1.112993e-02
       54 -2.662910e-04
       55 -8.446286e-05
       56 -1.540671e-06
       57  9.941541e-03
       58 -1.327834e-04
       59  3.592775e-03
       60 -1.096967e-03
       61 -8.272968e-04
       62 -5.200961e-03
       63  1.266191e-03
       64  3.689990e-03
       65  9.318351e-04
       66 -2.176746e-05
       67  2.138331e-04
       68  1.765228e-04
       69  2.222094e-03
       70  7.020599e-03
       71  7.392882e-04
       72  1.532700e-03
       73  8.181726e-04
       74 -3.801697e-03
       75 -2.961353e-05
       76  1.288944e-03
       77  3.466199e-04
       78 -3.508595e-03
       79 -6.754575e-03
       80 -1.509809e-02
       81 -5.889538e-03
       82 -1.141271e-02
       83  9.823299e-03
       84 -5.824069e-04
       85 -4.494425e-03
       86 -3.511389e-03
       87 -4.341337e-03
       88  1.358488e-03
       89  3.044899e-04
       90 -2.446995e-03
       91  3.418108e-03
       92  2.339893e-03
       93  3.932591e-04
       94  3.426964e-04
       95  3.889168e-07
       96 -2.696779e-03
       97  2.521443e-03
       98  2.932793e-03
       99 -8.783218e-03
      100 -1.720375e-03
      101 -6.042306e-03
      102  6.135977e-04
      103  5.412024e-03
      104  2.374843e-02
      105 -1.714677e-04
      106 -7.604795e-04
      107 -8.230330e-04
      108 -8.323993e-03
      109 -8.159034e-03
      110 -3.392387e-04
      111 -1.107168e-04
      112 -8.491096e-03
      113 -3.619640e-03
      114 -3.005679e-03
      115 -2.911975e-04
      116  1.356203e-04
      117 -1.364472e-04
      118 -6.338969e-04
      119 -5.835421e-04
      120 -2.434021e-04
      121 -4.644604e-07
      122 -5.287154e-03
      123 -2.977280e-04
      124 -8.326775e-03
      125 -3.712086e-04
      126 -3.028902e-03
      127  3.532636e-05
      128  6.206919e-04
      129  1.652808e-03
      130 -9.561264e-07
      131 -3.591562e-03
      132 -3.696733e-03
      133 -7.298828e-03
      134 -2.170782e-03
      135 -2.631526e-03
      136 -1.270788e-03
      137 -2.102524e-03
      138  2.150955e-03
      139  3.317554e-03
      140  1.289438e-02
      141 -3.690687e-04
      142 -4.365150e-03
      143 -2.074768e-03
      144  6.051403e-03
      145 -1.458633e-04
      146 -1.444957e-03
      147 -8.279142e-03
      148 -1.504997e-03
      149 -2.097512e-05
      150 -2.106699e-03
      151 -1.184483e-03
      152 -8.366860e-03
      153 -3.800911e-03
      154 -3.071114e-04
      155 -1.925789e-04
      156 -9.292906e-04
      157 -3.638277e-03
      158 -3.746945e-05
      159 -1.569624e-03