pos          info
        0  2.255924e-04
        1 -3.805079e-05
        2  2.432796e-04
        3  7.976947e-05
        4  2.415080e-05
        5 -3.847594e-05
        6 -1.038094e-05
        7 -6.897739e-05
        8 -1.059773e-05
        9 -6.780545e-05
       10 -3.467221e-04
       11 -1.679364e-04
       12  3.340371e-06
       13  1.885693e-06
       14  2.039499e-05
       15  8.085584e-07
       16 -1.823257e-05
       17 -5.806687e-06
       18  4.368522e-06
       19  5.430406e-05
       20  1.601941e-04
       21  2.884675e-05
       22 -2.472578e-05
       23 -3.254098e-05
       24 -7.417058e-05
       25 -2.670282e-05
       26  6.153937e-08
       27 -8.369494e-05
       28 -1.076082e-05
       29 -6.917770e-04
       30 -2.039490e-04
       31 -1.572959e-04
       32  4.612977e-05
       33  8.229685e-05
       34  5.173166e-05
       35 -2.565887e-04
       36 -9.049451e-05
       37 -1.631539e-04
       38 -3.258276e-04
       39 -2.146251e-05
       40 -1.503730e-07
       41 -1.320201e-04
       42 -6.673248e-06
       43 -5.535311e-05
       44 -1.332073e-04
       45 -5.357166e-05
       46 -1.099848e-04
       47 -5.816948e-07
       48  4.254182e-04
       49  7.056267e-05
       50 -7.977533e-04
       51 -3.935932e-04
       52 -1.123860e-03
       53 -7.470954e-04
       54 -2.076836e-05
       55 -6.685040e-06
       56 -8.851226e-08
       57  6.682352e-04
       58 -9.338376e-06
       59  2.286284e-04
       60 -6.965632e-05
       61 -5.171391e-05
       62 -3.406908e-04
       63  7.806934e-05
       64  2.346537e-04
       65  5.743485e-05
       66 -1.592918e-06
       67  1.502383e-05
       68  1.072576e-05
       69  1.380938e-04
       70  4.204008e-04
       71  5.332403e-05
       72  1.011426e-04
       73  5.111495e-05
       74 -2.314352e-04
       75 -2.605854e-06
       76  8.168024e-05
       77  2.942907e-05
       78 -2.151702e-04
       79 -4.458862e-04
       80 -1.042472e-03
       81 -3.889888e-04
       82 -7.626853e-04
       83  6.884694e-04
       84 -3.698213e-05
       85 -2.940953e-04
       86 -2.268843e-04
       87 -2.775510e-04
       88  8.449221e-05
       89  2.109177e-05
       90 -1.492619e-04
       91  2.161471e-04
       92  1.458573e-04
       93  2.507949e-05
       94  2.270919e-05
       95  2.308336e-08
       96 -1.662509e-04
       97  1.632958e-04
       98  2.232378e-04
       99 -5.352723e-04
      100 -1.092788e-04
      101 -3.998577e-04
      102  3.911362e-05
      103  3.561559e-04
      104  1.898033e-03
      105 -1.210277e-05
      106 -4.480757e-05
      107 -5.167547e-05
      108 -5.553995e-04
      109 -5.276816e-04
      110 -2.047798e-05
      111 -6.923614e-06
      112 -5.542312e-04
      113 -2.289384e-04
      114 -1.928866e-04
      115 -2.455501e-05
      116  8.390284e-06
      117 -8.402086e-06
      118 -4.015388e-05
      119 -3.026238e-05
      120 -1.511823e-05
      121 -1.935757e-08
      122 -3.464391e-04
      123 -1.836100e-05
      124 -5.552636e-04
      125 -2.482605e-05
      126 -1.957691e-04
      127  3.099960e-06
      128  4.012305e-05
      129  1.043967e-04
      130 -3.933563e-07
      131 -2.340111e-04
      132 -2.409194e-04
      133 -4.796757e-04
      134 -9.732244e-05
      135 -1.704254e-04
      136 -8.018339e-05
      137 -1.340035e-04
      138  1.358163e-04
      139  2.151919e-04
      140  7.606539e-04
      141 -2.184327e-05
      142 -2.821311e-04
      143 -1.328651e-04
      144  4.004154e-04
      145 -9.345577e-06
      146 -9.175014e-05
      147 -5.507086e-04
      148 -1.033024e-04
      149 -1.307505e-06
      150 -1.246825e-04
      151 -7.778719e-05
      152 -5.537181e-04
      153 -2.465158e-04
      154 -1.578948e-05
      155 -1.210888e-05
      156 -5.787763e-05
      157 -2.287695e-04
      158 -3.956793e-06
      159 -9.712446e-05