pos          info
        0 -2.216668e-04
        1  9.794461e-05
        2 -2.938607e-04
        3 -5.204580e-07
        4 -2.258264e-05
        5 -1.909238e-04
        6 -1.600575e-04
        7  1.075492e-04
        8 -4.226523e-06
        9  2.752545e-05
       10  1.583880e-04
       11  9.323085e-05
       12  1.284492e-05
       13  1.075054e-05
       14  1.558672e-05
       15  1.378591e-05
       16 -9.043891e-05
       17 -1.042860e-05
       18 -3.026685e-06
       19  8.585060e-05
       20 -5.371553e-04
       21  1.723405e-06
       22  3.286346e-05
       23 -9.925503e-05
       24  4.336613e-05
       25 -1.060081e-05
       26  1.224629e-06
       27 -2.464823e-04
       28 -1.231102e-04
       29  3.390748e-05
       30 -1.542137e-04
       31  2.116669e-05
       32 -3.980735e-05
       33 -3.520427e-04
       34  9.833230e-09
       35 -1.109349e-04
       36  1.357309e-05
       37  2.097577e-05
       38  1.412409e-04
       39 -2.814889e-05
       40  2.688410e-07
       41  3.476102e-04
       42  2.851519e-07
       43  4.528912e-05
       44  3.269206e-06
       45  1.723086e-04
       46  4.561795e-07
       47  5.822096e-06
       48  1.327034e-04
       49  1.823284e-05
       50 -3.651955e-04
       51 -3.196950e-05
       52  1.561955e-03
       53  8.699003e-05
       54 -1.832629e-05
       55  1.870404e-05
       56 -1.506599e-05
       57  7.580457e-04
       58 -8.841319e-06
       59 -4.236290e-06
       60  5.324595e-06
       61  1.776634e-05
       62  9.923505e-05
       63  3.277202e-05
       64 -3.095814e-05
       65 -1.631868e-04
       66  9.145637e-05
       67 -5.987121e-05
       68 -2.868539e-06
       69  1.647531e-05
       70 -4.703431e-04
       71 -5.392118e-05
       72 -7.316301e-05
       73 -1.398609e-04
       74 -1.067713e-04
       75  3.157490e-06
       76  1.147169e-04
       77 -1.147656e-05
       78 -7.350999e-06
       79  6.368597e-04
       80  1.601564e-03
       81  8.101645e-04
       82  9.019370e-04
       83 -7.805461e-04
       84  1.433025e-05
       85  6.441218e-04
       86  4.379246e-04
       87  3.011284e-04
       88  3.401482e-04
       89  2.705733e-04
       90 -1.231401e-04
       91 -2.602956e-04
       92  2.121693e-04
       93 -6.033143e-05
       94 -2.903755e-06
       95 -7.788271e-05
       96 -2.068842e-04
       97  1.337511e-04
       98 -2.565881e-05
       99 -3.946526e-04
      100  3.589874e-04
      101  1.775023e-03
      102 -6.526300e-05
      103  9.237521e-04
      104 -1.965565e-03
      105 -1.952035e-04
      106  6.561418e-05
      107  9.240139e-05
      108  1.422733e-03
      109  1.753289e-03
      110  6.730747e-05
      111  7.334401e-05
      112  8.156074e-04
      113  4.079336e-04
      114  1.402484e-05
      115 -2.591641e-05
      116  2.838398e-04
      117  2.163423e-04
      118  8.077829e-05
      119  1.528344e-05
      120  4.661294e-08
      121  2.522829e-04
      122  4.033850e-04
      123 -7.874044e-05
      124  5.559370e-04
      125 -3.264121e-05
      126  8.606517e-06
      127 -4.426565e-06
      128 -1.490933e-05
      129  1.793891e-05
      130 -4.127969e-06
      131  3.600930e-04
      132  3.893629e-04
      133  2.410512e-04
      134  2.351899e-05
      135  3.884726e-05
      136  6.477025e-05
      137  1.314598e-04
      138  1.218437e-04
      139  4.130825e-04
      140 -5.467757e-04
      141  4.035709e-05
      142  2.343530e-04
      143  3.334610e-04
      144  2.079731e-04
      145  1.083085e-05
      146 -5.791193e-07
      147  4.929654e-04
      148 -1.171436e-04
      149  1.503795e-04
      150  6.470518e-05
      151 -1.971284e-04
      152  2.281827e-04
      153  1.926073e-04
      154  1.819383e-05
      155  5.864150e-05
      156  1.456334e-04
      157  2.430466e-05
      158  1.540661e-04
      159 -1.528911e-05