pos      val_A      val_C      val_G      val_T
   0  -0.002044  -0.017605   0.011213   0.008436
   1  -0.008496  -0.009712   0.025233  -0.007025
   2   0.028871  -0.013858  -0.010309  -0.004704
   3  -0.005498  -0.009015   0.020428  -0.005915
   4   0.007561   0.014699   0.006084  -0.028344
   5  -0.006786   0.007340  -0.008222   0.007668
   6  -0.001028  -0.019827   0.009308   0.011547
   7  -0.029844  -0.010666   0.012835   0.027675
   8   0.003163  -0.021869   0.012283   0.006423
   9   0.021161  -0.028302   0.005804   0.001337
  10  -0.013800  -0.010300   0.029460  -0.005359
  11  -0.005970  -0.014333  -0.003927   0.024230
  12   0.021549  -0.003915  -0.024724   0.007090
  13   0.007828  -0.031487  -0.006249   0.029908
  14  -0.006888  -0.009813  -0.009942   0.026643
  15   0.009722   0.000992  -0.007868  -0.002846
  16  -0.000497   0.008014  -0.006901  -0.000615
  17   0.008421  -0.007222  -0.002605   0.001407
  18   0.013430  -0.004132  -0.013445   0.004146
  19   0.014588  -0.024533  -0.027835   0.037780
  20   0.009532  -0.007158  -0.042041   0.039667
  21   0.041170  -0.024422  -0.001636  -0.015112
  22   0.017202  -0.023773  -0.005296   0.011867
  23  -0.011546   0.009476   0.001314   0.000757
  24   0.004390  -0.014128   0.019183  -0.009445
  25   0.017467  -0.024914  -0.006933   0.014380
  26   0.020140  -0.021002   0.004609  -0.003747
  27   0.017841   0.002839   0.012098  -0.032777
  28  -0.021283   0.014690   0.020660  -0.014067
  29   0.012694  -0.027985  -0.017347   0.032638
  30  -0.028313  -0.030580   0.028129   0.030764
  31  -0.060573   0.033942   0.031432  -0.004800
  32   0.053483   0.000758  -0.025714  -0.028527
  33   0.028847  -0.038471   0.019329  -0.009705
  34   0.002017  -0.015276   0.032011  -0.018752
  35   0.000949   0.039555  -0.024999  -0.015505
  36   0.012044  -0.020710  -0.017010   0.025676
  37  -0.003880  -0.010508  -0.003705   0.018093
  38  -0.001079   0.008756  -0.034391   0.026714
  39  -0.022310   0.002494   0.004480   0.015336
  40  -0.036604  -0.019585   0.041336   0.014853
  41   0.002559  -0.002472  -0.000101   0.000014
  42   0.021688  -0.013450   0.020930  -0.029168
  43   0.031321  -0.026943   0.005619  -0.009996
  44   0.019555  -0.036615   0.008293   0.008767
  45   0.000448  -0.018900  -0.007042   0.025494
  46   0.010012   0.037203  -0.044144  -0.003072
  47   0.040695  -0.011796  -0.030319   0.001420
  48   0.020536  -0.014656   0.023799  -0.029679
  49  -0.027432  -0.010695   0.017637   0.020489
  50  -0.043522  -0.006187   0.066035  -0.016326
  51  -0.052352   0.011791   0.027558   0.013003
  52  -0.042130  -0.031299  -0.012526   0.085955
  53   0.049176  -0.017401  -0.019048  -0.012727
  54   0.014637   0.018579  -0.027938  -0.005277
  55   0.018192   0.003790  -0.020482  -0.001499
  56  -0.001043   0.012758  -0.020838   0.009124
  57  -0.021414  -0.008858  -0.032602   0.062874
  58   0.028764  -0.031684   0.010051  -0.007131
  59   0.037129  -0.040122   0.018751  -0.015759
  60   0.001890  -0.000358  -0.013754   0.012222
  61   0.005994  -0.014057   0.003996   0.004067
  62  -0.020918  -0.010092   0.035674  -0.004663
  63   0.027844  -0.013172  -0.020422   0.005750
  64  -0.000106  -0.037323   0.058164  -0.020735
  65  -0.014332   0.034275  -0.024299   0.004356
  66   0.000762  -0.002798   0.014013  -0.011977
  67   0.024340  -0.017399   0.000361  -0.007303
  68  -0.013725  -0.007363   0.012575   0.008513
  69   0.013480  -0.027966   0.026177  -0.011691
  70   0.017298  -0.035454   0.000795   0.017361
  71   0.028591   0.019497  -0.039884  -0.008203
  72  -0.034260   0.036727   0.025765  -0.028232
  73   0.023641   0.005358  -0.016791  -0.012209
  74   0.009960  -0.023350   0.000450   0.012939
  75   0.004167   0.000535  -0.018092   0.013389
  76  -0.033482   0.020454  -0.011010   0.024038
  77  -0.027141   0.061660  -0.010497  -0.024021
  78   0.008874   0.020199   0.009907  -0.038980
  79   0.015256   0.040834  -0.025340  -0.030749
  80  -0.034153  -0.016540  -0.025329   0.076021
  81  -0.005480  -0.013654  -0.023072   0.042206
  82  -0.022054  -0.055177   0.074324   0.002907
  83   0.123621  -0.022965  -0.046276  -0.054380
  84  -0.033373   0.021812   0.008348   0.003214
  85   0.042097  -0.024278  -0.011320  -0.006499
  86  -0.011493  -0.021208   0.003901   0.028801
  87  -0.037699   0.001039   0.012516   0.024144
  88  -0.021740   0.005183  -0.005305   0.021862
  89  -0.024218   0.047665  -0.026506   0.003059
  90   0.006759  -0.015276   0.035358  -0.026840
  91  -0.025983  -0.012282   0.025068   0.013197
  92  -0.022590   0.023303  -0.010327   0.009615
  93   0.011155  -0.010979   0.004296  -0.004472
  94  -0.001586   0.012850  -0.008253  -0.003011
  95   0.027521  -0.001572  -0.002521  -0.023429
  96  -0.000431  -0.027657   0.003973   0.024114
  97  -0.017390  -0.001178   0.012539   0.006030
  98  -0.025753  -0.030833  -0.025386   0.081972
  99   0.026072  -0.040876   0.026269  -0.011465
 100  -0.008247  -0.008943  -0.017624   0.034814
 101  -0.026136  -0.024807   0.055991  -0.005049
 102  -0.025593   0.020979  -0.020689   0.025302
 103  -0.032274  -0.003319  -0.004055   0.039648
 104   0.192465  -0.056307  -0.044632  -0.091526
 105  -0.006181  -0.016664  -0.003894   0.026739
 106   0.030435  -0.022096  -0.003040  -0.005299
 107   0.012190   0.030203  -0.029337  -0.013056
 108  -0.016185  -0.028629  -0.008079   0.052893
 109   0.053245  -0.054873   0.017595  -0.015966
 110   0.017891  -0.026111  -0.006625   0.014845
 111   0.020689  -0.011219  -0.009702   0.000232
 112   0.022819  -0.056084   0.059126  -0.025861
 113   0.047442  -0.006245  -0.041444   0.000247
 114  -0.031080   0.011929   0.001674   0.017477
 115   0.011842  -0.022549   0.008736   0.001972
 116  -0.010143  -0.013538  -0.000265   0.023946
 117  -0.009638   0.015430  -0.023615   0.017823
 118  -0.011580  -0.005421  -0.011657   0.028658
 119   0.032153  -0.011468  -0.059015   0.038329
 120   0.013988  -0.021664   0.017058  -0.009382
 121   0.005459   0.007820  -0.009961  -0.003319
 122   0.003709  -0.021642  -0.019339   0.037272
 123  -0.016835   0.002128  -0.008380   0.023087
 124   0.044312  -0.031038   0.007968  -0.021243
 125  -0.027146   0.016597   0.019894  -0.009344
 126   0.037491  -0.026690   0.003188  -0.013988
 127  -0.008429  -0.009126  -0.015091   0.032646
 128  -0.000020  -0.012436   0.015671  -0.003215
 129   0.007916  -0.008011   0.006733  -0.006638
 130  -0.021475  -0.003460   0.047582  -0.022647
 131  -0.000579  -0.022362   0.030822  -0.007881
 132   0.045094  -0.007775  -0.006230  -0.031089
 133   0.016419  -0.043409   0.052312  -0.025322
 134   0.074629  -0.057071   0.017642  -0.035200
 135   0.039489  -0.007162  -0.012275  -0.020052
 136   0.005834   0.018265  -0.016310  -0.007789
 137   0.036076  -0.025047  -0.007845  -0.003184
 138  -0.007125   0.009488  -0.005079   0.002716
 139   0.013393   0.002880  -0.015211  -0.001061
 140  -0.000694  -0.043328   0.019798   0.024223
 141   0.026376  -0.016209   0.001015  -0.011183
 142   0.046961  -0.028028   0.005715  -0.024648
 143  -0.023565  -0.005509  -0.003474   0.032549
 144  -0.006927  -0.011665   0.047423  -0.028832
 145   0.016761  -0.003671   0.002480  -0.015570
 146   0.014787  -0.018839  -0.014375   0.018427
 147   0.003228  -0.012840  -0.024532   0.034144
 148   0.038541  -0.025365  -0.003335  -0.009840
 149  -0.012180   0.015632  -0.002765  -0.000688
 150   0.032462  -0.036759  -0.020160   0.024457
 151   0.032306   0.037806  -0.032359  -0.037753
 152  -0.029373   0.005628  -0.025178   0.048923
 153   0.016084   0.003738  -0.016502  -0.003320
 154   0.024857   0.013623  -0.036173  -0.002307
 155  -0.014598   0.012169   0.008863  -0.006434
 156   0.009903  -0.004321   0.028274  -0.033856
 157   0.044014  -0.020871  -0.029354   0.006211
 158   0.021958  -0.025328  -0.004006   0.007375
 159   0.015483   0.009604  -0.014704  -0.010383
 160  -0.013183   0.006049   0.027823  -0.020689
 161  -0.005834  -0.006235   0.020732  -0.008663
 162   0.012506  -0.011438   0.012571  -0.013639
 163   0.020940  -0.003845  -0.009239  -0.007856
 164  -0.001062  -0.002971   0.003502   0.000530
 165   0.004930  -0.008012   0.010802  -0.007720
 166  -0.015430   0.007734   0.026831  -0.019134
 167  -0.008012   0.005281   0.017894  -0.015163
 168   0.003838   0.002552   0.000897  -0.007288
 169  -0.000953  -0.000322   0.000771   0.000504
 170  -0.003384  -0.001637   0.011307  -0.006286
 171   0.010853  -0.005613  -0.000745  -0.004495
 172   0.023036  -0.003512  -0.014212  -0.005312
 173   0.021021  -0.003894  -0.008392  -0.008735
 174   0.009539  -0.017299   0.004552   0.003208
 175   0.012387  -0.007617  -0.001927  -0.002843
 176   0.017113  -0.011174  -0.029548   0.023609
 177   0.028217  -0.004823  -0.022546  -0.000847
 178   0.006237   0.007842  -0.024417   0.010338
 179  -0.000167   0.007904  -0.030580   0.022843
