pos      val_A      val_C      val_G      val_T
   0   0.017269  -0.030217  -0.008062   0.021010
   1  -0.025349   0.023831   0.020233  -0.018715
   2   0.011434  -0.001415  -0.034664   0.024646
   3  -0.001059  -0.001431   0.004906  -0.002415
   4  -0.002201   0.017726  -0.009544  -0.005981
   5  -0.007672   0.005496  -0.027984   0.030160
   6  -0.026006   0.003444  -0.004650   0.027213
   7  -0.026640  -0.025267   0.020720   0.031188
   8   0.019632  -0.004389  -0.016162   0.000919
   9   0.019413  -0.035334   0.005522   0.010398
  10  -0.019572  -0.010496   0.025624   0.004445
  11  -0.026139   0.013833  -0.007637   0.019943
  12  -0.000290   0.015596  -0.022557   0.007251
  13   0.006238  -0.037690   0.004916   0.026536
  14   0.007966  -0.002138  -0.015919   0.010090
  15   0.007599   0.015685  -0.015775  -0.007508
  16   0.000768   0.008736  -0.019199   0.009695
  17   0.018429  -0.007321  -0.006668  -0.004440
  18  -0.000174  -0.003526   0.001297   0.002403
  19   0.002348  -0.001072  -0.020251   0.018974
  20   0.017291   0.004070  -0.046670   0.025309
  21   0.041429  -0.022779   0.002158  -0.020808
  22   0.009980  -0.027376   0.005826   0.011570
  23  -0.020479   0.001582  -0.001642   0.020539
  24   0.013459  -0.023472   0.016706  -0.006692
  25   0.025590  -0.013728  -0.004906  -0.006956
  26   0.020918  -0.024904   0.002019   0.001966
  27   0.012144  -0.001004   0.020864  -0.032004
  28  -0.031927   0.024442   0.030098  -0.022614
  29   0.005044  -0.026152   0.009303   0.011806
  30  -0.025865  -0.027776   0.013270   0.040371
  31  -0.038626   0.018331   0.009284   0.011011
  32   0.055108  -0.015606  -0.013405  -0.026096
  33   0.031387  -0.037845   0.011578  -0.005120
  34  -0.000385  -0.016642   0.016892   0.000135
  35  -0.004393   0.011591  -0.021257   0.014059
  36   0.016044  -0.022648  -0.000722   0.007326
  37  -0.011472   0.012783  -0.010741   0.009429
  38  -0.017859   0.037633  -0.043921   0.024146
  39  -0.018910  -0.010680   0.033352  -0.003762
  40  -0.014311   0.001123   0.015385  -0.002196
  41   0.038623  -0.008710  -0.008089  -0.021824
  42   0.009015   0.001080   0.018432  -0.028527
  43   0.013702  -0.027335   0.015217  -0.001584
  44   0.003499  -0.017311  -0.002648   0.016460
  45  -0.015049  -0.003708  -0.008364   0.027121
  46   0.031762   0.007741  -0.040297   0.000793
  47   0.022339   0.000180  -0.027129   0.004610
  48   0.023538  -0.014876   0.023234  -0.031897
  49  -0.027298  -0.016778   0.035390   0.008686
  50  -0.040128  -0.034754   0.107674  -0.032792
  51  -0.012006  -0.036046   0.053147  -0.005094
  52  -0.040211  -0.022568  -0.019894   0.082672
  53   0.018990  -0.025029  -0.004808   0.010847
  54   0.014952   0.023252  -0.029148  -0.009056
  55   0.023521   0.008462  -0.024968  -0.007015
  56  -0.007922   0.014330  -0.003011  -0.003397
  57  -0.007027  -0.012561  -0.037451   0.057039
  58   0.025406  -0.035544   0.016685  -0.006547
  59   0.039519  -0.004532  -0.006123  -0.028864
  60   0.004706   0.009313  -0.012514  -0.001504
  61  -0.004697  -0.006548   0.008531   0.002714
  62  -0.029630   0.018736   0.020356  -0.009462
  63   0.011636   0.003148  -0.020794   0.006010
  64  -0.010309  -0.011403   0.057002  -0.035290
  65  -0.000963   0.029666  -0.025685  -0.003018
  66  -0.028797   0.021163   0.019544  -0.011910
  67   0.022009  -0.013582  -0.015876   0.007449
  68  -0.014612  -0.003452   0.005032   0.013033
  69   0.018380  -0.030370   0.007867   0.004123
  70   0.007336  -0.043762   0.001959   0.034467
  71   0.039042   0.018905  -0.042222  -0.015725
  72  -0.024470   0.018386   0.023485  -0.017401
  73   0.063744  -0.016024  -0.024634  -0.023085
  74   0.004184  -0.020920   0.001864   0.014873
  75   0.005004   0.003443  -0.016202   0.007755
  76  -0.016431   0.021827  -0.005778   0.000383
  77  -0.029570   0.063356  -0.007070  -0.026716
  78   0.010006  -0.012144   0.007793  -0.005654
  79  -0.007838   0.051752  -0.019521  -0.024394
  80  -0.028002  -0.035693  -0.019954   0.083649
  81  -0.007664  -0.020473  -0.030895   0.059032
  82  -0.031133  -0.040983   0.061419   0.010697
  83   0.128395  -0.046782  -0.021995  -0.059617
  84  -0.004468   0.007752   0.007487  -0.010770
  85   0.052691  -0.014286  -0.018084  -0.020321
  86  -0.033672  -0.020699   0.011014   0.043357
  87  -0.045040   0.006799   0.002309   0.035931
  88  -0.008015  -0.012901  -0.017189   0.038104
  89  -0.020616   0.016527  -0.029823   0.033913
  90  -0.002316  -0.000557   0.025493  -0.022620
  91  -0.032859  -0.001737   0.036609  -0.002013
  92  -0.032353   0.029739   0.001191   0.001423
  93  -0.015893  -0.007217   0.022043   0.001067
  94  -0.003408   0.014850   0.009620  -0.021062
  95   0.021533   0.015827  -0.017877  -0.019482
  96   0.010616  -0.029178  -0.005769   0.024331
  97  -0.014376   0.015643  -0.025049   0.023781
  98  -0.038710  -0.012144  -0.043728   0.094582
  99   0.034993  -0.040244   0.045287  -0.040037
 100  -0.014904  -0.026282   0.002024   0.039162
 101  -0.043097  -0.048068   0.086802   0.004363
 102  -0.016612  -0.002600   0.002883   0.016330
 103  -0.048166  -0.008142  -0.007003   0.063312
 104   0.249007  -0.087353  -0.062443  -0.099211
 105  -0.038828  -0.028762   0.009002   0.058588
 106   0.016446  -0.010329  -0.019771   0.013654
 107   0.019536   0.029828  -0.038450  -0.010914
 108  -0.028025  -0.024515  -0.026236   0.078776
 109   0.087526  -0.049292  -0.003095  -0.035139
 110   0.011821  -0.022903  -0.005591   0.016673
 111   0.001386  -0.005082  -0.013862   0.017558
 112   0.037411  -0.063477   0.057682  -0.031616
 113   0.041612  -0.015098  -0.029440   0.002927
 114  -0.025926   0.007586   0.007359   0.010980
 115   0.026985  -0.016618  -0.010587   0.000221
 116  -0.036298  -0.030555   0.032196   0.034657
 117  -0.026833   0.011599  -0.015170   0.030404
 118  -0.015049   0.009329  -0.012811   0.018531
 119   0.028508  -0.005107  -0.030964   0.007563
 120   0.012456  -0.016154   0.000255   0.003444
 121   0.032598  -0.000180  -0.034793   0.002375
 122  -0.011484  -0.025132  -0.004913   0.041529
 123  -0.010713  -0.018131  -0.003004   0.031848
 124   0.048849  -0.031474   0.008122  -0.025497
 125  -0.018428   0.007149   0.022894  -0.011614
 126   0.006048  -0.002417   0.001957  -0.005589
 127  -0.022891  -0.004791  -0.018355   0.046037
 128  -0.007959  -0.009368   0.011298   0.006029
 129   0.002758  -0.015105   0.003718   0.008628
 130  -0.017788  -0.007261   0.029210  -0.004161
 131  -0.019351  -0.018956   0.038751  -0.000443
 132   0.040914   0.001658  -0.000607  -0.041966
 133   0.004760  -0.051846   0.031048   0.016038
 134   0.081584  -0.060764   0.008016  -0.028836
 135   0.012883  -0.001923   0.005663  -0.016623
 136   0.016626   0.002395  -0.002804  -0.016216
 137   0.023265  -0.036014  -0.003946   0.016695
 138  -0.006198   0.006641  -0.023126   0.022683
 139   0.041794  -0.029335  -0.021393   0.008935
 140  -0.009203  -0.046936   0.034122   0.022018
 141   0.021685  -0.035868   0.001539   0.012645
 142   0.031563  -0.023079  -0.000360  -0.008124
 143  -0.023516  -0.021149   0.006883   0.037782
 144  -0.007555  -0.011710   0.029430  -0.010165
 145  -0.006994   0.006765   0.014886  -0.014656
 146  -0.002771  -0.023516  -0.001907   0.028194
 147   0.001479  -0.019768  -0.027529   0.045818
 148   0.037425  -0.023605  -0.022337   0.008516
 149  -0.015233   0.024994  -0.009217  -0.000544
 150   0.027003  -0.051068   0.008185   0.015881
 151   0.019617   0.009782  -0.000689  -0.028710
 152  -0.037252   0.013090  -0.007085   0.031248
 153   0.028541  -0.004627  -0.022832  -0.001082
 154   0.006335   0.008200  -0.034967   0.020431
 155  -0.019955   0.015656   0.010419  -0.006119
 156  -0.000914  -0.006594   0.024611  -0.017102
 157   0.009826  -0.024762  -0.004743   0.019679
 158   0.044064  -0.043688  -0.025034   0.024658
 159   0.043169  -0.008335  -0.009694  -0.025140
 160  -0.017556   0.003207   0.027336  -0.012986
 161   0.000365  -0.008031   0.014930  -0.007264
 162  -0.003166  -0.002324   0.014145  -0.008654
 163   0.005905   0.002141  -0.005791  -0.002255
 164   0.022628  -0.010262  -0.007204  -0.005163
 165  -0.005786   0.001887  -0.002620   0.006520
 166   0.009856   0.000274  -0.010433   0.000302
 167   0.007222   0.005557  -0.003646  -0.009133
 168   0.018922  -0.009307  -0.027971   0.018356
 169   0.016811  -0.030758   0.002411   0.011536
 170   0.018794  -0.012601  -0.011804   0.005611
 171   0.029166  -0.020912  -0.015425   0.007172
 172   0.037038  -0.012713  -0.029375   0.005051
 173   0.033538   0.001519  -0.030179  -0.004878
 174   0.011643  -0.023242  -0.011172   0.022771
 175   0.025956  -0.017123  -0.023820   0.014987
 176   0.033886  -0.025263  -0.041892   0.033270
 177   0.038376  -0.033194  -0.051384   0.046202
 178   0.028527  -0.008966  -0.065141   0.045579
 179   0.015251   0.024081  -0.063904   0.024572
