pos      val_A      val_C      val_G      val_T
   0  -0.013081  -0.012252   0.009584   0.015749
   1   0.026770  -0.001734  -0.022908  -0.002128
   2  -0.010651   0.019010  -0.013977   0.005618
   3  -0.022609   0.010888   0.018962  -0.007242
   4   0.008767  -0.007053  -0.006812   0.005098
   5   0.016706  -0.020257   0.009045  -0.005495
   6  -0.008049   0.022257   0.000731  -0.014939
   7  -0.018500   0.024166  -0.014547   0.008880
   8  -0.013577   0.011353   0.016156  -0.013933
   9  -0.004355   0.000390   0.001481   0.002485
  10   0.006848  -0.004392  -0.005949   0.003493
  11   0.050602  -0.013879  -0.020914  -0.015809
  12  -0.017352   0.021505   0.010867  -0.015020
  13   0.018150   0.008572  -0.010788  -0.015933
  14   0.015200   0.012138  -0.007907  -0.019430
  15  -0.020880  -0.008240   0.014168   0.014952
  16  -0.012884   0.004997   0.014795  -0.006908
  17   0.007528  -0.017468   0.013261  -0.003321
  18  -0.010415   0.005926  -0.001486   0.005975
  19  -0.027345   0.004306   0.020349   0.002690
  20   0.018607   0.001522  -0.026582   0.006453
  21  -0.001930   0.002557  -0.009443   0.008815
  22   0.009546   0.028833  -0.022187  -0.016193
  23  -0.038983   0.025160  -0.006905   0.020728
  24   0.015828   0.002520  -0.005335  -0.013014
  25  -0.001442   0.000325   0.009316  -0.008199
  26  -0.013002   0.026885  -0.020777   0.006895
  27  -0.015281  -0.008950  -0.014820   0.039051
  28   0.004177  -0.072964   0.015220   0.053568
  29  -0.013751  -0.010098   0.047405  -0.023556
  30   0.088605  -0.010926   0.010251  -0.087930
  31   0.001648   0.000637  -0.009265   0.006980
  32   0.028168  -0.002249  -0.035666   0.009747
  33   0.007719  -0.023285  -0.002289   0.017855
  34   0.026464  -0.020173  -0.012705   0.006414
  35   0.030475   0.008862  -0.013119  -0.026219
  36   0.031462  -0.017106  -0.031170   0.016815
  37  -0.030205   0.055327  -0.014271  -0.010850
  38  -0.014114  -0.010527  -0.001540   0.026181
  39   0.005593   0.000338  -0.018597   0.012666
  40   0.016015  -0.017386   0.004495  -0.003124
  41   0.002328   0.011727  -0.019106   0.005050
  42   0.019754  -0.019104   0.007249  -0.007898
  43   0.000497  -0.023615  -0.015380   0.038498
  44  -0.016093   0.018108  -0.013729   0.011715
  45  -0.023961  -0.034699   0.005517   0.053143
  46   0.051106  -0.006273   0.010019  -0.054852
  47  -0.015752  -0.029631   0.046512  -0.001129
  48  -0.014457  -0.024295   0.047676  -0.008924
  49  -0.000212   0.024456  -0.013455  -0.010789
  50  -0.031262  -0.025002  -0.009588   0.065852
  51   0.070396   0.000643  -0.031999  -0.039041
  52  -0.010648  -0.012291  -0.025417   0.048357
  53   0.073003  -0.026685  -0.030541  -0.015777
  54   0.000029   0.016933  -0.002137  -0.014824
  55  -0.020782  -0.029059  -0.042101   0.091942
  56  -0.010908  -0.004237   0.023239  -0.008094
  57  -0.006610  -0.012005  -0.010236   0.028851
  58  -0.000797  -0.001671   0.000758   0.001709
  59   0.018634  -0.014781   0.014531  -0.018384
  60   0.034717  -0.026245  -0.008701   0.000229
  61  -0.002180  -0.002919  -0.016122   0.021221
  62   0.021448  -0.008978   0.010411  -0.022881
  63   0.006498  -0.051128   0.033277   0.011353
  64  -0.007735  -0.020572   0.040141  -0.011834
  65  -0.009473   0.013357   0.000477  -0.004361
  66   0.017363  -0.008426   0.024802  -0.033739
  67   0.008721  -0.033940   0.031883  -0.006665
  68  -0.003394  -0.022793   0.025098   0.001089
  69  -0.007859   0.015239   0.013994  -0.021375
  70  -0.010729   0.020332  -0.008675  -0.000928
  71  -0.010257   0.004100   0.025908  -0.019752
  72  -0.004091  -0.008748  -0.000526   0.013366
  73  -0.004120   0.000263  -0.001434   0.005291
  74  -0.009429   0.022684  -0.011459  -0.001796
  75   0.007508  -0.018743  -0.027199   0.038434
  76   0.000943  -0.008371  -0.006125   0.013553
  77   0.009983   0.000822   0.009567  -0.020372
  78   0.002338  -0.016192   0.021518  -0.007664
  79  -0.037044   0.015220   0.005264   0.016560
  80  -0.025523   0.001934   0.009126   0.014464
  81   0.003221   0.010986  -0.007175  -0.007032
  82  -0.031637   0.001059  -0.011197   0.041775
  83  -0.033444  -0.017848  -0.001621   0.052913
  84  -0.015383  -0.000187   0.014095   0.001476
  85   0.091783  -0.007934  -0.037676  -0.046172
  86   0.001996  -0.001458   0.003800  -0.004339
  87   0.008990  -0.032671   0.012418   0.011263
  88   0.020624  -0.024283   0.005080  -0.001421
  89  -0.018183  -0.039588   0.054179   0.003592
  90   0.013156  -0.019019   0.025014  -0.019152
  91  -0.004701  -0.032951   0.029208   0.008444
  92   0.018906  -0.022699   0.022653  -0.018861
  93  -0.004854   0.008849   0.005208  -0.009203
  94   0.017369  -0.008446  -0.025608   0.016684
  95  -0.011989   0.004436   0.011110  -0.003558
  96   0.014664  -0.015351   0.016667  -0.015980
  97   0.005649  -0.011452  -0.001531   0.007334
  98  -0.016088   0.032528  -0.007613  -0.008827
  99  -0.004656   0.007802  -0.001147  -0.001999
 100  -0.025280  -0.013626  -0.003078   0.041984
 101   0.024338  -0.018158  -0.001256  -0.004924
 102   0.009995  -0.057044   0.015222   0.031827
 103  -0.015490  -0.014781   0.029315   0.000956
 104  -0.002165  -0.005354   0.032175  -0.024655
 105  -0.006685  -0.020088   0.011591   0.015181
 106   0.028500  -0.041789   0.019800  -0.006511
 107   0.017248   0.000998  -0.023650   0.005404
 108   0.014137  -0.001178  -0.005636  -0.007323
 109   0.037243   0.016866  -0.019144  -0.034964
 110  -0.037949  -0.004386   0.016935   0.025400
 111   0.020372  -0.003848  -0.018454   0.001930
 112   0.003154  -0.020507   0.017947  -0.000594
 113   0.023938  -0.047387   0.010483   0.012967
 114   0.026783  -0.005128  -0.012576  -0.009080
 115  -0.002958  -0.006695   0.020273  -0.010620
 116  -0.004174   0.014649  -0.014486   0.004011
 117  -0.009252  -0.012786   0.020044   0.001994
 118   0.007282  -0.009357   0.026297  -0.024222
 119   0.006479  -0.009617   0.032134  -0.028996
 120   0.006640  -0.027810   0.012745   0.008425
 121  -0.028434   0.044041   0.002545  -0.018152
 122  -0.005244   0.011997   0.012160  -0.018912
 123  -0.015803   0.017454   0.000721  -0.002372
 124   0.037992  -0.016029  -0.019283  -0.002680
 125  -0.020420   0.012996   0.000994   0.006430
 126   0.014304  -0.011672  -0.005443   0.002811
 127   0.008662   0.015445   0.003469  -0.027576
 128   0.011452  -0.029347   0.018841  -0.000947
 129   0.009657   0.004895   0.000721  -0.015274
 130  -0.015896  -0.006809  -0.013088   0.035792
 131  -0.005199   0.007653  -0.010607   0.008152
 132  -0.003401  -0.018519   0.033553  -0.011633
 133  -0.026155  -0.032357   0.069075  -0.010564
 134   0.021544   0.001023  -0.014999  -0.007568
 135  -0.010617   0.001108   0.034402  -0.024893
 136  -0.014641   0.038158   0.006279  -0.029796
 137  -0.012740  -0.012702   0.026694  -0.001252
 138   0.029767  -0.021515   0.000809  -0.009061
 139  -0.018688   0.027648  -0.004690  -0.004270
 140   0.008568  -0.020973  -0.001219   0.013624
 141   0.014005  -0.001516  -0.012627   0.000137
 142  -0.009165   0.016965  -0.007184  -0.000617
 143   0.005581   0.004774   0.007987  -0.018341
 144   0.013304  -0.013699  -0.005656   0.006052
 145  -0.001209   0.010033  -0.002398  -0.006426
 146  -0.008558  -0.023391   0.017988   0.013960
 147   0.006632   0.007808   0.000685  -0.015124
 148  -0.015341  -0.000152   0.052817  -0.037324
 149  -0.003204   0.006378   0.026811  -0.029985
 150  -0.006372   0.017461  -0.009386  -0.001702
 151   0.006663  -0.007329   0.001110  -0.000444
 152  -0.012163   0.011456   0.003230  -0.002524
 153  -0.001711   0.020567  -0.012169  -0.006686
 154  -0.030062  -0.014769   0.026288   0.018544
 155   0.001546  -0.018334  -0.005852   0.022640
 156  -0.002446  -0.061394   0.036888   0.026952
 157   0.014107  -0.017603   0.004818  -0.001322
 158   0.012435   0.009879  -0.003796  -0.018518
 159   0.006711   0.012751  -0.009926  -0.009536
 160  -0.029377  -0.018389   0.066498  -0.018731
 161  -0.000923  -0.021121   0.032393  -0.010349
 162   0.006781  -0.003133   0.009844  -0.013492
 163   0.001293  -0.006923   0.015496  -0.009865
 164   0.009023  -0.029240   0.038811  -0.018594
 165   0.008324   0.000563   0.018452  -0.027339
 166   0.015679   0.013586  -0.005217  -0.024048
 167  -0.013489   0.006419   0.020439  -0.013369
 168  -0.002025   0.002974   0.023920  -0.024868
 169   0.022247  -0.016939   0.008922  -0.014230
 170   0.019361  -0.039721   0.022801  -0.002441
 171   0.043467  -0.032937  -0.010336  -0.000194
 172   0.015796  -0.022825   0.007275  -0.000245
 173  -0.007778  -0.014342   0.004073   0.018047
 174   0.050493  -0.024761  -0.024638  -0.001094
 175   0.029450  -0.014686  -0.016827   0.002063
 176   0.047745  -0.011110  -0.035677  -0.000959
 177   0.020048   0.005515  -0.026762   0.001198
 178   0.016936   0.002767  -0.060202   0.040499
 179   0.001259   0.015815  -0.072541   0.055466
