pos          info
        0 -1.667096e-04
        1 -8.347319e-06
        2  2.087232e-05
        3 -1.081523e-04
        4 -2.330391e-04
        5 -1.060349e-05
        6  7.565768e-05
        7 -1.179887e-05
        8  1.793445e-06
        9  6.760882e-05
       10 -9.945333e-06
       11  2.477292e-04
       12 -5.812857e-05
       13  5.619599e-05
       14 -1.685891e-04
       15 -9.267166e-05
       16  4.468514e-05
       17 -9.243134e-05
       18 -4.888303e-06
       19 -1.050525e-04
       20 -6.390140e-05
       21 -3.309150e-05
       22  1.302214e-04
       23 -7.678532e-04
       24  1.041668e-07
       25 -1.449093e-09
       26  8.947394e-05
       27 -5.056438e-05
       28 -2.771331e-05
       29  1.723776e-04
       30 -2.210812e-04
       31  8.664828e-07
       32 -4.307881e-04
       33 -4.917854e-07
       34  1.144558e-04
       35 -4.361053e-07
       36 -5.579250e-04
       37  4.018599e-04
       38  2.331388e-05
       39  1.254326e-05
       40  1.606547e-05
       41 -4.210870e-05
       42 -2.359208e-04
       43  4.923537e-05
       44  2.341281e-05
       45  4.070398e-04
       46 -9.298994e-05
       47  1.310350e-04
       48 -2.443892e-05
       49 -1.116066e-04
       50  3.924422e-04
       51  1.966159e-04
       52  6.667070e-04
       53 -4.026047e-06
       54  3.181025e-05
       55  4.068960e-04
       56 -9.784696e-06
       57  3.121457e-04
       58  1.962309e-05
       59 -3.788990e-05
       60  5.273290e-06
       61 -3.391277e-05
       62 -4.256432e-05
       63 -1.433935e-04
       64  5.294356e-05
       65  3.794750e-04
       66  1.407363e-05
       67 -3.348631e-04
       68 -4.404655e-04
       69 -3.507102e-05
       70 -1.976711e-04
       71 -5.522327e-05
       72 -1.417288e-04
       73 -1.628314e-06
       74 -1.928155e-06
       75  1.293643e-04
       76 -7.357673e-05
       77 -1.499705e-08
       78 -1.446536e-05
       79 -3.258706e-04
       80  5.436537e-04
       81 -9.098669e-06
       82  1.139605e-03
       83  2.894386e-03
       84 -1.812009e-05
       85 -8.073886e-04
       86  3.212643e-04
       87 -7.797778e-04
       88 -2.177330e-04
       89  4.286130e-05
       90  6.992229e-05
       91 -8.640814e-05
       92  6.834073e-05
       93  1.629591e-04
       94 -6.851646e-06
       95  1.830379e-04
       96  3.209607e-06
       97 -1.031019e-07
       98  3.514245e-04
       99  3.530725e-04
      100  3.145924e-05
      101  1.082729e-04
      102 -1.923433e-03
      103  5.021585e-04
      104 -5.859481e-05
      105  1.826379e-03
      106  2.810744e-03
      107 -2.053570e-04
      108  1.463115e-03
      109  2.916183e-04
      110  2.399873e-03
      111  8.511330e-05
      112 -1.284778e-07
      113 -1.656237e-05
      114  4.771809e-06
      115  2.160696e-05
      116  1.039674e-04
      117 -3.495816e-05
      118 -6.634445e-05
      119  7.903996e-05
      120  5.876133e-05
      121  1.642064e-06
      122 -8.626026e-06
      123  8.626926e-05
      124  6.326277e-05
      125 -5.854228e-05
      126 -4.391869e-05
      127  2.471407e-05
      128 -1.462305e-05
      129  1.352760e-04
      130 -6.651510e-05
      131  7.964215e-05
      132  8.428585e-05
      133  1.694359e-03
      134  2.805257e-04
      135  3.049637e-05
      136 -1.351589e-04
      137  1.348124e-04
      138  3.677354e-04
      139 -3.132808e-05
      140  7.418822e-05
      141  1.098063e-04
      142  2.591601e-04
      143  1.958070e-05
      144 -2.221486e-06
      145  2.835552e-05
      146  4.079508e-05
      147 -5.101696e-04
      148 -5.051112e-04
      149 -2.090789e-04
      150 -1.809531e-05
      151  1.029185e-04
      152  2.593042e-05
      153  1.240321e-04
      154  5.159296e-04
      155  3.545547e-04
      156 -4.882829e-04
      157 -9.927301e-06
      158  1.571958e-04
      159 -4.618666e-05