pos          info
        0  2.509754e-06
        1  8.300472e-05
        2  2.092320e-05
        3  1.550333e-05
        4  9.780629e-05
        5  1.253243e-04
        6  1.162799e-04
        7  2.324785e-05
        8 -2.169782e-06
        9  9.582048e-05
       10  1.054639e-04
       11  1.270820e-04
       12 -2.920452e-05
       13 -7.755760e-05
       14 -6.748343e-05
       15 -3.439197e-05
       16 -7.669190e-06
       17 -9.502966e-05
       18 -6.497975e-05
       19 -5.692143e-05
       20  3.094967e-05
       21 -1.266608e-04
       22 -1.500805e-04
       23 -1.886687e-04
       24  2.013591e-05
       25  5.369268e-05
       26 -1.452613e-04
       27 -3.350257e-05
       28 -2.170496e-04
       29 -6.203903e-06
       30 -3.698049e-04
       31 -1.925366e-04
       32 -1.709962e-04
       33  1.566414e-05
       34 -1.357099e-04
       35  4.910303e-06
       36  2.384282e-05
       37  1.651304e-04
       38 -2.747545e-06
       39 -4.385271e-05
       40 -4.287607e-05
       41 -2.670503e-05
       42  2.747629e-05
       43  3.458199e-04
       44  2.022850e-04
       45  1.973658e-04
       46 -1.569065e-04
       47 -2.582743e-05
       48  1.989494e-04
       49  3.006909e-04
       50  5.494361e-04
       51  3.369960e-04
       52  3.199033e-04
       53  3.744251e-04
       54  3.299691e-04
       55  5.291787e-04
       56  2.219739e-04
       57  2.064282e-04
       58 -3.276221e-05
       59 -7.802880e-05
       60 -1.717457e-04
       61 -2.148927e-04
       62  2.998389e-05
       63  2.244304e-04
       64  2.728190e-04
       65  2.836053e-05
       66 -8.839503e-05
       67 -1.128470e-04
       68 -1.128678e-04
       69 -5.604456e-05
       70 -6.561337e-05
       71 -2.689764e-05
       72 -3.892692e-05
       73  1.101699e-04
       74  9.189024e-05
       75  9.912145e-05
       76 -8.922019e-06
       77 -1.727094e-04
       78 -1.202281e-04
       79 -1.338029e-04
       80  2.149864e-04
       81  6.201388e-04
       82  5.942796e-04
       83  8.446119e-05
       84 -3.711353e-04
       85 -5.445949e-04
       86 -2.336242e-04
       87 -1.648239e-04
       88  3.234881e-05
       89  5.299951e-05
       90 -1.145050e-06
       91  4.892632e-05
       92  4.773825e-05
       93  7.261840e-05
       94  2.073282e-06
       95  1.602767e-05
       96  4.616854e-06
       97  4.798890e-05
       98  5.107650e-05
       99  3.950100e-05
      100 -2.567992e-04
      101 -1.944919e-04
      102 -2.678557e-04
      103  2.432382e-04
      104  7.586830e-04
      105  7.860396e-04
      106  6.362270e-04
      107  1.028834e-04
      108  4.765549e-04
      109  4.163444e-04
      110  3.746893e-04
      111 -3.240109e-05
      112 -6.886777e-05
      113 -6.889652e-05
      114 -1.061128e-05
      115 -3.021455e-06
      116 -6.635106e-06
      117 -8.699247e-06
      118 -2.604389e-06
      119  3.133323e-07
      120  2.294584e-06
      121  4.851536e-05
      122  6.696119e-05
      123  4.755382e-05
      124 -1.942905e-06
      125  9.612157e-07
      126  1.625661e-05
      127  3.775604e-05
      128 -1.093861e-06
      129  1.049074e-05
      130  7.657644e-05
      131  5.010548e-04
      132  5.240519e-04
      133  4.677678e-04
      134  5.726830e-05
      135  3.563719e-05
      136  2.392433e-04
      137  2.408413e-04
      138  2.341605e-04
      139  3.972833e-07
      140  8.571827e-06
      141 -1.690598e-05
      142 -1.722292e-05
      143 -1.609408e-05
      144  1.061217e-05
      145 -5.672961e-05
      146 -2.042762e-04
      147 -4.511276e-04
      148 -3.821182e-04
      149 -2.444331e-04
      150  4.101689e-05
      151  3.324844e-05
      152  6.231084e-05
      153  5.080359e-05
      154 -9.370149e-05
      155 -1.280007e-04
      156 -1.523075e-04
      157  0.000000e+00
      158  0.000000e+00
      159  0.000000e+00