pos          info
        0 -9.334453e-05
        1 -8.233330e-05
        2  1.915719e-05
        3  2.451636e-05
        4  2.582922e-05
        5 -2.708876e-07
        6 -4.358394e-05
        7 -6.626236e-05
        8 -5.367515e-05
        9 -1.728758e-05
       10 -7.183705e-05
       11  1.448548e-05
       12 -3.609697e-05
       13  5.638419e-05
       14 -1.568186e-05
       15  5.818098e-05
       16  2.391789e-05
       17 -3.115615e-06
       18 -3.873342e-05
       19  1.052005e-05
       20  1.243660e-04
       21  6.166518e-05
       22 -1.176097e-04
       23 -2.117995e-04
       24 -1.127228e-04
       25  2.991171e-05
       26 -1.198547e-05
       27 -6.644524e-05
       28 -3.735652e-05
       29  2.951217e-07
       30  2.776713e-05
       31  6.200692e-05
       32  1.012200e-04
       33 -2.883662e-05
       34 -4.704747e-05
       35 -3.735235e-05
       36  1.080344e-04
       37  1.041981e-04
       38  5.742353e-05
       39  2.853412e-05
       40 -6.086345e-05
       41 -5.813423e-05
       42 -8.015163e-05
       43  3.726986e-05
       44  1.187305e-05
       45 -9.051142e-06
       46 -8.718064e-05
       47 -1.687976e-05
       48  4.312148e-05
       49  3.969660e-05
       50 -6.319117e-05
       51 -6.430907e-05
       52 -5.771562e-05
       53 -1.384264e-06
       54  1.007065e-06
       55  5.680893e-06
       56  8.551420e-05
       57  3.448452e-04
       58  3.760682e-04
       59  3.382829e-04
       60  5.731947e-04
       61  8.523418e-04
       62  1.336060e-03
       63  1.308767e-03
       64  1.698517e-03
       65  1.388484e-03
       66  1.013122e-03
       67  3.531979e-04
       68  1.745391e-04
       69  8.065584e-05
       70  4.515650e-05
       71  2.092378e-04
       72  2.147535e-04
       73  2.326792e-04
       74  4.162633e-05
       75 -3.496175e-05
       76 -2.464523e-05
       77  1.262179e-04
       78  4.133028e-04
       79  9.776072e-04
       80  8.143938e-04
       81  9.125052e-04
       82  3.649648e-04
       83  7.282559e-04
       84  4.122830e-04
       85  2.188372e-04
       86 -5.977127e-05
       87  6.801636e-05
       88  2.033430e-04
       89  3.399861e-04
       90  2.989038e-04
       91  2.040917e-04
       92 -1.617283e-05
       93  7.660110e-04
       94  9.704882e-04
       95  1.005602e-03
       96 -3.945831e-04
       97 -1.142427e-03
       98 -1.270116e-03
       99 -1.658936e-03
      100 -1.634993e-03
      101 -1.533906e-03
      102 -1.164746e-03
      103 -6.234652e-04
      104 -7.125377e-04
      105 -1.591861e-04
      106 -8.327917e-05
      107  7.343153e-05
      108  2.935394e-04
      109  2.924085e-04
      110  2.066164e-04
      111 -1.377407e-05
      112  5.033688e-05
      113 -2.095149e-04
      114 -1.545173e-04
      115 -4.146168e-04
      116  2.697631e-04
      117  3.228400e-04
      118  1.752904e-03
      119  1.197458e-03
      120  1.460501e-03
      121  4.450716e-05
      122  1.965476e-04
      123 -1.763206e-04
      124  2.944935e-05
      125  5.937967e-05
      126  6.178098e-05
      127  8.862968e-05
      128  1.396022e-06
      129  5.903606e-07
      130  5.641278e-05
      131  8.180296e-05
      132  8.195447e-05
      133 -3.206410e-05
      134 -9.826342e-07
      135 -1.646144e-05
      136 -2.396198e-05
      137  1.873891e-04
      138  1.200680e-04
      139  1.297119e-04
      140 -7.490748e-05
      141  6.601382e-06
      142 -2.339625e-05
      143  1.456468e-04
      144  1.217052e-04
      145  1.448594e-04
      146  8.508159e-05
      147  1.103521e-04
      148  3.139684e-04
      149  1.857856e-04
      150  1.391729e-04
      151 -3.142525e-05
      152 -2.680616e-05
      153  3.823182e-05
      154  2.849099e-05
      155  4.286931e-05
      156  1.800407e-05
      157  0.000000e+00
      158  0.000000e+00
      159  0.000000e+00