pos          info
        0 -2.485964e-06
        1  7.182595e-06
        2 -3.660164e-06
        3 -3.478352e-05
        4 -5.014695e-05
        5 -4.686655e-05
        6 -8.654280e-06
        7  1.241698e-05
        8  6.897775e-06
        9  8.257009e-06
       10  8.915627e-06
       11  1.809922e-05
       12  5.755574e-06
       13  2.071477e-05
       14  1.357274e-05
       15  6.228332e-05
       16  5.126032e-05
       17  7.655067e-05
       18  2.731718e-05
       19  2.042068e-05
       20  3.988179e-05
       21  6.949149e-05
       22  1.374532e-04
       23  7.672258e-05
       24  4.565197e-05
       25  8.016698e-07
       26  1.918722e-05
       27  1.155532e-05
       28 -2.680523e-05
       29 -4.454669e-05
       30 -4.037644e-05
       31 -2.825048e-05
       32 -3.131627e-05
       33  3.415182e-05
       34  1.110279e-05
       35  4.325736e-05
       36 -2.473853e-05
       37  1.508647e-06
       38 -7.924841e-06
       39  1.988810e-05
       40  4.286200e-05
       41  4.543266e-05
       42  4.848630e-05
       43  7.770793e-06
       44 -1.579351e-05
       45 -3.806200e-05
       46 -3.673153e-06
       47  5.331475e-06
       48  4.054795e-06
       49 -1.207046e-05
       50  1.359223e-05
       51  1.288201e-05
       52  3.919162e-05
       53  4.949387e-05
       54  3.650780e-05
       55  9.083291e-06
       56 -4.655841e-06
       57 -6.926040e-05
       58 -6.367826e-05
       59 -8.969954e-05
       60 -1.523611e-05
       61 -1.452191e-05
       62 -5.150189e-05
       63 -2.768605e-05
       64 -1.180714e-04
       65 -6.734213e-05
       66 -4.473479e-05
       67  4.217302e-05
       68  6.319869e-05
       69  2.110041e-05
       70  2.110379e-05
       71 -2.811823e-05
       72 -5.808277e-06
       73 -5.583751e-06
       74  2.169792e-05
       75  1.066645e-06
       76  1.411741e-07
       77  6.915868e-06
       78  3.854742e-06
       79 -2.389455e-05
       80 -2.356214e-05
       81 -2.447945e-05
       82  6.929107e-05
       83 -5.081528e-05
       84 -5.609521e-05
       85 -3.688673e-05
       86  7.676852e-05
       87  7.665622e-05
       88 -3.235325e-05
       89 -9.817291e-05
       90 -9.035307e-05
       91 -6.478162e-05
       92  6.584542e-06
       93 -5.417849e-05
       94 -6.452637e-05
       95 -1.379763e-04
       96  9.314759e-05
       97  1.680400e-04
       98  2.891710e-04
       99  4.008983e-04
      100  4.479941e-04
      101  4.207412e-04
      102  3.472826e-04
      103  2.914587e-04
      104  2.673597e-04
      105  5.477876e-05
      106  6.729494e-06
      107  3.377553e-06
      108 -1.052985e-05
      109  9.178609e-06
      110  5.986411e-06
      111  2.419594e-05
      112 -4.426702e-06
      113  3.821420e-05
      114  3.371642e-05
      115  7.524616e-05
      116  5.844498e-05
      117  1.665248e-05
      118 -2.128192e-04
      119 -1.031336e-04
      120 -1.082499e-04
      121  2.610078e-04
      122  1.195912e-04
      123  1.709729e-04
      124 -1.006473e-05
      125  7.361449e-07
      126 -3.762549e-06
      127  7.821658e-06
      128  1.064543e-04
      129  1.276133e-04
      130  7.168511e-05
      131 -2.040566e-05
      132 -3.749900e-05
      133  1.920281e-05
      134  1.055839e-05
      135 -4.190316e-05
      136 -2.762399e-05
      137 -4.473203e-05
      138  1.868261e-05
      139  3.919582e-05
      140  4.912401e-05
      141  3.780749e-05
      142  6.729292e-06
      143  1.433899e-05
      144  4.254164e-05
      145  2.619671e-05
      146  1.245840e-06
      147 -2.854855e-05
      148 -7.048969e-05
      149 -3.799304e-05
      150 -1.433998e-05
      151  3.652031e-05
      152  2.744663e-05
      153  2.882078e-06
      154 -1.674541e-05
      155 -3.038545e-05
      156 -3.305088e-05
      157  0.000000e+00
      158  0.000000e+00
      159  0.000000e+00