pos      val_A      val_C      val_G      val_T
   0   0.039308  -0.017378   0.001718  -0.023648
   1   0.034895  -0.013467   0.009612  -0.031039
   2  -0.000361  -0.004733  -0.004423   0.009518
   3  -0.011470   0.014088   0.017745  -0.020363
   4  -0.009269   0.006860   0.040799  -0.038390
   5  -0.009569  -0.014512   0.015441   0.008640
   6  -0.013080   0.000529  -0.037365   0.049916
   7   0.020975   0.002882   0.015337  -0.039195
   8  -0.007452  -0.017928   0.021116   0.004264
   9  -0.029389   0.029170  -0.011423   0.011642
  10   0.009304   0.018916  -0.005320  -0.022900
  11  -0.006311  -0.005787   0.013685  -0.001587
  12  -0.054062  -0.000487   0.025725   0.028825
  13   0.000998  -0.031052   0.025691   0.004363
  14   0.010806  -0.010077  -0.025845   0.025116
  15  -0.018879   0.041949  -0.035345   0.012275
  16   0.012288   0.040536  -0.042601  -0.010223
  17   0.024939  -0.013691   0.006141  -0.017390
  18   0.015896   0.034803  -0.059376   0.008676
  19  -0.017675   0.015535  -0.006260   0.008400
  20   0.012421   0.002853  -0.007918  -0.007356
  21   0.007659   0.006026   0.009266  -0.022951
  22  -0.009476  -0.034341  -0.008422   0.052238
  23   0.049524  -0.029793  -0.049523   0.029792
  24   0.000036  -0.011774  -0.030075   0.041813
  25   0.018907  -0.021629   0.004175  -0.001453
  26  -0.002713   0.032603  -0.012399  -0.017491
  27  -0.011877  -0.006507  -0.008449   0.026833
  28   0.022931  -0.050065   0.004662   0.022472
  29   0.028500   0.018948  -0.031932  -0.015516
  30  -0.021645   0.016944  -0.042495   0.047197
  31   0.007218  -0.007082   0.001380  -0.001517
  32  -0.038174   0.005639   0.007552   0.024983
  33   0.025064  -0.029224  -0.010298   0.014458
  34  -0.020948   0.036343  -0.002852  -0.012543
  35  -0.005154  -0.004743  -0.031291   0.041188
  36  -0.011737   0.025513   0.011290  -0.025066
  37   0.016469  -0.023406   0.030120  -0.023183
  38  -0.012488   0.008082   0.020014  -0.015608
  39  -0.008437  -0.023875   0.020764   0.011547
  40   0.004995   0.029103  -0.013541  -0.020557
  41   0.023739  -0.000349   0.014031  -0.037422
  42   0.000785   0.023053   0.008214  -0.032052
  43  -0.052923   0.031522  -0.003312   0.024713
  44   0.007511   0.021675  -0.022624  -0.006562
  45  -0.030712   0.027848  -0.015375   0.018239
  46   0.017753   0.008671  -0.009445  -0.016980
  47   0.027457  -0.007254   0.027915  -0.048118
  48  -0.015359   0.015339  -0.006455   0.006475
  49  -0.024341  -0.020490   0.005096   0.039736
  50  -0.047301   0.047674   0.002890  -0.003263
  51   0.009243   0.000253  -0.001527  -0.007969
  52  -0.021341   0.026713   0.034824  -0.040197
  53   0.032989  -0.021273   0.001734  -0.013449
  54   0.019246   0.001017  -0.003389  -0.016874
  55  -0.037881   0.003148   0.006193   0.028539
  56   0.006821   0.012574  -0.014250  -0.005145
  57  -0.012141   0.049447  -0.029412  -0.007893
  58   0.007746  -0.003651   0.027273  -0.031368
  59   0.010604   0.018047   0.027999  -0.056651
  60   0.028950   0.023883  -0.031231  -0.021601
  61   0.039786  -0.022173   0.005541  -0.023154
  62   0.037944   0.019620   0.020332  -0.077896
  63  -0.002426   0.036926  -0.061514   0.027014
  64   0.010446   0.043057   0.026379  -0.079882
  65   0.008566   0.050747  -0.074811   0.015498
  66  -0.092433   0.030599   0.067541  -0.005706
  67   0.023384  -0.002468   0.030669  -0.051586
  68   0.013368  -0.035476  -0.057182   0.079291
  69  -0.023566   0.015300   0.027262  -0.018996
  70  -0.001789  -0.021213  -0.005187   0.028189
  71   0.013829  -0.032782   0.017436   0.001517
  72  -0.027252  -0.010824   0.009552   0.028525
  73   0.003998  -0.049215   0.018330   0.026888
  74   0.019474   0.006895  -0.008095  -0.018274
  75   0.049670   0.014423  -0.018758  -0.045335
  76   0.018170  -0.011071  -0.028110   0.021011
  77  -0.015990  -0.002005  -0.012241   0.030237
  78   0.007047   0.012858   0.001747  -0.021652
  79   0.011548   0.029127   0.003827  -0.044502
  80   0.054797   0.026085  -0.028565  -0.052317
  81   0.023250   0.048938   0.013360  -0.085548
  82  -0.002892   0.025916  -0.029170   0.006146
  83   0.052545  -0.061754   0.004665   0.004544
  84  -0.014915   0.052484  -0.025752  -0.011817
  85  -0.066415   0.054194   0.023951  -0.011730
  86  -0.043929   0.013141   0.025624   0.005163
  87  -0.049104   0.041418  -0.019968   0.027654
  88   0.032110  -0.009408   0.009412  -0.032114
  89  -0.016153   0.031888   0.023660  -0.039395
  90   0.000507   0.009165  -0.016581   0.006908
  91  -0.051832   0.038421   0.009779   0.003632
  92   0.013145   0.022248  -0.002906  -0.032487
  93   0.035197   0.003713  -0.045636   0.006726
  94  -0.036961   0.004964   0.010505   0.021491
  95   0.038227   0.047676   0.016449  -0.102351
  96  -0.030860   0.051832   0.015352  -0.036324
  97   0.034706   0.006489  -0.020292  -0.020903
  98  -0.008254  -0.108627   0.034783   0.082098
  99   0.092004  -0.012703  -0.025730  -0.053571
 100  -0.105626   0.015534   0.056285   0.033806
 101   0.001908  -0.075501   0.108694  -0.035101
 102  -0.064708   0.013629   0.089078  -0.037999
 103   0.010226   0.034167  -0.035055  -0.009339
 104   0.084807  -0.066859   0.012154  -0.030102
 105  -0.019134   0.010377   0.031089  -0.022332
 106   0.015823  -0.031935  -0.016061   0.032173
 107  -0.002102  -0.027805   0.038530  -0.008623
 108   0.018476  -0.001316   0.003226  -0.020387
 109  -0.024723  -0.030234   0.017164   0.037792
 110   0.006771   0.014868   0.030429  -0.052068
 111   0.013699   0.004900  -0.009054  -0.009545
 112   0.012077   0.004633  -0.021652   0.004942
 113  -0.016576  -0.001085   0.000035   0.017626
 114   0.000763   0.019267   0.007734  -0.027764
 115  -0.060485   0.000667   0.000470   0.059347
 116  -0.010522   0.012421  -0.025958   0.024059
 117  -0.011662   0.049742  -0.037250  -0.000830
 118   0.053755   0.036373  -0.070588  -0.019540
 119  -0.048045   0.036073   0.048803  -0.036831
 120  -0.121550   0.018029   0.064576   0.038945
 121   0.000402   0.004097   0.042310  -0.046809
 122  -0.067506   0.006359   0.060839   0.000308
 123  -0.024143  -0.052987   0.028792   0.048338
 124  -0.001453  -0.007852   0.020164  -0.010860
 125  -0.015344  -0.022900   0.033665   0.004579
 126  -0.009692  -0.017122  -0.028813   0.055626
 127  -0.022221   0.038900  -0.009103  -0.007576
 128   0.044349  -0.032872  -0.007890  -0.003587
 129   0.036141  -0.006876  -0.024652  -0.004613
 130  -0.010201   0.024425  -0.011475  -0.002750
 131   0.001327  -0.015314   0.010525   0.003462
 132   0.007917   0.009658   0.018414  -0.035989
 133  -0.020639   0.016761   0.001856   0.002022
 134   0.000169  -0.008776   0.001920   0.006687
 135   0.009568   0.010735  -0.015155  -0.005147
 136   0.016187   0.000257  -0.010304  -0.006140
 137   0.014026  -0.000745   0.026066  -0.039346
 138   0.005676   0.014544   0.005567  -0.025786
 139  -0.052016   0.043020   0.022620  -0.013623
 140   0.032479   0.028798  -0.019905  -0.041372
 141   0.033560  -0.042485   0.008879   0.000047
 142  -0.022016  -0.013759   0.013191   0.022584
 143  -0.011254   0.013530   0.004079  -0.006356
 144   0.021157  -0.057334   0.047443  -0.011267
 145   0.014674   0.025409   0.007633  -0.047717
 146  -0.007762   0.026431   0.017732  -0.036401
 147  -0.036273   0.013221   0.010916   0.012136
 148  -0.039409  -0.006055   0.026102   0.019362
 149  -0.000596   0.017418  -0.002328  -0.014495
 150   0.024854   0.024825  -0.047849  -0.001830
 151  -0.052020  -0.005247   0.006032   0.051234
 152   0.023606   0.025989  -0.063317   0.013723
 153  -0.015393   0.004150   0.000831   0.010412
 154   0.018095  -0.005247  -0.009158  -0.003690
 155  -0.013417  -0.015425  -0.012199   0.041041
 156   0.001890   0.043677  -0.010617  -0.034950
 157  -0.013988   0.010749  -0.010511   0.013750
 158   0.009072   0.013910  -0.002650  -0.020333
 159  -0.003636   0.014922  -0.009462  -0.001824
 160  -0.002780   0.003810  -0.006862   0.005832
 161  -0.012135   0.011101  -0.004713   0.005747
 162  -0.001978   0.006851   0.001462  -0.006335
 163  -0.022339   0.003383   0.021310  -0.002353
 164  -0.005541   0.022745  -0.008826  -0.008378
 165  -0.025377   0.020715  -0.000939   0.005601
 166  -0.016991   0.016927   0.001656  -0.001593
 167  -0.014893   0.016295  -0.002319   0.000916
 168  -0.007707   0.006923   0.017620  -0.016836
 169  -0.008013   0.003993  -0.010667   0.014687
 170  -0.044332   0.026199   0.015872   0.002261
 171  -0.022892   0.013324   0.003321   0.006247
 172  -0.026330   0.014372   0.001956   0.010003
 173  -0.034954   0.041634  -0.000299  -0.006380
 174  -0.034659   0.014459   0.035719  -0.015518
 175  -0.028133   0.038086   0.026256  -0.036209
 176  -0.019863   0.027055   0.022996  -0.030188
 177  -0.035506   0.031309   0.042149  -0.037953
 178  -0.042757   0.020901   0.057023  -0.035167
 179  -0.010449  -0.019834   0.049620  -0.019337
