pos       info
        0  -0.000049
        1  -0.000017
        2   0.000130
        3   0.000150
        4   0.000140
        5   0.000007
        6  -0.000057
        7  -0.000079
        8  -0.000046
        9   0.000012
       10  -0.000006
       11   0.000021
       12  -0.000040
       13   0.000006
       14   0.000053
       15   0.000123
       16   0.000154
       17   0.000011
       18  -0.000028
       19  -0.000020
       20   0.000147
       21   0.000083
       22  -0.000075
       23  -0.000182
       24  -0.000094
       25  -0.000003
       26  -0.000109
       27  -0.000142
       28  -0.000126
       29  -0.000017
       30   0.000014
       31   0.000009
       32   0.000011
       33  -0.000125
       34  -0.000136
       35  -0.000144
       36   0.000031
       37   0.000057
       38   0.000072
       39  -0.000037
       40  -0.000166
       41  -0.000185
       42  -0.000130
       43  -0.000019
       44  -0.000007
       45  -0.000002
       46  -0.000013
       47  -0.000013
       48  -0.000029
       49  -0.000022
       50  -0.000044
       51  -0.000028
       52  -0.000042
       53  -0.000022
       54  -0.000007
       55  -0.000004
       56   0.000070
       57   0.000592
       58   0.000725
       59   0.000732
       60   0.000955
       61   0.001514
       62   0.002111
       63   0.002294
       64   0.002703
       65   0.002199
       66   0.001303
       67   0.000212
       68   0.000034
       69  -0.000004
       70   0.000001
       71   0.000216
       72   0.000226
       73   0.000215
       74   0.000061
       75  -0.000037
       76  -0.000037
       77   0.000176
       78   0.000720
       79   0.001364
       80   0.001121
       81   0.000764
       82   0.000137
       83   0.000292
       84   0.000251
       85   0.000225
       86   0.000148
       87   0.000148
       88   0.000158
       89   0.000203
       90   0.000147
       91   0.000104
       92  -0.000034
       93   0.000982
       94   0.001435
       95   0.001526
       96  -0.000140
       97  -0.001116
       98  -0.001677
       99  -0.002120
      100  -0.002403
      101  -0.002019
      102  -0.001354
      103  -0.000614
      104  -0.000654
      105  -0.000234
      106  -0.000121
      107   0.000101
      108   0.000146
      109   0.000087
      110  -0.000037
      111  -0.000079
      112   0.000096
      113  -0.000259
      114  -0.000128
      115  -0.000312
      116   0.000390
      117   0.000541
      118   0.002730
      119   0.002138
      120   0.002071
      121  -0.000181
      122   0.000169
      123  -0.000043
      124   0.000085
      125   0.000075
      126   0.000082
      127   0.000089
      128   0.000005
      129   0.000002
      130   0.000086
      131   0.000069
      132   0.000070
      133  -0.000061
      134  -0.000026
      135  -0.000029
      136   0.000013
      137   0.000062
      138   0.000049
      139   0.000042
      140   0.000053
      141   0.000066
      142   0.000075
      143   0.000033
      144   0.000027
      145   0.000039
      146   0.000067
      147   0.000087
      148   0.000105
      149   0.000062
      150   0.000036
      151   0.000018
      152  -0.000002
      153   0.000113
      154   0.000116
      155   0.000145
      156   0.000020
      157   0.000000
      158   0.000000
      159   0.000000