pos      val_A      val_C      val_G      val_T
   0  -0.025894   0.007469   0.018321   0.000104
   1   0.011991   0.010951  -0.008574  -0.014368
   2   0.001145  -0.025970   0.012111   0.012714
   3   0.022818  -0.007854  -0.018530   0.003566
   4   0.023426  -0.038714  -0.019085   0.034373
   5   0.013078  -0.002838   0.002692  -0.012933
   6   0.014254  -0.006567   0.024731  -0.032417
   7  -0.003822   0.002666  -0.021862   0.023018
   8  -0.005289   0.011903  -0.007056   0.000442
   9   0.001486   0.001141   0.005450  -0.008077
  10   0.023095   0.010437  -0.015801  -0.017730
  11   0.030357  -0.021137   0.001217  -0.010437
  12   0.039455  -0.026169   0.001421  -0.014706
  13   0.005550   0.000834  -0.014088   0.007704
  14  -0.011117  -0.013901   0.014520   0.010499
  15   0.004061  -0.010252   0.031203  -0.025012
  16  -0.005815  -0.037179   0.025773   0.017222
  17  -0.010317  -0.004033   0.030736  -0.016385
  18  -0.026587   0.005715   0.036977  -0.016106
  19   0.027671  -0.047523   0.010111   0.009741
  20   0.033979  -0.013423  -0.009021  -0.011535
  21  -0.004539  -0.010034  -0.002446   0.017018
  22   0.008739  -0.022288   0.022233  -0.008683
  23  -0.010417   0.008681   0.025206  -0.023470
  24   0.006322   0.009249   0.007242  -0.022813
  25   0.001633   0.006758  -0.018142   0.009751
  26   0.007809  -0.046389   0.029562   0.009018
  27  -0.007317  -0.003900   0.010370   0.000847
  28  -0.014735   0.005498   0.004245   0.004992
  29   0.002771   0.000614  -0.002296  -0.001089
  30   0.041577  -0.030137  -0.000004  -0.011436
  31   0.022181  -0.019313   0.007795  -0.010663
  32   0.001132   0.033641  -0.016458  -0.018315
  33   0.028029  -0.023382  -0.005947   0.001299
  34   0.025042  -0.028361  -0.007957   0.011277
  35  -0.023287   0.043485   0.015970  -0.036169
  36  -0.011363  -0.009075  -0.025959   0.046397
  37  -0.016714  -0.005826   0.016148   0.006392
  38   0.016918  -0.017448  -0.016894   0.017424
  39  -0.012446   0.021261   0.004157  -0.012973
  40   0.016705  -0.011339  -0.015691   0.010325
  41   0.007939  -0.002011  -0.039542   0.033614
  42  -0.010841  -0.051878   0.027036   0.035683
  43   0.014404   0.006935  -0.016624  -0.004715
  44   0.001639  -0.037534   0.047234  -0.011339
  45   0.008707   0.000295   0.002457  -0.011459
  46   0.001467  -0.014320  -0.013537   0.026390
  47  -0.008573   0.007857   0.005060  -0.004344
  48   0.023636   0.000957  -0.003971  -0.020622
  49   0.012258   0.010781  -0.009143  -0.013897
  50   0.011206  -0.016877   0.001951   0.003719
  51  -0.018616   0.009564  -0.005800   0.014853
  52   0.018152   0.007976  -0.029798   0.003670
  53  -0.022496  -0.034627   0.009356   0.047767
  54   0.015373  -0.045532   0.016705   0.013453
  55   0.039381  -0.015923   0.017945  -0.041402
  56  -0.000539  -0.011652   0.001124   0.011068
  57  -0.002462  -0.011177   0.013486   0.000153
  58  -0.004049   0.020169  -0.029928   0.013808
  59   0.001896  -0.028292  -0.012755   0.039151
  60  -0.005140  -0.003850   0.032424  -0.023435
  61  -0.033538   0.018733  -0.011286   0.026091
  62  -0.019222  -0.016849   0.019730   0.016341
  63   0.005521  -0.036917   0.030058   0.001338
  64   0.017253  -0.018735  -0.024301   0.025783
  65   0.007009   0.009040  -0.011925  -0.004124
  66   0.028065  -0.027670  -0.030333   0.029938
  67  -0.012949   0.014398   0.001550  -0.002999
  68   0.001022  -0.009765   0.033811  -0.025068
  69  -0.008027  -0.011174  -0.006834   0.026035
  70  -0.003048  -0.020553   0.015651   0.007950
  71  -0.003548   0.017389  -0.000813  -0.013029
  72   0.047575  -0.022870  -0.001075  -0.023631
  73  -0.010804  -0.009785   0.022426  -0.001837
  74   0.007560  -0.013193  -0.017363   0.022997
  75   0.007578   0.006210  -0.020837   0.007049
  76   0.007796  -0.014307   0.014199  -0.007688
  77   0.015024  -0.023649   0.016132  -0.007506
  78   0.028094   0.017684  -0.006183  -0.039595
  79   0.000070   0.012910   0.004276  -0.017256
  80  -0.019607  -0.012041   0.019128   0.012520
  81  -0.006148  -0.011953   0.001245   0.016857
  82  -0.001638   0.003901   0.020011  -0.022274
  83  -0.016763   0.012075  -0.008283   0.012970
  84   0.001716  -0.026943  -0.069302   0.094528
  85   0.060407  -0.043936  -0.034664   0.018193
  86  -0.009622   0.024039  -0.016021   0.001603
  87   0.015330  -0.040756   0.027057  -0.001630
  88   0.015575  -0.021204  -0.013360   0.018989
  89   0.038050  -0.007537  -0.030470  -0.000044
  90   0.001927  -0.048199  -0.011654   0.057926
  91   0.054742  -0.030663  -0.018249  -0.005830
  92   0.015603  -0.016306  -0.007652   0.008355
  93  -0.008249  -0.028841   0.049548  -0.012457
  94   0.036709  -0.008136  -0.035381   0.006808
  95  -0.011243  -0.026701   0.009160   0.028784
  96   0.058500  -0.056915  -0.027411   0.025827
  97  -0.023305  -0.022815   0.034409   0.011711
  98   0.026568   0.055888  -0.009013  -0.073443
  99  -0.041916   0.031368   0.030588  -0.020040
 100   0.078714  -0.015751  -0.013021  -0.049942
 101   0.024195   0.043407  -0.103292   0.035691
 102   0.020405  -0.007302  -0.068083   0.054980
 103   0.009743  -0.035331   0.054775  -0.029188
 104  -0.072870   0.016675   0.019221   0.036973
 105   0.030871  -0.008712  -0.025678   0.003520
 106  -0.023093   0.008041   0.033829  -0.018777
 107   0.027687   0.011428  -0.037227  -0.001887
 108  -0.006448   0.021672  -0.027345   0.012120
 109  -0.020910   0.013455  -0.005457   0.012913
 110  -0.010936   0.002733  -0.025388   0.033590
 111  -0.016150  -0.010120   0.038070  -0.011800
 112   0.025185  -0.006090  -0.005374  -0.013722
 113   0.013631   0.009225  -0.004974  -0.017882
 114  -0.002044  -0.028370   0.013127   0.017287
 115   0.028287   0.004179   0.013547  -0.046013
 116  -0.025840   0.001888   0.020822   0.003131
 117   0.018355  -0.040436   0.004961   0.017119
 118  -0.006873   0.009196  -0.020354   0.018031
 119   0.026940  -0.040920  -0.026182   0.040162
 120   0.057519  -0.018294  -0.030467  -0.008759
 121  -0.007937   0.012575  -0.071265   0.066627
 122   0.039749  -0.013880  -0.006186  -0.019683
 123   0.021372   0.055623  -0.012216  -0.064780
 124   0.014344  -0.017680  -0.009445   0.012781
 125   0.024270  -0.021566  -0.026438   0.023733
 126   0.007920  -0.010912  -0.015744   0.018736
 127   0.038042  -0.030417  -0.000564  -0.007061
 128  -0.000323  -0.023534  -0.003503   0.027361
 129   0.015324  -0.026308  -0.026535   0.037519
 130   0.020621  -0.031143  -0.008549   0.019071
 131   0.005248  -0.007986  -0.007092   0.009829
 132  -0.004081  -0.025064  -0.002432   0.031577
 133   0.016252   0.005418  -0.014437  -0.007232
 134  -0.025830   0.013995   0.011849  -0.000014
 135  -0.011906  -0.034323   0.033015   0.013214
 136   0.003791  -0.030047   0.026414  -0.000158
 137   0.003446   0.003978  -0.008521   0.001098
 138   0.005100  -0.033574   0.010805   0.017669
 139   0.029747  -0.031791  -0.000474   0.002517
 140  -0.012479  -0.018562   0.008544   0.022497
 141  -0.013920   0.013219  -0.029413   0.030115
 142   0.004514   0.032802  -0.004615  -0.032701
 143   0.029994  -0.005732  -0.015854  -0.008407
 144   0.000844   0.020597  -0.010312  -0.011129
 145  -0.002587  -0.005598  -0.015639   0.023824
 146  -0.016060   0.001283  -0.004334   0.019112
 147   0.028622   0.007928  -0.038429   0.001879
 148   0.022892   0.030979  -0.018088  -0.035783
 149   0.029097  -0.010647  -0.002301  -0.016149
 150  -0.016060  -0.011997   0.044518  -0.016461
 151   0.035220   0.005488  -0.013447  -0.027260
 152  -0.023126   0.008545   0.034836  -0.020255
 153  -0.003757  -0.002611   0.004062   0.002306
 154  -0.003164  -0.005332  -0.007796   0.016292
 155   0.024062  -0.006342  -0.002442  -0.015279
 156   0.016611  -0.036900   0.016202   0.004086
 157  -0.002772  -0.016730   0.014288   0.005214
 158   0.001934  -0.027579   0.006724   0.018921
 159   0.018738  -0.015571   0.015917  -0.019083
 160  -0.005227  -0.014716   0.028562  -0.008619
 161  -0.000141   0.008456   0.021266  -0.029581
 162   0.006407  -0.019953   0.002326   0.011220
 163   0.017287  -0.014227   0.002363  -0.005423
 164   0.008401  -0.004503  -0.013727   0.009829
 165   0.006327  -0.006205  -0.006509   0.006386
 166   0.000137  -0.008216   0.008187  -0.000108
 167  -0.004177  -0.008513   0.002927   0.009764
 168   0.003354   0.000460  -0.007184   0.003370
 169   0.023991   0.009855  -0.008734  -0.025111
 170   0.057410  -0.019041  -0.033325  -0.005045
 171   0.030131  -0.002017  -0.017761  -0.010353
 172   0.035902  -0.022823   0.002773  -0.015851
 173   0.066442  -0.030650  -0.019984  -0.015808
 174   0.052605  -0.010409  -0.056377   0.014181
 175   0.045572  -0.028501  -0.038392   0.021321
 176   0.037156  -0.006301  -0.045493   0.014638
 177   0.051157  -0.018969  -0.070385   0.038197
 178   0.049430  -0.038052  -0.083431   0.072053
 179   0.028742   0.032049  -0.088617   0.027826
