       pos       info
         0  -0.000104
         1  -0.000081
         2  -0.000169
         3  -0.000460
         4  -0.000262
         5  -0.000131
         6   0.000300
         7   0.000080
         8   0.000040
         9   0.000159
        10   0.000145
        11   0.000128
        12  -0.000069
        13  -0.000029
        14   0.000106
        15   0.000068
        16   0.000081
        17  -0.000060
        18   0.000093
        19   0.000099
        20   0.000227
        21   0.000134
        22   0.000170
        23   0.000099
        24   0.000031
        25  -0.000010
        26   0.000157
        27   0.000235
        28   0.000238
        29   0.000051
        30   0.000041
        31   0.000104
        32   0.000090
        33   0.000157
        34   0.000462
        35   0.000461
        36   0.000465
        37   0.000104
        38   0.000161
        39  -0.000489
        40  -0.000497
        41  -0.000486
        42  -0.000070
        43  -0.000093
        44  -0.000139
        45   0.000005
        46   0.000109
        47   0.000012
        48   0.000006
        49  -0.000091
        50  -0.000272
        51  -0.000474
        52  -0.000436
        53  -0.000407
        54  -0.000214
        55   0.000077
        56   0.000406
        57   0.000209
        58  -0.000131
        59  -0.000217
        60  -0.000421
        61  -0.000416
        62  -0.000292
        63   0.000136
        64   0.000273
        65   0.000202
        66   0.000510
        67   0.000358
        68   0.000378
        69   0.000033
        70   0.000061
        71  -0.000109
        72  -0.000318
        73  -0.000299
        74  -0.000219
        75   0.000024
        76  -0.000029
        77  -0.000037
        78  -0.000042
        79  -0.000620
        80  -0.000608
        81  -0.000620
        82  -0.000013
        83  -0.000075
        84  -0.000328
        85  -0.000435
        86  -0.000325
        87  -0.000070
        88   0.000191
        89   0.000167
        90   0.000172
        91   0.000055
        92   0.000257
        93   0.000345
        94   0.000240
        95   0.000013
        96  -0.000077
        97  -0.000021
        98  -0.000087
        99  -0.000091
       100  -0.000054
       101  -0.000080
       102  -0.000049
       103  -0.000030
       104   0.000336
       105   0.000305
       106   0.000254
       107  -0.000006
       108   0.000252
       109   0.000076
       110   0.000083
       111  -0.000192
       112   0.000022
       113  -0.000072
       114   0.000123
       115   0.000128
       116   0.000139
       117  -0.000629
       118  -0.000842
       119  -0.000641
       120  -0.000037
       121   0.000158
       122   0.000109
       123   0.000274
       124   0.000481
       125   0.000055
       126  -0.000312
       127  -0.000521
       128  -0.000030
       129   0.000292
       130   0.000513
       131   0.000385
       132   0.000266
       133   0.000187
       134   0.000180
       135   0.000107
       136  -0.000045
       137   0.000116
       138   0.000397
       139   0.000377
       140   0.000212
       141  -0.000004
       142  -0.000044
       143  -0.000169
       144  -0.000165
       145  -0.000087
       146  -0.000093
       147  -0.000135
       148   0.000132
       149   0.000279
       150   0.000342
       151  -0.000184
       152  -0.000237
       153  -0.000171
       154   0.000056
       155   0.000106
       156  -0.000056
       157   0.000000
       158   0.000000
       159   0.000000