pos      val_A      val_C      val_G      val_T
   0  -0.003431   0.001220   0.001055   0.001156
   1   0.003164  -0.002650  -0.000258  -0.000257
   2  -0.002867  -0.001564   0.002679   0.001753
   3   0.002016  -0.001550   0.000056  -0.000522
   4  -0.001693  -0.000507   0.000367   0.001833
   5   0.000586  -0.004605   0.000763   0.003256
   6   0.001244  -0.001254  -0.000990   0.001001
   7  -0.001857  -0.000575   0.002661  -0.000229
   8  -0.000640  -0.000588   0.000706   0.000522
   9  -0.001298  -0.005893   0.006921   0.000270
  10   0.001383  -0.000271   0.004069  -0.005181
  11  -0.002362   0.001465   0.002532  -0.001635
  12  -0.001371   0.000978   0.002243  -0.001850
  13   0.008180  -0.003637  -0.003899  -0.000644
  14   0.003139  -0.001979  -0.000718  -0.000443
  15  -0.002270  -0.000319  -0.002844   0.005432
  16  -0.000988  -0.002546   0.004673  -0.001139
  17  -0.001678  -0.003150  -0.000583   0.005412
  18   0.001395  -0.002378   0.001968  -0.000986
  19  -0.000149  -0.000632  -0.000175   0.000955
  20  -0.000144  -0.001087   0.002688  -0.001457
  21   0.000623  -0.001224   0.000168   0.000433
  22  -0.000626  -0.000336  -0.002970   0.003932
  23  -0.002073   0.000413  -0.001803   0.003464
  24   0.002278   0.000886   0.001386  -0.004550
  25  -0.000414  -0.000999   0.002364  -0.000951
  26  -0.002108   0.000913   0.000068   0.001127
  27  -0.000571   0.001114   0.001132  -0.001675
  28  -0.001269   0.000886   0.001585  -0.001202
  29   0.001113  -0.000654  -0.001144   0.000685
  30   0.000122  -0.000114   0.000134  -0.000142
  31   0.001593   0.004884  -0.000971  -0.005506
  32   0.003578   0.000083  -0.002428  -0.001233
  33   0.003711  -0.000391  -0.002474  -0.000846
  34   0.003333  -0.001168   0.003330  -0.005495
  35  -0.003237   0.000938   0.000041   0.002258
  36   0.001158  -0.002399   0.003866  -0.002625
  37   0.001538  -0.001944   0.000925  -0.000519
  38   0.000219  -0.003450  -0.001811   0.005042
  39  -0.000687  -0.001035   0.001962  -0.000240
  40   0.005840  -0.000757  -0.002620  -0.002464
  41   0.000006  -0.002269  -0.002171   0.004434
  42  -0.002687   0.000307   0.003156  -0.000775
  43  -0.002015   0.001930  -0.002047   0.002132
  44  -0.000578   0.001642   0.001307  -0.002372
  45  -0.000378  -0.000473  -0.000231   0.001082
  46   0.000134  -0.002289   0.002411  -0.000256
  47   0.001576  -0.000747  -0.001386   0.000557
  48   0.000720  -0.004129   0.000760   0.002648
  49   0.002349  -0.003072   0.000089   0.000633
  50  -0.002283  -0.001421   0.001734   0.001970
  51   0.002850  -0.003668   0.000783   0.000034
  52  -0.000591   0.001017   0.000872  -0.001297
  53   0.000515  -0.002526  -0.001796   0.003807
  54  -0.000017  -0.001619  -0.002783   0.004419
  55   0.001918   0.000023  -0.001985   0.000043
  56   0.002969  -0.000592   0.001271  -0.003647
  57  -0.000471  -0.000131  -0.000376   0.000978
  58  -0.001053  -0.003148  -0.001996   0.006197
  59  -0.003839   0.001484   0.002028   0.000327
  60   0.000700  -0.001623   0.002893  -0.001970
  61   0.001559  -0.001711   0.001724  -0.001572
  62   0.001048   0.000773  -0.001564  -0.000257
  63   0.001832  -0.000807  -0.000475  -0.000549
  64   0.000545  -0.000396  -0.002103   0.001955
  65  -0.000528   0.001635   0.003330  -0.004437
  66  -0.002994  -0.000468   0.002975   0.000488
  67   0.001171   0.001595  -0.000718  -0.002047
  68  -0.003468  -0.000399   0.002160   0.001707
  69  -0.001780   0.000183  -0.000581   0.002178
  70  -0.001443  -0.002141   0.003531   0.000053
  71   0.001337   0.000114  -0.000883  -0.000569
  72   0.003590  -0.005346   0.001273   0.000483
  73  -0.000396   0.000887  -0.000330  -0.000161
  74  -0.000117  -0.002517  -0.001421   0.004055
  75   0.001088   0.000008  -0.000037  -0.001059
  76   0.000303   0.000685  -0.001204   0.000215
  77  -0.005313  -0.000469   0.001566   0.004215
  78   0.000268  -0.001025   0.003393  -0.002636
  79  -0.001538   0.005150  -0.000921  -0.002691
  80  -0.002835  -0.005039  -0.000672   0.008547
  81  -0.001711  -0.002748  -0.000783   0.005241
  82  -0.003127  -0.003808   0.009356  -0.002422
  83  -0.001917   0.002374  -0.000971   0.000514
  84   0.001618  -0.001440  -0.001800   0.001623
  85  -0.000482   0.001260  -0.001959   0.001181
  86   0.001612   0.000584  -0.001551  -0.000644
  87   0.003139  -0.001421   0.000585  -0.002303
  88   0.002292  -0.000003   0.000978  -0.003267
  89  -0.000953   0.000785   0.000110   0.000057
  90  -0.001030  -0.001923   0.000236   0.002717
  91   0.002163  -0.000230   0.001531  -0.003464
  92   0.000537  -0.002606   0.002972  -0.000902
  93  -0.001817   0.003412  -0.003319   0.001724
  94   0.002098  -0.002153   0.005057  -0.005003
  95  -0.000501  -0.001042  -0.003940   0.005482
  96   0.000552  -0.003313   0.002438   0.000323
  97   0.003907   0.001948  -0.002278  -0.003577
  98  -0.002225  -0.000576  -0.005996   0.008798
  99   0.004523  -0.000786  -0.000893  -0.002844
 100  -0.000132  -0.000204   0.003153  -0.002817
 101  -0.003090   0.001066   0.004558  -0.002534
 102  -0.000395   0.002700  -0.001382  -0.000923
 103   0.002224  -0.004074  -0.003711   0.005561
 104   0.009206  -0.005194  -0.001054  -0.002958
 105  -0.009731   0.001267  -0.000201   0.008665
 106   0.002496  -0.001154   0.000370  -0.001711
 107   0.002779   0.002499  -0.000978  -0.004300
 108  -0.002596  -0.002531  -0.002797   0.007923
 109   0.004221  -0.001506   0.002525  -0.005240
 110   0.001011  -0.002773   0.000883   0.000878
 111  -0.000780  -0.002633   0.002159   0.001255
 112  -0.000816  -0.002248   0.003879  -0.000815
 113   0.000260   0.000695  -0.002265   0.001310
 114   0.003461  -0.002685  -0.001358   0.000581
 115   0.003844   0.002015  -0.003299  -0.002559
 116  -0.002334  -0.001722   0.003789   0.000267
 117   0.001745  -0.001326   0.000191  -0.000609
 118   0.000180   0.000754   0.001642  -0.002577
 119   0.002540  -0.001987   0.000877  -0.001430
 120   0.000501  -0.001980  -0.000015   0.001494
 121   0.003599  -0.002094   0.000406  -0.001911
 122  -0.004594   0.002081   0.001110   0.001403
 123   0.003538  -0.001237  -0.001628  -0.000673
 124  -0.000256   0.000594  -0.000338   0.000001
 125   0.001976  -0.004168  -0.000927   0.003118
 126   0.000451  -0.001446   0.000387   0.000608
 127   0.001498   0.000314  -0.000586  -0.001226
 128   0.002066  -0.003719   0.002150  -0.000496
 129  -0.002812   0.000378  -0.002276   0.004710
 130   0.000715  -0.000453  -0.001775   0.001514
 131   0.004856  -0.004463   0.000667  -0.001060
 132  -0.000544   0.002901   0.001344  -0.003701
 133   0.001107  -0.001737  -0.000149   0.000778
 134  -0.003721  -0.001163   0.004096   0.000788
 135  -0.000127  -0.001648   0.000124   0.001650
 136  -0.000241   0.002233  -0.000445  -0.001547
 137   0.005222  -0.003351  -0.002103   0.000232
 138   0.005680  -0.000820  -0.000929  -0.003931
 139  -0.001613   0.000137   0.002872  -0.001395
 140  -0.002841  -0.001631   0.000784   0.003687
 141   0.000949  -0.002104   0.000039   0.001116
 142   0.000243  -0.002129   0.001010   0.000876
 143  -0.000110  -0.000973   0.002640  -0.001557
 144   0.001584   0.001518  -0.001715  -0.001388
 145   0.002694   0.004234  -0.006002  -0.000926
 146  -0.001794   0.002014  -0.001372   0.001152
 147  -0.000544   0.001613   0.001058  -0.002126
 148  -0.001418   0.001499   0.003147  -0.003228
 149   0.000060   0.002793  -0.000595  -0.002258
 150   0.000800   0.000227   0.000015  -0.001042
 151  -0.001620  -0.002643   0.001089   0.003173
 152   0.003819   0.002184  -0.001042  -0.004962
 153   0.001771  -0.002709  -0.002048   0.002986
 154   0.002601  -0.000997   0.002161  -0.003765
 155  -0.001391   0.002955  -0.000540  -0.001024
 156   0.004510   0.000142  -0.000484  -0.004168
 157  -0.001227  -0.002532   0.000148   0.003611
 158   0.002101   0.002092  -0.004303   0.000110
 159   0.001957  -0.000672  -0.001655   0.000370
 160  -0.000445   0.001482   0.005096  -0.006133
 161   0.003417  -0.003932   0.000013   0.000501
 162   0.000578   0.001443  -0.001786  -0.000234
 163  -0.002487  -0.000577  -0.001126   0.004190
 164  -0.003487   0.000653   0.002458   0.000375
 165   0.008714  -0.000954  -0.003218  -0.004542
 166  -0.001041   0.003616  -0.002303  -0.000272
 167   0.003516  -0.001880  -0.003540   0.001904
 168  -0.001169   0.006319   0.001098  -0.006248
 169  -0.000816   0.000433   0.001151  -0.000768
 170  -0.000740  -0.001623  -0.002214   0.004576
 171   0.002278   0.000435   0.002029  -0.004742
 172   0.004267  -0.000203  -0.003189  -0.000875
 173  -0.000753   0.003797  -0.002850  -0.000194
 174   0.006823  -0.003709  -0.004040   0.000925
 175   0.006191  -0.001120  -0.003461  -0.001609
 176   0.008818  -0.003194  -0.000061  -0.005563
 177   0.007584   0.000592  -0.008454   0.000278
 178   0.004788  -0.002702  -0.007663   0.005577
 179   0.000675  -0.001482  -0.008695   0.009503
