pos          info
        0  2.851311e-08
        1  3.178444e-08
        2  2.268285e-08
        3  4.496519e-08
        4  4.746133e-09
        5  1.437107e-08
        6 -4.007670e-08
        7 -3.010042e-08
        8 -2.627240e-08
        9 -5.295005e-08
       10 -6.906588e-08
       11  5.855142e-08
       12  1.045644e-07
       13  1.273299e-07
       14  4.036176e-08
       15  4.665728e-08
       16  5.311559e-08
       17  5.963286e-08
       18  3.379520e-08
       19  3.587381e-08
       20 -2.525793e-09
       21  1.465050e-08
       22  5.296149e-08
       23  4.068773e-08
       24  5.776128e-08
       25 -2.264947e-08
       26  2.874458e-08
       27  1.294413e-08
       28  5.606664e-08
       29  1.729005e-08
       30  4.242128e-08
       31  8.122186e-08
       32  7.614193e-08
       33  2.833243e-08
       34 -2.779029e-08
       35  1.893554e-08
       36  3.273313e-08
       37 -1.032769e-09
       38 -1.488793e-07
       39 -1.410691e-07
       40 -7.334594e-08
       41  1.900576e-08
       42  4.542830e-09
       43 -1.028673e-08
       44  4.042449e-09
       45  1.980627e-08
       46  1.129217e-08
       47 -2.409095e-08
       48  2.185618e-08
       49  2.455370e-08
       50  6.102449e-08
       51  1.213163e-08
       52  1.326552e-08
       53  1.441904e-08
       54  5.212269e-08
       55  5.184330e-08
       56  3.576727e-08
       57 -1.138908e-09
       58  7.464537e-08
       59  1.133411e-07
       60  1.420206e-07
       61  6.699114e-08
       62  6.314433e-08
       63  3.762644e-08
       64  2.665469e-08
       65  9.121401e-09
       66  5.733204e-09
       67  8.647905e-09
       68  1.075968e-08
       69  5.138684e-08
       70  9.007348e-08
       71  7.146063e-08
       72  3.169702e-08
       73 -6.158529e-09
       74  3.615419e-08
       75  1.383388e-07
       76  2.137252e-07
       77  1.706556e-07
       78  9.593089e-08
       79  6.198996e-08
       80  6.016413e-08
       81  3.197023e-08
       82 -4.864972e-09
       83 -5.110300e-09
       84 -3.685177e-09
       85 -7.494128e-09
       86 -1.793790e-09
       87 -8.286058e-09
       88 -2.422763e-09
       89  1.267184e-08
       90  9.833421e-08
       91  1.548752e-07
       92  1.381430e-07
       93  7.428132e-08
       94  1.704349e-08
       95  5.368521e-08
       96  5.800463e-09
       97  6.257502e-09
       98 -7.359224e-08
       99 -3.919967e-08
      100  5.124989e-09
      101  6.647541e-08
      102  6.598914e-08
      103 -5.099447e-08
      104 -6.905202e-08
      105 -6.465651e-08
      106 -4.833602e-09
      107  5.985982e-08
      108  5.358111e-08
      109  5.927333e-08
      110 -8.820264e-08
      111 -6.348038e-08
      112 -5.657742e-08
      113  3.939178e-08
      114  1.425470e-08
      115  1.446953e-08
      116 -3.681891e-10
      117  1.445570e-08
      118 -1.922799e-08
      119 -3.670196e-08
      120 -3.761151e-08
      121  1.521465e-08
      122  4.431634e-08
      123  2.945865e-08
      124  2.126874e-08
      125  1.275662e-08
      126 -1.010393e-08
      127 -1.862952e-08
      128 -2.185326e-08
      129 -1.977017e-08
      130 -6.475496e-08
      131 -3.573236e-08
      132 -2.312290e-08
      133  1.943227e-08
      134 -8.651662e-08
      135 -7.106867e-08
      136 -8.982483e-08
      137 -1.218852e-08
      138 -3.111977e-08
      139  3.684005e-08
      140  3.558862e-08
      141  5.959616e-08
      142  8.016533e-09
      143  8.443299e-09
      144 -4.147156e-08
      145 -4.207113e-08
      146 -4.160634e-08
      147 -1.737019e-08
      148 -2.446481e-10
      149  3.356564e-09
      150  1.210097e-08
      151  2.909906e-08
      152  2.491185e-08
      153  3.092423e-08
      154  6.014511e-08
      155  1.420393e-08
      156  3.551084e-08
      157  0.000000e+00
      158  0.000000e+00
      159  0.000000e+00