pos          info
        0 -7.109444e-05
        1 -5.281430e-06
        2 -4.694096e-07
        3  5.277066e-07
        4 -7.662101e-05
        5 -4.512611e-05
        6  1.577259e-05
        7  3.933359e-05
        8  3.829679e-05
        9 -2.291538e-05
       10  3.433765e-05
       11  2.315397e-06
       12  6.455547e-07
       13  5.571103e-05
       14  9.007794e-05
       15  9.842122e-05
       16  1.041928e-05
       17 -2.255797e-05
       18 -2.663776e-05
       19  2.843786e-06
       20  3.151745e-05
       21  1.197323e-04
       22  7.644867e-05
       23  5.536837e-05
       24 -3.010676e-05
       25  1.350136e-05
       26  5.093569e-06
       27  1.218127e-05
       28  1.193921e-05
       29 -1.699843e-05
       30 -3.129542e-05
       31 -6.343999e-05
       32 -1.938673e-04
       33 -2.122922e-04
       34 -2.520227e-04
       35 -1.091539e-04
       36 -8.782140e-05
       37 -1.643762e-05
       38  3.690737e-06
       39  8.238321e-05
       40  4.377586e-05
       41 -5.058444e-05
       42 -1.724301e-04
       43 -1.313837e-04
       44 -2.115225e-05
       45 -1.525458e-06
       46 -2.209831e-05
       47 -2.137005e-05
       48 -1.915613e-05
       49  7.755237e-05
       50  3.813093e-05
       51  2.315841e-04
       52  1.540288e-04
       53  1.957753e-04
       54  2.651888e-05
       55  3.358248e-05
       56 -3.093914e-05
       57 -5.843269e-06
       58  2.538521e-05
       59  6.608970e-05
       60  8.413635e-06
       61 -1.532439e-05
       62 -1.342091e-05
       63 -2.033030e-05
       64 -2.322928e-05
       65 -2.135117e-05
       66  2.452014e-05
       67  3.682749e-05
       68  1.098119e-04
       69  9.240901e-05
       70 -6.719022e-05
       71 -1.429323e-04
       72 -1.001221e-04
       73  4.382762e-05
       74  1.238630e-05
       75 -6.361322e-05
       76  1.296925e-04
       77  2.461634e-04
       78  2.454754e-04
       79  3.033294e-04
       80  8.308560e-04
       81  9.000045e-04
       82  7.932240e-04
       83  1.891740e-04
       84 -2.956397e-05
       85 -1.828589e-04
       86 -1.823703e-04
       87  1.075836e-05
       88  4.451988e-05
       89  3.394492e-05
       90  3.277427e-05
       91  8.310811e-07
       92 -2.643594e-05
       93 -2.957195e-05
       94 -5.226458e-07
       95  8.826135e-05
       96 -1.409258e-04
       97 -1.241071e-04
       98 -1.442096e-04
       99  8.584878e-05
      100  2.883506e-05
      101  1.855771e-04
      102  5.611743e-04
      103  3.079743e-04
      104  1.553305e-04
      105 -9.334099e-05
      106  4.183085e-04
      107  1.444271e-04
      108  1.540756e-05
      109 -2.006279e-04
      110  2.425047e-05
      111  2.022156e-05
      112 -1.401188e-05
      113 -2.116723e-05
      114 -1.317526e-05
      115  8.553106e-06
      116  1.071978e-04
      117  2.599606e-05
      118  9.470227e-06
      119 -9.659966e-05
      120  2.852579e-05
      121  6.906562e-05
      122  6.543545e-06
      123 -5.017524e-05
      124 -2.086680e-05
      125  6.215749e-05
      126  2.307016e-05
      127  4.543823e-05
      128  6.221248e-05
      129  1.164999e-04
      130  2.007772e-05
      131  1.825456e-05
      132  7.538581e-05
      133  1.176065e-04
      134  9.925717e-05
      135  1.133407e-04
      136  2.528814e-05
      137  1.028011e-04
      138  2.731084e-05
      139  8.129163e-05
      140 -8.985574e-06
      141 -1.051671e-05
      142 -2.267450e-05
      143 -1.776597e-05
      144 -1.244778e-05
      145  3.607890e-06
      146 -2.059024e-05
      147  3.694164e-05
      148 -2.108413e-06
      149  2.113922e-04
      150  1.406005e-04
      151  1.829907e-04
      152  4.793834e-06
      153  1.327326e-05
      154  3.735759e-05
      155  8.787587e-05
      156  1.307765e-04
      157  0.000000e+00
      158  0.000000e+00
      159  0.000000e+00