pos          info
        0  1.317823e-04
        1  8.517842e-05
        2 -1.436730e-05
        3 -9.856039e-05
        4  1.168505e-04
        5  1.221223e-05
        6  1.918687e-05
        7 -1.894726e-04
        8 -1.452295e-05
        9  5.732232e-05
       10 -3.497869e-06
       11  6.908689e-05
       12 -2.496628e-04
       13  7.800553e-07
       14 -5.993797e-06
       15  1.494609e-04
       16 -4.670361e-06
       17 -1.280217e-06
       18  8.700362e-05
       19 -4.866195e-05
       20  2.858825e-05
       21  8.859953e-05
       22 -4.513541e-06
       23  1.697992e-04
       24 -2.509285e-05
       25  3.550693e-05
       26 -1.134332e-04
       27  1.345120e-04
       28  1.644583e-05
       29  7.758279e-05
       30  3.257101e-04
       31  1.346030e-04
       32 -1.636109e-04
       33 -1.351465e-04
       34 -1.234061e-04
       35 -1.367015e-04
       36 -4.083572e-05
       37 -2.002585e-04
       38 -7.338713e-05
       39 -3.336562e-04
       40  3.424778e-06
       41  3.588881e-04
       42  1.738370e-06
       43  4.192998e-04
       44  2.026618e-04
       45  4.094643e-05
       46 -3.852343e-05
       47  2.388157e-05
       48 -7.000141e-05
       49  1.368744e-05
       50 -2.894797e-05
       51  3.044222e-05
       52  6.587641e-05
       53  1.229099e-04
       54  1.362726e-06
       55  3.248992e-05
       56 -1.104942e-05
       57 -1.189480e-04
       58 -1.430460e-05
       59 -2.962734e-04
       60  4.142233e-04
       61  2.009350e-04
       62  1.637381e-05
       63  5.622923e-06
       64 -3.950770e-04
       65  2.809708e-05
       66 -2.421565e-06
       67 -5.266198e-04
       68 -5.574132e-06
       69 -5.511741e-05
       70 -2.344003e-04
       71 -2.007771e-05
       72  2.586709e-04
       73  1.339574e-04
       74 -1.046599e-05
       75  2.578049e-06
       76 -1.105603e-04
       77  7.694330e-05
       78  1.618859e-08
       79  1.733927e-04
       80  3.853794e-04
       81 -1.130637e-04
       82  2.754932e-03
       83 -4.796583e-05
       84 -2.089698e-04
       85 -1.884188e-04
       86  1.273762e-04
       87 -7.726220e-05
       88 -4.739899e-04
       89 -7.804763e-05
       90  3.582306e-04
       91 -1.606402e-04
       92 -7.693224e-06
       93 -9.969452e-06
       94  1.272540e-04
       95  6.879737e-05
       96 -8.972300e-06
       97 -2.640772e-07
       98  1.274608e-06
       99  1.262832e-06
      100 -1.335455e-04
      101  1.090253e-04
      102 -2.202488e-04
      103 -1.069623e-03
      104  3.161264e-05
      105 -1.030631e-04
      106 -3.642904e-05
      107 -4.053012e-06
      108  5.143008e-04
      109 -2.844690e-04
      110 -1.409913e-03
      111  2.607665e-06
      112  2.724405e-05
      113 -1.700504e-04
      114 -1.862732e-04
      115 -5.102415e-05
      116 -3.359084e-04
      117  1.398307e-04
      118  3.081490e-05
      119 -1.524448e-05
      120 -6.618397e-06
      121 -9.425112e-06
      122 -3.002830e-04
      123 -2.162053e-06
      124 -1.314894e-04
      125  7.645252e-04
      126  1.070703e-04
      127  1.399934e-09
      128  6.564169e-05
      129  5.456620e-05
      130 -9.796335e-05
      131 -2.114152e-05
      132 -1.393560e-04
      133 -1.376902e-04
      134  3.180433e-04
      135 -1.226820e-06
      136  3.528254e-07
      137  6.730064e-05
      138  4.669462e-05
      139 -1.326635e-04
      140  6.623121e-05
      141  2.305727e-07
      142 -2.801536e-06
      143  9.090624e-05
      144 -6.510190e-06
      145 -4.164796e-06
      146  7.357574e-06
      147 -2.308001e-05
      148 -2.427553e-06
      149  1.013123e-05
      150 -4.040377e-06
      151 -6.317915e-09
      152  3.075633e-05
      153 -5.878157e-06
      154 -6.829211e-05
      155 -2.149586e-04
      156 -1.010916e-05
      157 -8.299527e-08
      158  5.307410e-04
      159  1.033767e-06