pos          info
        0 -4.873103e-06
        1  1.301681e-04
        2 -1.337126e-05
        3  1.475739e-04
        4 -6.042330e-05
        5  3.920971e-04
        6 -7.688414e-06
        7  7.607264e-07
        8  3.032159e-06
        9  3.575453e-04
       10  4.055752e-04
       11  1.162640e-05
       12  3.035911e-04
       13  3.526969e-04
       14  1.671073e-05
       15 -6.090509e-05
       16 -9.102855e-05
       17  2.441818e-05
       18 -2.733783e-06
       19  8.999593e-04
       20  8.950883e-06
       21 -7.499288e-06
       22 -4.773934e-05
       23 -1.063577e-05
       24 -1.533415e-04
       25 -5.513170e-06
       26  3.313985e-04
       27 -9.900035e-05
       28 -3.717125e-04
       29 -1.430956e-05
       30 -2.345334e-04
       31 -2.632175e-06
       32 -1.250975e-04
       33 -2.214282e-04
       34  1.595869e-04
       35  2.022333e-04
       36 -1.265662e-06
       37  3.813603e-05
       38  1.742550e-04
       39 -3.499641e-05
       40 -5.830909e-05
       41 -4.369054e-04
       42  6.218119e-04
       43  1.796137e-05
       44 -2.571874e-05
       45 -8.052102e-05
       46  1.384969e-05
       47 -1.395873e-04
       48  1.170832e-04
       49 -2.012108e-05
       50  5.575488e-05
       51 -4.110655e-06
       52  7.858533e-06
       53 -2.766457e-04
       54  2.530834e-04
       55 -3.181866e-05
       56  2.829970e-04
       57 -5.551288e-08
       58 -6.370080e-05
       59  3.223617e-04
       60 -2.506427e-04
       61 -6.558710e-04
       62 -1.179953e-06
       63 -5.712468e-05
       64  2.785857e-05
       65 -1.023579e-04
       66 -2.587982e-05
       67  6.877530e-05
       68  8.838413e-05
       69  2.292189e-04
       70  1.428380e-07
       71 -5.922068e-06
       72 -4.830059e-06
       73  2.479718e-04
       74  1.892364e-05
       75 -5.925454e-04
       76  2.283084e-04
       77 -1.800181e-04
       78 -1.202300e-06
       79 -3.389891e-05
       80 -8.636732e-05
       81  2.807574e-05
       82 -3.325421e-03
       83  1.609837e-04
       84  5.077612e-04
       85 -1.459889e-10
       86 -1.702479e-04
       87 -2.646729e-06
       88  2.129914e-04
       89 -8.351773e-06
       90 -7.628436e-07
       91  4.689869e-05
       92 -7.813707e-05
       93 -2.194208e-04
       94  1.356233e-07
       95  2.085690e-05
       96 -4.503029e-05
       97 -1.276724e-05
       98  1.001344e-05
       99  2.450247e-04
      100 -2.665884e-04
      101 -2.948974e-04
      102  2.889145e-04
      103  6.066714e-04
      104  4.773979e-05
      105  4.084782e-05
      106  1.068673e-03
      107 -6.462656e-05
      108 -4.522649e-05
      109 -1.637507e-04
      110  1.438882e-03
      111 -5.738834e-05
      112 -8.378463e-06
      113  1.411563e-05
      114  2.662306e-05
      115  7.942069e-05
      116  1.406921e-04
      117 -2.253796e-04
      118  9.893104e-08
      119  1.094373e-04
      120  1.666278e-04
      121 -1.230379e-05
      122  1.613597e-04
      123 -6.035790e-05
      124  5.785425e-06
      125 -1.999811e-04
      126  2.613199e-05
      127  7.619787e-05
      128  5.015564e-05
      129 -1.385342e-04
      130  2.085138e-05
      131  7.477993e-07
      132 -4.362177e-05
      133  1.342465e-04
      134 -3.815867e-04
      135 -1.852276e-05
      136 -4.916013e-06
      137 -2.287241e-04
      138 -8.999438e-05
      139 -5.910382e-06
      140 -1.077775e-04
      141 -1.037377e-05
      142 -1.136447e-04
      143  5.820350e-05
      144 -1.448815e-07
      145  5.726625e-05
      146 -3.377136e-04
      147  6.820182e-06
      148 -7.852833e-05
      149  2.382977e-05
      150 -1.158816e-04
      151 -2.768662e-05
      152  1.085367e-05
      153 -2.771646e-05
      154  1.661495e-04
      155  4.185639e-06
      156 -3.776154e-05
      157  6.274029e-07
      158 -2.245373e-04
      159  1.503273e-04