pos          info
        0 -4.034330e-05
        1  3.313720e-07
        2  1.083413e-04
        3  1.193274e-05
        4  2.668968e-06
        5  2.178047e-04
        6 -3.041835e-05
        7  8.309112e-05
        8  1.074302e-04
        9  5.410097e-07
       10  1.007312e-05
       11 -2.750039e-05
       12  2.016332e-04
       13  3.965955e-05
       14 -4.658061e-06
       15 -2.762802e-04
       16  5.826014e-05
       17 -1.475660e-05
       18  3.007144e-05
       19  5.586757e-05
       20 -7.704016e-05
       21 -5.269270e-05
       22 -2.307951e-06
       23  3.285401e-06
       24  4.943369e-07
       25  3.110899e-04
       26  1.548228e-04
       27 -1.336588e-04
       28 -6.103345e-05
       29 -1.824144e-05
       30 -3.998965e-04
       31 -5.242233e-06
       32  9.976549e-05
       33  2.005360e-04
       34  9.989664e-05
       35  4.199568e-05
       36  4.531097e-05
       37  2.894238e-07
       38 -4.552997e-05
       39  6.969796e-05
       40 -6.137772e-06
       41  8.641751e-06
       42  1.720797e-06
       43 -1.936604e-04
       44  6.419629e-07
       45 -5.452897e-05
       46  5.874186e-05
       47  6.282662e-06
       48  1.333349e-04
       49 -3.027445e-05
       50 -6.692681e-05
       51 -3.122080e-04
       52 -4.499615e-05
       53  1.486040e-05
       54  8.905883e-05
       55  2.103537e-05
       56  3.950554e-04
       57  1.709497e-05
       58  3.979622e-05
       59  4.759143e-05
       60 -1.722739e-04
       61 -6.350262e-05
       62  3.934017e-05
       63 -3.487599e-07
       64 -9.823731e-07
       65 -3.442513e-05
       66 -2.372725e-05
       67  7.585699e-06
       68  1.205344e-04
       69  2.912985e-06
       70  1.658767e-06
       71 -3.486111e-07
       72 -3.887861e-05
       73 -7.401974e-08
       74 -1.981985e-06
       75 -1.208567e-04
       76  3.399247e-05
       77 -6.211968e-05
       78  7.544925e-05
       79 -2.936976e-04
       80  9.813577e-06
       81 -6.530630e-06
       82 -5.018828e-03
       83  8.533767e-05
       84  1.262096e-04
       85  6.860751e-05
       86 -2.125056e-05
       87 -4.766783e-05
       88  2.848463e-04
       89  3.801129e-05
       90  8.099952e-06
       91  2.859276e-04
       92  7.484068e-05
       93  5.836972e-05
       94  1.383114e-04
       95 -1.435747e-06
       96  1.840560e-05
       97 -4.551948e-06
       98 -4.336568e-05
       99  2.470439e-05
      100 -3.709978e-06
      101 -3.878515e-04
      102  1.136323e-04
      103  9.233296e-04
      104  5.279078e-04
      105  2.376644e-05
      106  2.555605e-04
      107 -4.331413e-09
      108  4.059657e-07
      109  6.745716e-05
      110  7.635049e-04
      111  1.460292e-05
      112 -1.277837e-04
      113  3.827025e-05
      114  1.802885e-04
      115  2.035638e-05
      116  8.746110e-05
      117  1.047245e-05
      118 -3.191387e-05
      119 -4.976136e-05
      120  4.316214e-05
      121 -1.264586e-05
      122  4.543955e-04
      123  1.200348e-04
      124  5.692647e-05
      125 -1.631743e-04
      126 -1.178671e-05
      127  2.327241e-05
      128  1.058651e-07
      129  3.746120e-06
      130  7.489704e-05
      131  3.502808e-04
      132  1.300367e-04
      133  3.945081e-05
      134 -4.582868e-06
      135  2.882254e-05
      136  9.181031e-06
      137 -7.464163e-04
      138 -2.053870e-05
      139  4.068099e-05
      140 -2.245594e-08
      141  3.602847e-06
      142 -2.681785e-04
      143 -1.474932e-04
      144 -7.113222e-05
      145  5.561496e-05
      146 -8.934834e-05
      147  8.438325e-06
      148  3.053277e-05
      149  7.324237e-06
      150 -9.682146e-06
      151  2.744856e-05
      152  1.804446e-05
      153  4.173795e-05
      154  1.437236e-05
      155  8.852540e-05
      156 -7.994288e-06
      157  3.523011e-05
      158 -1.563039e-04
      159 -2.571358e-04