pos      val_A      val_C      val_G      val_T
   0  -0.002967  -0.016156   0.020052  -0.000929
   1  -0.001545  -0.024548   0.016811   0.009283
   2  -0.042622   0.019545   0.013932   0.009145
   3  -0.002184   0.006463  -0.025634   0.021354
   4  -0.006578   0.005767  -0.009791   0.010603
   5   0.007215  -0.005217  -0.023423   0.021426
   6  -0.022854  -0.007732  -0.003466   0.034052
   7  -0.021139   0.006278  -0.016715   0.031576
   8  -0.017179  -0.002598   0.005387   0.014390
   9   0.002727  -0.005435  -0.007827   0.010536
  10  -0.000258   0.009028   0.013260  -0.022029
  11  -0.014160  -0.006862   0.025947  -0.004925
  12   0.007893  -0.007532   0.005626  -0.005987
  13  -0.011694   0.006983  -0.004631   0.009342
  14  -0.011391   0.015578  -0.030264   0.026077
  15   0.027812  -0.024446   0.040645  -0.044011
  16   0.006006   0.018978  -0.006139  -0.018846
  17   0.012712  -0.024946   0.008679   0.003555
  18  -0.002654   0.000989   0.011607  -0.009941
  19   0.014507  -0.039429   0.013582   0.011340
  20   0.017745  -0.011942  -0.000086  -0.005717
  21  -0.021585   0.009325   0.029752  -0.017492
  22   0.022375  -0.019926  -0.009927   0.007478
  23  -0.018408   0.033429  -0.010246  -0.004776
  24  -0.036091   0.002725   0.031174   0.002192
  25   0.008499   0.008876  -0.020563   0.003188
  26  -0.010588  -0.005286   0.005934   0.009940
  27   0.004287  -0.005998  -0.007254   0.008965
  28   0.017928   0.005970  -0.000172  -0.023726
  29   0.030016  -0.003661   0.003106  -0.029461
  30  -0.045054   0.011099   0.004925   0.029030
  31   0.006313   0.010816  -0.047925   0.030796
  32  -0.029385   0.035947   0.017101  -0.023663
  33  -0.035951   0.039601   0.006278  -0.009928
  34   0.012516   0.009200   0.004707  -0.026423
  35  -0.027555   0.012546  -0.003482   0.018491
  36  -0.009593  -0.010403   0.018396   0.001600
  37   0.008470  -0.022846   0.012363   0.002012
  38   0.014971   0.009242  -0.012039  -0.012174
  39   0.015246   0.009425  -0.051044   0.026374
  40   0.007293  -0.002621  -0.014913   0.010241
  41   0.027749   0.021214   0.035934  -0.084897
  42   0.019735  -0.005431  -0.007355  -0.006949
  43  -0.033321   0.020323  -0.016395   0.029393
  44  -0.017980  -0.004957   0.026609  -0.003672
  45   0.003815   0.001072  -0.024459   0.019573
  46  -0.035609   0.005319   0.025041   0.005248
  47  -0.005117  -0.003221  -0.004027   0.012366
  48   0.011398  -0.012146   0.011888  -0.011140
  49   0.011616  -0.057088   0.025921   0.019551
  50  -0.008906   0.032707  -0.019570  -0.004231
  51   0.002073  -0.012635   0.013454  -0.002893
  52  -0.020459   0.010342   0.007287   0.002830
  53  -0.020589   0.051034   0.004361  -0.034806
  54  -0.004573  -0.012448   0.005866   0.011155
  55   0.003569  -0.004547  -0.008981   0.009958
  56   0.010242  -0.012179  -0.000802   0.002739
  57   0.019603  -0.024266   0.012192  -0.007528
  58  -0.006433  -0.005172  -0.003999   0.015604
  59   0.021294   0.001717  -0.022789  -0.000222
  60  -0.000275   0.039580   0.001259  -0.040564
  61  -0.020661  -0.007724  -0.012849   0.041233
  62   0.008710  -0.002491   0.013821  -0.020041
  63   0.013508   0.012756  -0.014928  -0.011336
  64  -0.010779  -0.020037   0.016974   0.013841
  65   0.013200  -0.020897   0.009266  -0.001570
  66  -0.019640   0.004021   0.002421   0.013198
  67  -0.004088  -0.000076   0.001875   0.002290
  68  -0.010658   0.022274   0.013419  -0.025036
  69   0.005852   0.000701   0.031304  -0.037856
  70  -0.011418   0.020266   0.007166  -0.016013
  71   0.008813  -0.012474   0.015486  -0.011826
  72  -0.018951   0.006810   0.037019  -0.024878
  73  -0.001350   0.002664   0.019512  -0.020826
  74  -0.009834  -0.001430   0.014473  -0.003209
  75  -0.015841   0.034214   0.021005  -0.039378
  76   0.004805  -0.005203  -0.010292   0.010691
  77   0.012942  -0.008334   0.021940  -0.026548
  78  -0.033471   0.003478   0.008073   0.021920
  79  -0.005347  -0.002585   0.010016  -0.002084
  80   0.012527   0.006272   0.009418  -0.028217
  81   0.012939  -0.005509  -0.028087   0.020657
  82   0.018969   0.148411  -0.000369  -0.167011
  83   0.011315   0.024693  -0.000918  -0.035091
  84   0.020378   0.022678   0.000086  -0.043141
  85  -0.012724  -0.017316   0.033581  -0.003541
  86   0.018294  -0.038540   0.013147   0.007099
  87  -0.027905  -0.000887   0.033939  -0.005147
  88  -0.042813   0.013577   0.013263   0.015973
  89   0.014025   0.011971  -0.021407  -0.004589
  90  -0.019945   0.011596   0.001295   0.007054
  91   0.001970   0.016975  -0.000019  -0.018926
  92  -0.016300   0.010478  -0.005049   0.010871
  93   0.023298  -0.017241   0.018561  -0.024617
  94  -0.003305  -0.003204   0.003057   0.003451
  95   0.002250   0.006087  -0.020427   0.012090
  96   0.019090  -0.029439   0.017242  -0.006893
  97   0.017238   0.026713  -0.001438  -0.042513
  98  -0.013375   0.004014   0.004274   0.005087
  99  -0.016588   0.006271   0.034011  -0.023695
 100   0.015456  -0.008280   0.002829  -0.010006
 101  -0.016679  -0.030351  -0.026424   0.073454
 102   0.012309   0.015002   0.027875  -0.055185
 103   0.010406   0.027953  -0.066271   0.027912
 104  -0.002513  -0.004457   0.002011   0.004959
 105   0.014334   0.006459   0.009416  -0.030208
 106  -0.010983  -0.021684   0.008807   0.023860
 107  -0.020977   0.000207   0.013732   0.007038
 108  -0.027576   0.021385  -0.015652   0.021843
 109   0.020516  -0.032276   0.029661  -0.017901
 110   0.018989   0.025552   0.042477  -0.087018
 111  -0.018327  -0.003978   0.000638   0.021668
 112  -0.014621   0.013723   0.031206  -0.030308
 113  -0.006546  -0.030735   0.009357   0.027924
 114  -0.049165   0.016478   0.011502   0.021185
 115   0.014904  -0.021407  -0.016774   0.023276
 116  -0.027978   0.032351  -0.005100   0.000727
 117  -0.014192   0.036748  -0.014052  -0.008504
 118   0.004828  -0.008900  -0.021964   0.026035
 119   0.007491   0.002053   0.001593  -0.011137
 120  -0.010093  -0.018062   0.021457   0.006698
 121  -0.004902   0.009913   0.008206  -0.013217
 122   0.001887   0.018156  -0.023744   0.003700
 123  -0.012390   0.015146  -0.012621   0.009865
 124  -0.026868   0.001770   0.011172   0.013926
 125   0.048341  -0.031240  -0.014432  -0.002669
 126   0.004722  -0.025614   0.013130   0.007762
 127   0.006407   0.022711  -0.018918  -0.010201
 128   0.023453   0.008922  -0.015580  -0.016795
 129   0.012618  -0.005542   0.008204  -0.015281
 130   0.006015   0.012103  -0.003023  -0.015095
 131   0.014439  -0.029648  -0.009093   0.024303
 132   0.014227   0.015274   0.012711  -0.042212
 133   0.022326   0.022028   0.000346  -0.044700
 134   0.018082  -0.015413  -0.025645   0.022976
 135  -0.027354  -0.007600   0.011677   0.023277
 136  -0.024467   0.032032  -0.005591  -0.001973
 137   0.030850  -0.014851   0.001865  -0.017864
 138  -0.014233   0.013768   0.008300  -0.007835
 139   0.024374  -0.023528   0.007951  -0.008798
 140  -0.010586   0.015120  -0.007560   0.003027
 141  -0.000037  -0.000736  -0.002785   0.003558
 142  -0.004090  -0.005122   0.008518   0.000694
 143  -0.015354  -0.000125   0.001403   0.014077
 144  -0.037209  -0.004709   0.018236   0.023682
 145   0.000263  -0.054531   0.027423   0.026844
 146   0.005230   0.005250   0.007555  -0.018035
 147   0.010739   0.010863  -0.009911  -0.011691
 148  -0.005738  -0.018616   0.010550   0.013804
 149   0.020207  -0.008471  -0.003012  -0.008724
 150  -0.001745  -0.013701   0.022061  -0.006616
 151   0.017274  -0.009075  -0.019000   0.010800
 152   0.003699   0.006316  -0.004457  -0.005558
 153   0.018931  -0.019208  -0.017170   0.017447
 154   0.027574  -0.022633  -0.003080  -0.001860
 155   0.012091   0.004789  -0.010476  -0.006404
 156   0.002773   0.022666  -0.003397  -0.022043
 157   0.008923   0.025126  -0.006159  -0.027891
 158   0.073077   0.002277  -0.014115  -0.061240
 159  -0.016441  -0.019062   0.032536   0.002968
 160   0.003789   0.015067  -0.037054   0.018198
 161  -0.010339   0.013147  -0.014641   0.011833
 162  -0.013894  -0.013089   0.016707   0.010276
 163  -0.035215   0.011106  -0.006071   0.030179
 164  -0.030267   0.010493   0.011595   0.008179
 165  -0.015090   0.016740  -0.009575   0.007925
 166   0.041941  -0.052854   0.021671  -0.010758
 167  -0.003693   0.030233  -0.026089  -0.000451
 168  -0.002575  -0.002077   0.020038  -0.015386
 169  -0.006162   0.032207  -0.009806  -0.016240
 170  -0.036623   0.046406  -0.004729  -0.005054
 171   0.011794  -0.002115   0.013409  -0.023088
 172   0.006175   0.010579  -0.016740  -0.000013
 173  -0.023595  -0.007570   0.025693   0.005472
 174  -0.029092   0.006939   0.001384   0.020770
 175   0.005896  -0.007829   0.015450  -0.013516
 176  -0.037451   0.002697   0.038144  -0.003391
 177  -0.034990  -0.004717   0.013015   0.026692
 178  -0.031022  -0.002221   0.071832  -0.038590
 179  -0.028559  -0.015443   0.090705  -0.046703
