pos      val_A      val_C      val_G      val_T
   0  -0.004742   0.012661  -0.022906   0.014987
   1   0.023552  -0.007142  -0.003776  -0.012633
   2  -0.007771   0.024501  -0.029540   0.012810
   3   0.017031  -0.013127   0.024607  -0.028510
   4  -0.010614   0.023469   0.002974  -0.015828
   5  -0.025563   0.004067   0.040613  -0.019117
   6   0.011162  -0.005647   0.000625  -0.006140
   7   0.001754  -0.011091   0.032692  -0.023355
   8   0.003607  -0.006727   0.014726  -0.011606
   9  -0.002850  -0.013164   0.038663  -0.022649
  10   0.041456  -0.013371  -0.032637   0.004551
  11   0.007023   0.003971  -0.005118  -0.005876
  12   0.036085   0.000241  -0.011154  -0.025173
  13   0.038933  -0.002216   0.000918  -0.037634
  14  -0.015916   0.003675   0.003771   0.008470
  15  -0.021965   0.028968  -0.015752   0.008749
  16   0.031948  -0.011818  -0.000324  -0.019806
  17   0.008020   0.001896   0.010035  -0.019951
  18  -0.003314   0.004601   0.018072  -0.019359
  19  -0.023864   0.061720  -0.018090  -0.019766
  20  -0.008312  -0.024579   0.026872   0.006019
  21  -0.005738   0.018891  -0.019373   0.006221
  22   0.016129  -0.014116  -0.008244   0.006231
  23   0.002257  -0.006641  -0.001612   0.005995
  24   0.019260  -0.025022   0.030732  -0.024970
  25  -0.028516   0.010454   0.022810  -0.004748
  26  -0.004385   0.037192  -0.016358  -0.016449
  27  -0.007273   0.019161   0.008352  -0.020241
  28  -0.015012  -0.039306  -0.003888   0.058206
  29  -0.007722  -0.005121   0.020235  -0.007391
  30   0.021917   0.015466  -0.006056  -0.031328
  31  -0.016924  -0.000079   0.020270  -0.003267
  32   0.014129   0.024876  -0.016023  -0.022981
  33   0.041972  -0.020558   0.009386  -0.030800
  34  -0.001080  -0.010221  -0.014683   0.025984
  35   0.029166  -0.021669  -0.014500   0.007003
  36  -0.024609   0.004875   0.021975  -0.002242
  37   0.005847   0.012522  -0.006637  -0.011733
  38   0.003609  -0.012188  -0.018523   0.027102
  39   0.077311  -0.042339  -0.013354  -0.021617
  40  -0.016078  -0.025965   0.006492   0.035551
  41   0.013351  -0.043338  -0.043289   0.073276
  42   0.051632  -0.009130  -0.032960  -0.009542
  43  -0.004833  -0.009526   0.005652   0.008707
  44  -0.020762   0.012358  -0.010305   0.018709
  45  -0.018249   0.009540   0.022531  -0.013821
  46   0.016338  -0.005186  -0.018570   0.007417
  47   0.005795  -0.023774   0.022237  -0.004258
  48  -0.030001   0.014512  -0.006867   0.022355
  49  -0.006051   0.022222  -0.008997  -0.007174
  50  -0.005293  -0.024624   0.014650   0.015268
  51   0.037808  -0.012491  -0.020629  -0.004688
  52   0.014013  -0.004879   0.005617  -0.014751
  53   0.052163  -0.033940  -0.004691  -0.013531
  54  -0.011101   0.032542  -0.005437  -0.016004
  55  -0.011847   0.032353  -0.030828   0.010322
  56  -0.019397   0.034377  -0.010932  -0.004048
  57  -0.004555   0.007090  -0.002080  -0.000455
  58  -0.028094  -0.016239   0.018862   0.025471
  59  -0.008450   0.009724   0.036751  -0.038026
  60  -0.010665  -0.032381  -0.009449   0.052494
  61   0.025566  -0.003224   0.029714  -0.052056
  62   0.005833  -0.027940  -0.002614   0.024721
  63  -0.007658  -0.015197   0.028241  -0.005386
  64   0.003599   0.010750   0.002955  -0.017304
  65  -0.020618   0.012918   0.005635   0.002064
  66  -0.010418   0.004591   0.001035   0.004792
  67   0.017065  -0.009089  -0.002588  -0.005388
  68   0.005921   0.007071  -0.032129   0.019138
  69  -0.018807  -0.002604  -0.009905   0.031315
  70   0.027107  -0.013812   0.000519  -0.013814
  71   0.004526  -0.004605   0.005094  -0.005014
  72   0.012370  -0.019192  -0.004703   0.011525
  73   0.004926  -0.024422   0.032008  -0.012512
  74   0.013579   0.008783  -0.000249  -0.022114
  75   0.027569   0.003334  -0.049008   0.018105
  76  -0.002311   0.030850  -0.009729  -0.018809
  77   0.006722   0.007343   0.013261  -0.027327
  78  -0.002317  -0.004019  -0.001891   0.008227
  79  -0.012183  -0.022256   0.012607   0.021833
  80  -0.018936   0.003902   0.015807  -0.000773
  81   0.001865   0.002164   0.010797  -0.014827
  82  -0.027646  -0.117555  -0.019299   0.164500
  83  -0.009509  -0.024829   0.008230   0.026108
  84  -0.026203  -0.023953   0.046044   0.004112
  85  -0.000077  -0.010001   0.000317   0.009761
  86  -0.002481   0.039008  -0.009849  -0.026678
  87   0.022255   0.013399  -0.031940  -0.003713
  88   0.030071   0.004344  -0.024984  -0.009431
  89   0.004477  -0.013192  -0.006028   0.014742
  90   0.002811  -0.001717   0.014841  -0.015936
  91   0.013943  -0.028596   0.020220  -0.005568
  92   0.019310  -0.018172  -0.018319   0.017181
  93   0.010587   0.014591  -0.029825   0.004648
  94  -0.008212   0.013969   0.000823  -0.006581
  95   0.001298  -0.002556  -0.008086   0.009343
  96   0.004166  -0.005613  -0.013682   0.015128
  97  -0.007750   0.015559  -0.033469   0.025659
  98  -0.002365  -0.013165   0.009061   0.006468
  99   0.032098  -0.018800  -0.022674   0.009377
 100   0.030674   0.018018  -0.015166  -0.033526
 101   0.021701   0.023964  -0.010555  -0.035111
 102  -0.003798  -0.012220  -0.019037   0.035055
 103  -0.003794  -0.032317   0.050354  -0.014244
 104   0.014191  -0.011566   0.000609  -0.003234
 105   0.004429  -0.035683   0.018380   0.012875
 106   0.068122   0.003493  -0.025495  -0.046120
 107   0.001857  -0.016180   0.018545  -0.004222
 108   0.012869  -0.013898   0.014907  -0.013877
 109   0.048837  -0.026391  -0.022042  -0.000403
 110  -0.017436  -0.046979  -0.014650   0.079065
 111  -0.009019   0.008705  -0.015328   0.015642
 112   0.006118  -0.019500  -0.006137   0.019519
 113   0.010721   0.007428  -0.020174   0.002025
 114   0.010530  -0.004788  -0.009999   0.004256
 115  -0.008107  -0.002555   0.018177  -0.007515
 116   0.023812  -0.051779   0.003763   0.024204
 117  -0.019857  -0.030294   0.026450   0.023700
 118   0.000664  -0.005372   0.009600  -0.004892
 119  -0.000511  -0.033171   0.020970   0.012711
 120   0.002511   0.026320  -0.006053  -0.022778
 121  -0.007124   0.001709   0.014601  -0.009187
 122  -0.003902   0.004182   0.025958  -0.026238
 123  -0.015886  -0.005153   0.034124  -0.013085
 124   0.004743  -0.020371   0.002128   0.013500
 125  -0.028739   0.028524   0.018662  -0.018448
 126  -0.011160   0.005736  -0.005125   0.010549
 127   0.017893  -0.023250   0.010578  -0.005221
 128   0.014589  -0.003941  -0.003105  -0.007543
 129  -0.001927  -0.023710   0.016042   0.009594
 130  -0.018547   0.006228   0.009312   0.003007
 131  -0.023158   0.041437   0.001760  -0.020039
 132  -0.014043  -0.015045  -0.012348   0.041436
 133  -0.016881  -0.020234   0.013243   0.023872
 134  -0.000496   0.028297   0.011842  -0.039643
 135   0.007443   0.006595  -0.005182  -0.008855
 136  -0.005103  -0.039842   0.015266   0.029679
 137  -0.030798   0.000180   0.035957  -0.005339
 138  -0.002814  -0.019332  -0.004683   0.026828
 139  -0.032281  -0.005374  -0.006881   0.044535
 140   0.028165  -0.019654   0.012991  -0.021502
 141  -0.006698  -0.017940   0.021980   0.002659
 142  -0.022093   0.000140  -0.011467   0.033420
 143   0.003528   0.001314  -0.020427   0.015585
 144  -0.008464   0.010224  -0.000714  -0.001046
 145   0.015452   0.000205  -0.020070   0.004413
 146   0.042573  -0.011291   0.006510  -0.037792
 147  -0.009022  -0.011294   0.005174   0.015143
 148  -0.018022   0.013815   0.011973  -0.007766
 149   0.009793   0.028029  -0.034021  -0.003801
 150  -0.013396   0.039513  -0.004120  -0.021998
 151  -0.029999   0.047266  -0.010692  -0.006575
 152   0.006695  -0.020240   0.024144  -0.010599
 153   0.005412  -0.010790  -0.008883   0.014261
 154  -0.031132   0.000156   0.026278   0.004698
 155  -0.009585  -0.011699   0.004006   0.017278
 156   0.006686  -0.000957   0.006860  -0.012589
 157   0.001343  -0.020417  -0.002252   0.021327
 158  -0.031038  -0.019169   0.005936   0.044271
 159  -0.017252   0.018500   0.025085  -0.026333
 160  -0.010299   0.001057   0.024580  -0.015338
 161  -0.001200   0.021323  -0.008909  -0.011215
 162  -0.016525   0.015253   0.008538  -0.007266
 163   0.000945  -0.035849   0.021520   0.013384
 164   0.007391  -0.003421  -0.002968  -0.001002
 165   0.018505   0.007085  -0.030944   0.005354
 166  -0.013470   0.032936   0.000253  -0.019719
 167  -0.028362   0.003934   0.033100  -0.008672
 168   0.025121  -0.017759  -0.006507  -0.000856
 169   0.026238  -0.047660   0.019540   0.001882
 170   0.046203  -0.027301  -0.007685  -0.011217
 171   0.021090  -0.028506  -0.037065   0.044481
 172   0.031962   0.000141   0.002631  -0.034735
 173   0.042365  -0.032856   0.002069  -0.011578
 174   0.022933  -0.015433  -0.002435  -0.005065
 175   0.001213   0.004905  -0.005917  -0.000201
 176   0.038453  -0.021223  -0.052234   0.035004
 177   0.022345   0.010833  -0.073451   0.040273
 178   0.004991   0.014798  -0.075249   0.055460
 179   0.003656   0.054893  -0.101704   0.043156
