pos          info
        0 -6.753114e-05
        1  9.249759e-06
        2 -1.307602e-06
        3 -1.016745e-05
        4 -4.941654e-05
        5  5.269116e-05
        6  6.160289e-05
        7  4.889107e-05
        8 -1.310050e-05
        9 -4.097045e-05
       10  6.135794e-05
       11  5.993197e-05
       12  8.495886e-05
       13 -4.808238e-05
       14 -4.626557e-05
       15 -4.783676e-05
       16 -2.701768e-05
       17 -1.235382e-05
       18 -2.230997e-05
       19 -2.284194e-05
       20 -3.755808e-05
       21 -8.462841e-05
       22 -4.673095e-05
       23 -6.007111e-05
       24  3.433970e-05
       25 -1.886191e-05
       26 -1.250821e-05
       27 -7.618020e-05
       28 -1.399129e-04
       29 -1.792986e-04
       30 -9.890073e-05
       31  5.471815e-05
       32  1.407212e-04
       33  1.317514e-04
       34  1.003144e-04
       35  1.259319e-04
       36  1.048271e-04
       37  2.024340e-04
       38  1.345395e-04
       39 -9.552201e-06
       40 -1.213504e-04
       41 -2.599754e-04
       42 -2.079000e-04
       43 -2.209693e-04
       44 -6.836161e-05
       45 -8.768190e-06
       46  2.821442e-05
       47  1.081080e-05
       48  2.842065e-05
       49 -5.060564e-06
       50 -2.245689e-05
       51 -7.307616e-05
       52 -6.338300e-05
       53 -5.225417e-05
       54 -7.601073e-06
       55  3.250249e-05
       56  4.810066e-05
       57  1.431753e-04
       58 -3.454842e-05
       59 -1.062950e-04
       60 -2.105107e-04
       61 -7.431059e-05
       62  1.243601e-04
       63  1.204523e-04
       64  1.231338e-04
       65  1.669814e-04
       66  1.782052e-04
       67  1.957704e-04
       68  9.836396e-05
       69  1.031985e-04
       70 -1.397612e-06
       71 -1.241835e-04
       72 -1.273874e-04
       73 -4.202316e-05
       74  3.948274e-05
       75  1.034631e-05
       76  1.120027e-05
       77 -8.345074e-05
       78 -1.862628e-04
       79 -1.485695e-04
       80 -1.009083e-03
       81 -8.646342e-04
       82 -8.326655e-04
       83  1.484515e-04
       84  9.000416e-05
       85  4.610162e-05
       86  1.412920e-04
       87  2.097666e-04
       88  6.460232e-05
       89 -3.984759e-05
       90 -6.329906e-05
       91  5.943429e-05
       92 -3.653046e-05
       93 -6.202732e-05
       94 -6.235970e-05
       95 -1.985366e-05
       96  2.653923e-06
       97 -7.577876e-07
       98  4.366934e-05
       99  7.752437e-06
      100  8.158964e-05
      101  3.936155e-04
      102  4.194197e-04
      103  3.803578e-04
      104  3.595983e-05
      105  4.784838e-05
      106 -1.579396e-04
      107 -7.525958e-05
      108  3.933605e-04
      109  5.639248e-04
      110  4.600205e-04
      111  4.673289e-05
      112  1.096932e-04
      113  1.357826e-04
      114  1.910686e-04
      115  8.236730e-05
      116  5.508761e-05
      117 -5.180037e-05
      118 -2.984007e-06
      119  1.042933e-05
      120  1.054422e-04
      121  1.039567e-04
      122  1.446448e-04
      123 -2.102912e-04
      124 -2.467020e-04
      125 -2.905323e-04
      126 -5.757112e-05
      127 -4.006977e-05
      128 -7.414849e-06
      129  2.151289e-05
      130  8.615363e-05
      131  9.939593e-05
      132 -1.366567e-05
      133 -5.970874e-05
      134 -1.057231e-04
      135 -2.214221e-05
      136 -3.811603e-05
      137  6.222755e-06
      138  6.579229e-06
      139  2.206725e-05
      140 -2.122008e-05
      141 -2.944509e-05
      142 -2.719817e-05
      143 -2.674375e-05
      144  1.105804e-06
      145  6.629078e-06
      146  6.049997e-06
      147  5.125445e-06
      148 -1.221100e-06
      149 -2.028179e-06
      150 -8.903212e-06
      151 -8.290619e-06
      152  1.447131e-05
      153  9.637631e-05
      154  9.778664e-05
      155  7.505027e-05
      156 -1.735163e-04
      157  0.000000e+00
      158  0.000000e+00
      159  0.000000e+00