pos          info
        0  2.088406e-05
        1 -2.043536e-04
        2 -1.732192e-04
        3 -2.231251e-04
        4  2.977253e-05
        5  1.352326e-05
        6 -4.706710e-05
        7  1.839751e-04
        8  1.695551e-04
        9  2.085974e-04
       10 -2.793266e-05
       11  7.652196e-06
       12  3.101359e-05
       13  3.702072e-05
       14  2.351849e-05
       15  2.341000e-05
       16  5.287035e-06
       17  7.061372e-06
       18 -7.802214e-06
       19  3.850521e-05
       20  5.936808e-06
       21  1.490631e-05
       22 -2.834135e-05
       23 -6.178438e-05
       24 -8.062847e-05
       25  1.308421e-04
       26  1.374859e-04
       27  1.599788e-04
       28 -9.100178e-05
       29 -2.817016e-05
       30 -1.152515e-05
       31  4.087833e-05
       32  2.960727e-06
       33 -5.046904e-05
       34 -3.891422e-05
       35  5.075188e-06
       36  4.390302e-05
       37  7.081133e-06
       38 -3.045868e-05
       39 -3.604216e-05
       40 -1.977348e-05
       41 -3.615002e-05
       42 -2.393224e-05
       43  4.449817e-05
       44  3.156488e-05
       45  2.628355e-05
       46 -4.524881e-05
       47  4.950580e-05
       48  6.166492e-05
       49  5.248613e-05
       50 -3.196835e-05
       51  3.135344e-06
       52  2.890546e-05
       53  4.919415e-05
       54 -9.049236e-05
       55 -9.378648e-05
       56 -1.638498e-04
       57 -7.854241e-05
       58 -1.216194e-05
       59  5.934345e-05
       60  1.496617e-04
       61  1.054805e-04
       62  1.409804e-04
       63  2.074319e-04
       64  2.954262e-04
       65  3.046358e-04
       66  3.007901e-04
       67  1.367097e-04
       68  9.113440e-05
       69  1.267711e-05
       70  5.726456e-05
       71  5.429634e-05
       72 -1.725648e-05
       73  2.349523e-04
       74  2.375590e-04
       75  1.637477e-04
       76 -7.714058e-05
       77 -7.839268e-05
       78 -4.335757e-06
       79 -6.039848e-05
       80  3.066720e-04
       81  7.552339e-05
       82  8.138678e-05
       83 -2.841248e-04
       84  1.016098e-04
       85  1.512384e-04
       86  1.759552e-04
       87  1.770057e-05
       88  1.786589e-05
       89 -1.393121e-05
       90  1.119656e-04
       91  1.512378e-04
       92  2.115027e-04
       93  1.419064e-04
       94  1.043874e-04
       95 -3.173235e-04
       96 -3.669447e-04
       97  3.425840e-04
       98  1.012784e-03
       99  1.022201e-03
      100  2.762812e-04
      101 -1.650984e-04
      102 -1.655264e-04
      103 -1.059618e-04
      104  3.615991e-05
      105 -1.212999e-04
      106 -1.558894e-04
      107 -1.616651e-04
      108 -6.859444e-07
      109 -3.770665e-05
      110 -1.628856e-05
      111  3.387327e-04
      112  3.866644e-04
      113  4.341811e-04
      114  8.154081e-05
      115  7.948532e-05
      116 -2.898088e-05
      117 -4.005815e-06
      118  5.018986e-05
      119  4.772561e-05
      120  3.887230e-04
      121  3.552952e-04
      122  4.011648e-04
      123  2.699572e-05
      124  6.592235e-06
      125 -1.862283e-06
      126  1.649793e-05
      127 -1.903654e-04
      128 -1.378944e-04
      129 -1.245482e-04
      130  5.903749e-05
      131 -7.151675e-05
      132 -1.097960e-04
      133 -8.735923e-05
      134 -6.193391e-05
      135 -6.224103e-05
      136 -1.020957e-04
      137 -7.297386e-05
      138 -5.390968e-05
      139 -4.497005e-05
      140  2.080059e-05
      141  1.105542e-05
      142  1.434290e-04
      143  6.935770e-05
      144  5.801831e-05
      145 -4.274749e-05
      146 -1.914120e-06
      147 -1.399717e-07
      148  1.393697e-04
      149  1.393835e-04
      150  1.452680e-04
      151  2.476688e-04
      152  2.417733e-04
      153  3.817199e-04
      154  1.398271e-04
      155  1.611176e-04
      156  1.386372e-04
      157  0.000000e+00
      158  0.000000e+00
      159  0.000000e+00