pos      val_A      val_C      val_G      val_T
   0  -0.024383   0.012091  -0.005186   0.017479
   1   0.000333  -0.019871   0.023826  -0.004288
   2  -0.035152   0.010124   0.003769   0.021259
   3   0.020837   0.009318  -0.035773   0.005619
   4   0.008668   0.029800  -0.011972  -0.026496
   5   0.005502  -0.014701   0.009227  -0.000028
   6  -0.026983   0.005804   0.023612  -0.002433
   7  -0.018982   0.024975  -0.014317   0.008324
   8  -0.010903  -0.016893   0.010273   0.017523
   9  -0.008888   0.029102   0.047029  -0.067243
  10   0.002742   0.008777  -0.008094  -0.003426
  11  -0.009217   0.011711   0.029068  -0.031563
  12   0.013987  -0.004908   0.008692  -0.017771
  13  -0.011630   0.013619   0.017100  -0.019090
  14  -0.033123  -0.004304  -0.012084   0.049510
  15  -0.004338  -0.010448  -0.003575   0.018361
  16  -0.014196   0.003780   0.005855   0.004560
  17  -0.000152   0.014661  -0.018130   0.003621
  18   0.002460   0.011860  -0.006187  -0.008133
  19  -0.002711   0.029576  -0.006071  -0.020794
  20  -0.006796  -0.010776   0.025557  -0.007984
  21  -0.005655   0.013149  -0.004710  -0.002785
  22   0.012108   0.002859  -0.013371  -0.001595
  23  -0.025632   0.015962   0.029506  -0.019836
  24  -0.013106  -0.020319   0.002341   0.031083
  25   0.010988  -0.008222  -0.021519   0.018753
  26  -0.000049  -0.013394   0.018182  -0.004738
  27   0.014933  -0.004998   0.008913  -0.018849
  28  -0.019719   0.026027  -0.019969   0.013661
  29  -0.008875   0.032833  -0.033264   0.009306
  30  -0.016965   0.009490   0.024516  -0.017041
  31  -0.026212   0.029214  -0.005128   0.002126
  32   0.014554  -0.011298   0.009185  -0.012441
  33   0.053317  -0.013997  -0.032291  -0.007029
  34   0.003423   0.012083   0.022069  -0.037575
  35  -0.016093   0.022020   0.017014  -0.022942
  36   0.042224  -0.045125  -0.010183   0.013085
  37   0.020259   0.022802  -0.015930  -0.027132
  38  -0.007534  -0.002568   0.006621   0.003480
  39   0.021981   0.012003  -0.023149  -0.010835
  40  -0.014896  -0.008671   0.011551   0.012016
  41  -0.018771   0.039879  -0.004533  -0.016575
  42  -0.000760  -0.009107   0.013479  -0.003612
  43  -0.011806  -0.004683   0.030958  -0.014469
  44   0.001684   0.028508  -0.007046  -0.023146
  45  -0.027735   0.011168  -0.028184   0.044751
  46  -0.004417   0.041700  -0.041476   0.004193
  47   0.018313   0.010301  -0.023449  -0.005165
  48  -0.007486   0.027642  -0.030471   0.010315
  49  -0.014289  -0.002638   0.033472  -0.016545
  50  -0.023208  -0.011299   0.037193  -0.002686
  51  -0.021134   0.011145   0.055818  -0.045828
  52   0.013162  -0.003711  -0.017487   0.008036
  53  -0.012247   0.005034   0.029293  -0.022080
  54   0.019117   0.019646  -0.023349  -0.015414
  55   0.015916   0.023502  -0.055437   0.016019
  56  -0.029230   0.042289   0.012573  -0.025632
  57   0.021052  -0.011550  -0.041216   0.031713
  58  -0.016813  -0.011883  -0.016405   0.045101
  59   0.016532  -0.005795  -0.024293   0.013556
  60   0.010508  -0.022487  -0.003396   0.015375
  61   0.025142  -0.016052  -0.001369  -0.007722
  62  -0.027605  -0.019878   0.020039   0.027444
  63   0.034239  -0.003774  -0.014342  -0.016123
  64   0.008072  -0.016384   0.026887  -0.018575
  65   0.023301  -0.038987  -0.038248   0.053934
  66   0.071021  -0.015084  -0.027440  -0.028497
  67  -0.039493   0.007943  -0.004183   0.035732
  68   0.000942   0.021077   0.039396  -0.061415
  69   0.008111   0.028003  -0.023654  -0.012460
  70   0.016726  -0.011492  -0.008193   0.002959
  71   0.011218  -0.014445   0.017849  -0.014622
  72   0.020254  -0.030179   0.020476  -0.010551
  73   0.012036  -0.013885   0.010666  -0.008818
  74  -0.054368   0.003446   0.066213  -0.015291
  75  -0.021781   0.083286  -0.000815  -0.060690
  76   0.045703  -0.013275  -0.021260  -0.011168
  77   0.038580  -0.027159  -0.028988   0.017566
  78   0.007689  -0.015711  -0.024925   0.032947
  79  -0.001721   0.048920  -0.017699  -0.029500
  80  -0.022630   0.035082  -0.038266   0.025813
  81  -0.012633  -0.026332   0.028669   0.010296
  82  -0.013222  -0.051638   0.134263  -0.069404
  83   0.054208  -0.003909  -0.052169   0.001870
  84  -0.024903   0.030217   0.028363  -0.033677
  85   0.015216  -0.053890   0.015440   0.023234
  86   0.020024   0.006022  -0.023887  -0.002159
  87  -0.006982   0.005701   0.005863  -0.004582
  88   0.011106   0.001096  -0.012666   0.000465
  89  -0.009081   0.000099  -0.011152   0.020134
  90   0.015805   0.032289  -0.031320  -0.016774
  91  -0.002166  -0.023164  -0.001935   0.027265
  92  -0.033269   0.018989   0.008141   0.006138
  93   0.000829   0.018438  -0.038062   0.018795
  94  -0.004061  -0.046342  -0.004131   0.054534
  95   0.051468  -0.027342  -0.009723  -0.014403
  96   0.061965  -0.069270   0.036031  -0.028726
  97  -0.029399  -0.023724  -0.027451   0.080574
  98   0.035191  -0.038082  -0.009835   0.012725
  99   0.023579   0.023221  -0.114433   0.067633
 100   0.005309  -0.034486  -0.068114   0.097290
 101   0.001398   0.015443  -0.009451  -0.007390
 102  -0.043904  -0.008551  -0.004836   0.057291
 103   0.066768  -0.015923  -0.020380  -0.030466
 104   0.019845  -0.014778  -0.007194   0.002126
 105   0.015133  -0.022056  -0.006952   0.013875
 106   0.039339  -0.023534  -0.012221  -0.003584
 107  -0.020289  -0.032665   0.005853   0.047102
 108  -0.009227   0.007299   0.033093  -0.031166
 109  -0.027662  -0.038371   0.068437  -0.002404
 110  -0.007437  -0.011544   0.016948   0.002033
 111   0.001886   0.030925  -0.027676  -0.005136
 112  -0.014130   0.027303  -0.006609  -0.006564
 113  -0.045756  -0.040260   0.087017  -0.001001
 114  -0.000079   0.018444  -0.024590   0.006225
 115  -0.024074   0.007654   0.014907   0.001513
 116  -0.023406   0.014699  -0.017526   0.026233
 117  -0.036627   0.009467   0.015815   0.011346
 118  -0.009258  -0.032140   0.002972   0.038426
 119  -0.036069   0.047548   0.006023  -0.017502
 120  -0.029641   0.023275  -0.055090   0.061456
 121   0.030483   0.027780  -0.032816  -0.025446
 122   0.043113   0.022157   0.019647  -0.084917
 123   0.020900   0.000965   0.005115  -0.026981
 124   0.000978  -0.011653   0.045211  -0.034536
 125   0.003208  -0.025363   0.004940   0.017215
 126  -0.007804   0.038934  -0.035189   0.004059
 127   0.014002  -0.020320   0.014472  -0.008154
 128   0.001672   0.022806  -0.013833  -0.010645
 129   0.014188   0.005444   0.012281  -0.031912
 130   0.019073   0.034491  -0.022485  -0.031078
 131  -0.030622   0.034594   0.006988  -0.010959
 132  -0.004472  -0.000317  -0.006482   0.011271
 133   0.011379  -0.008489   0.006436  -0.009326
 134  -0.020145   0.008148   0.011112   0.000886
 135  -0.015298  -0.036788   0.045656   0.006429
 136   0.046450  -0.007206  -0.038917  -0.000327
 137   0.005741  -0.022108   0.007870   0.008497
 138   0.009782   0.009839  -0.022385   0.002764
 139  -0.012304   0.006995  -0.017360   0.022669
 140   0.022011  -0.018101   0.015116  -0.019026
 141   0.002368  -0.017568   0.005482   0.009717
 142  -0.026414   0.006242  -0.004895   0.025068
 143   0.005215   0.009361  -0.010117  -0.004459
 144   0.010699  -0.011050  -0.005879   0.006230
 145   0.004289  -0.018416   0.005835   0.008292
 146  -0.013998   0.009015   0.017097  -0.012114
 147  -0.017598  -0.010911   0.044585  -0.016076
 148  -0.035933  -0.003231   0.003488   0.035675
 149   0.035411   0.031344  -0.038584  -0.028171
 150   0.000615  -0.003517   0.014403  -0.011501
 151  -0.024094  -0.042859   0.036114   0.030839
 152   0.008831   0.009819  -0.000140  -0.018509
 153  -0.056667   0.033783  -0.012082   0.034967
 154  -0.018953   0.026799  -0.004882  -0.002963
 155  -0.048009   0.041089   0.021290  -0.014369
 156  -0.004497  -0.010018   0.015469  -0.000955
 157  -0.011184   0.043150  -0.016325  -0.015642
 158  -0.039805   0.035966   0.022631  -0.018792
 159  -0.042077  -0.022679   0.022704   0.042052
 160  -0.029182  -0.019568   0.030057   0.018693
 161  -0.001071  -0.023227   0.015236   0.009062
 162   0.019339   0.002248   0.002361  -0.023948
 163  -0.014167   0.006632   0.006206   0.001328
 164   0.025775  -0.002639   0.008250  -0.031386
 165  -0.031128   0.023250   0.022181  -0.014304
 166  -0.020588   0.011053  -0.002920   0.012455
 167  -0.003345   0.007154   0.022386  -0.026195
 168  -0.000265  -0.000754   0.021507  -0.020488
 169   0.007062  -0.009240   0.026771  -0.024593
 170  -0.019753  -0.007392   0.041483  -0.014338
 171   0.021679   0.010798  -0.009228  -0.023250
 172  -0.012729  -0.006705   0.024120  -0.004686
 173   0.029155  -0.006048   0.000431  -0.023539
 174  -0.001913   0.007243   0.004823  -0.010153
 175   0.003029   0.007142   0.000032  -0.010203
 176   0.018606  -0.022239   0.025479  -0.021846
 177  -0.003509   0.013141  -0.005089  -0.004543
 178   0.005449   0.021675  -0.040737   0.013613
 179   0.003970  -0.007371  -0.006054   0.009455
