pos          info
        0 -7.170815e-08
        1 -5.580493e-06
        2 -6.512723e-07
        3 -4.713934e-05
        4 -2.253600e-06
        5 -4.976998e-05
        6 -2.580311e-06
        7 -3.223226e-05
        8  1.950186e-05
        9 -9.668826e-07
       10 -5.927620e-04
       11 -2.629256e-04
       12 -6.178352e-07
       13 -7.153683e-06
       14 -1.335355e-05
       15 -6.313836e-06
       16 -1.829048e-06
       17 -2.483820e-04
       18 -3.748994e-04
       19  3.570580e-05
       20 -2.888082e-05
       21 -6.719611e-07
       22 -1.587506e-04
       23 -1.361412e-04
       24  7.937924e-05
       25  2.862710e-06
       26  1.575149e-05
       27  5.036585e-06
       28  5.197661e-04
       29 -7.590894e-06
       30 -5.560444e-07
       31 -1.976204e-05
       32 -1.354768e-04
       33 -1.527788e-05
       34 -8.084978e-05
       35 -8.707238e-05
       36 -1.502783e-03
       37 -4.969282e-04
       38 -1.993327e-04
       39 -3.988820e-04
       40 -5.326954e-04
       41 -1.788202e-04
       42 -3.554073e-04
       43 -3.189440e-04
       44 -2.040963e-04
       45 -1.635258e-05
       46 -7.494702e-05
       47  2.008942e-06
       48  3.216913e-06
       49  2.277692e-04
       50 -1.483972e-05
       51 -1.407221e-05
       52 -6.941112e-04
       53 -6.117497e-04
       54  3.999940e-04
       55  7.305035e-04
       56  2.558468e-03
       57  5.683428e-04
       58  1.727063e-04
       59 -3.143708e-03
       60 -4.116871e-04
       61 -5.854692e-04
       62 -6.021832e-04
       63 -8.554617e-05
       64 -2.409545e-05
       65 -1.842183e-04
       66 -1.456642e-04
       67 -8.842620e-04
       68 -1.070668e-04
       69 -6.657716e-04
       70 -2.289651e-04
       71  4.928494e-06
       72  5.035773e-04
       73  8.233690e-06
       74  2.783116e-04
       75  2.931808e-04
       76 -2.731395e-04
       77 -4.412889e-04
       78  1.182425e-04
       79 -2.201258e-04
       80 -1.143831e-03
       81 -9.778222e-05
       82 -1.189457e-04
       83  1.936480e-05
       84 -4.121285e-05
       85  8.148799e-04
       86 -5.260978e-04
       87  4.401112e-04
       88 -3.428996e-05
       89 -7.435605e-04
       90 -2.577378e-04
       91 -3.341593e-04
       92 -2.656977e-04
       93 -1.019400e-04
       94 -1.059457e-04
       95 -2.649440e-04
       96  1.480343e-04
       97  1.799359e-05
       98  4.521183e-05
       99 -6.153881e-04
      100 -1.820486e-04
      101  8.217400e-05
      102  1.127448e-04
      103  2.948700e-10
      104  6.400837e-05
      105  2.427999e-04
      106  3.093104e-06
      107 -2.898459e-05
      108 -1.163625e-04
      109 -1.622045e-04
      110 -6.461202e-04
      111 -1.200205e-04
      112 -4.567843e-06
      113 -1.286013e-05
      114  1.231647e-04
      115 -1.598108e-05
      116  8.407525e-05
      117 -3.160304e-06
      118  4.733749e-04
      119  1.463854e-05
      120  3.222963e-05
      121  1.434337e-06
      122  4.478502e-06
      123  2.258711e-04
      124  1.966183e-06
      125  1.794248e-04
      126 -8.492167e-05
      127 -2.109088e-07
      128 -1.193167e-04
      129 -3.430734e-04
      130 -2.014351e-06
      131 -1.164137e-04
      132 -4.377054e-04
      133  9.870902e-07
      134  8.713539e-06
      135 -1.392190e-06
      136 -2.312561e-04
      137 -3.462900e-05
      138 -4.500842e-07
      139  6.087906e-05
      140  6.224951e-07
      141  2.364039e-04
      142  5.729333e-05
      143 -3.259027e-05
      144 -1.195637e-05
      145 -1.728662e-05
      146 -1.117346e-04
      147 -1.003824e-03
      148 -9.314992e-05
      149  3.873759e-04
      150 -2.236753e-07
      151 -4.312418e-06
      152 -1.006380e-04
      153  1.519814e-05
      154  3.073431e-05
      155  1.584607e-04
      156  4.494392e-05
      157 -9.954599e-08
      158 -3.631363e-04
      159 -3.699822e-04