pos          info
        0 -3.223362e-07
        1  3.699272e-06
        2  3.604092e-08
        3 -4.828880e-05
        4  3.057427e-06
        5 -5.568828e-05
        6 -2.593141e-06
        7 -2.480130e-05
        8 -2.520509e-05
        9 -7.104661e-09
       10  5.625619e-04
       11 -2.391494e-04
       12  1.730461e-07
       13 -1.299274e-05
       14  7.695273e-06
       15 -1.136868e-05
       16  1.433578e-07
       17 -2.294070e-04
       18 -3.902628e-04
       19  4.592374e-05
       20 -3.461931e-05
       21  2.104442e-08
       22 -1.932605e-04
       23 -9.762580e-05
       24  7.245631e-05
       25 -4.594970e-08
       26  9.248415e-06
       27  7.573549e-06
       28  5.374321e-04
       29 -2.633799e-06
       30  4.195950e-08
       31 -1.265120e-05
       32 -1.499927e-04
       33  1.688076e-05
       34 -8.384217e-05
       35 -1.087151e-04
       36 -1.570380e-03
       37 -5.212227e-04
       38 -1.351463e-04
       39 -4.815796e-04
       40 -5.601617e-04
       41 -1.934841e-04
       42 -3.502060e-04
       43 -3.271076e-04
       44 -2.021282e-04
       45 -1.783434e-05
       46 -8.576526e-05
       47 -9.845412e-07
       48 -1.052932e-06
       49  2.151459e-04
       50 -1.041095e-05
       51  6.397978e-06
       52 -7.323287e-04
       53 -6.201528e-04
       54 -4.715273e-04
       55  5.958122e-04
       56  2.598167e-03
       57 -5.390670e-04
       58  1.872490e-04
       59  3.208468e-03
       60 -4.190568e-04
       61 -5.835616e-04
       62 -5.810190e-04
       63 -7.589766e-05
       64 -2.640096e-05
       65 -1.638565e-04
       66  1.068247e-04
       67 -9.862783e-04
       68 -1.191392e-04
       69  6.175797e-04
       70 -2.395333e-04
       71 -4.064881e-06
       72  5.056077e-04
       73 -1.379114e-05
       74  2.724188e-04
       75  3.158558e-04
       76 -2.861679e-04
       77  4.616114e-04
       78 -1.145308e-04
       79 -2.096313e-04
       80  1.110420e-03
       81 -1.154553e-04
       82 -1.314379e-04
       83  1.135546e-05
       84 -3.263343e-05
       85  7.846516e-04
       86 -4.445954e-04
       87  4.138183e-04
       88 -2.654927e-05
       89  7.810537e-04
       90 -2.689811e-04
       91 -3.214818e-04
       92 -3.087776e-04
       93 -8.416322e-05
       94 -6.611693e-05
       95 -2.556209e-04
       96 -1.671184e-04
       97  1.883766e-05
       98  6.423595e-05
       99  5.550251e-04
      100 -2.064774e-04
      101 -7.403923e-05
      102  1.033772e-04
      103  5.752084e-07
      104  7.419790e-05
      105  2.360794e-04
      106  1.403102e-06
      107 -2.883139e-05
      108  8.576387e-05
      109 -1.712064e-04
      110 -6.281124e-04
      111  1.311559e-04
      112  1.287799e-06
      113 -2.616751e-05
      114  8.813956e-05
      115  2.396130e-05
      116  7.408270e-05
      117 -4.621955e-07
      118  4.730790e-04
      119 -1.878427e-05
      120  2.044349e-05
      121 -4.360177e-07
      122 -3.027018e-06
      123  2.193097e-04
      124 -3.626450e-08
      125  1.626224e-04
      126 -6.435066e-05
      127  3.277936e-06
      128 -1.101902e-04
      129 -3.668948e-04
      130 -9.589600e-07
      131 -9.359519e-05
      132 -4.188546e-04
      133  1.232979e-06
      134 -1.748367e-05
      135  1.039543e-06
      136 -1.852292e-04
      137  4.491219e-05
      138  6.525323e-08
      139 -7.006189e-05
      140 -2.042504e-06
      141  2.373485e-04
      142  4.754757e-05
      143 -4.282966e-05
      144  9.912994e-06
      145  1.165538e-05
      146 -6.426036e-05
      147 -9.681454e-04
      148 -1.112978e-04
      149  3.319373e-04
      150  3.538443e-10
      151 -2.015213e-06
      152 -1.154580e-04
      153  1.244711e-05
      154  1.929535e-05
      155  1.499602e-04
      156  3.837198e-05
      157 -3.352436e-07
      158  3.757385e-04
      159 -3.645037e-04