pos       info
        0  -0.000213
        1  -0.001877
        2  -0.000662
        3  -0.005664
        4  -0.001228
        5  -0.005821
        6  -0.001282
        7  -0.004678
        8   0.003534
        9  -0.000806
       10  -0.019468
       11  -0.013499
       12  -0.000645
       13  -0.002197
       14  -0.002984
       15  -0.002064
       16  -0.001110
       17  -0.012759
       18  -0.016168
       19   0.004867
       20  -0.004427
       21  -0.000672
       22  -0.010168
       23  -0.009671
       24   0.007032
       25   0.001389
       26   0.003239
       27   0.001835
       28   0.017733
       29  -0.002201
       30  -0.000594
       31  -0.003659
       32  -0.009647
       33  -0.003101
       34  -0.007230
       35  -0.007505
       36  -0.032976
       37  -0.018667
       38  -0.011411
       39  -0.016238
       40  -0.019342
       41  -0.011102
       42  -0.015735
       43  -0.014891
       44  -0.011549
       45  -0.003327
       46  -0.007154
       47   0.001163
       48   0.001472
       49   0.012182
       50  -0.003081
       51  -0.003062
       52  -0.022148
       53  -0.020761
       54   0.016261
       55   0.020928
       56   0.038174
       57   0.019993
       58   0.010327
       59  -0.043375
       60  -0.016958
       61  -0.020299
       62  -0.020594
       63  -0.007648
       64  -0.004042
       65  -0.011270
       66  -0.009771
       67  -0.025080
       68  -0.008565
       69  -0.020601
       70  -0.012584
       71   0.001823
       72   0.017978
       73   0.002358
       74   0.013444
       75   0.013792
       76  -0.013763
       77  -0.016854
       78   0.009006
       79  -0.012335
       80  -0.026781
       81  -0.008182
       82  -0.008786
       83   0.003590
       84  -0.005294
       85   0.022728
       86  -0.019219
       87   0.016832
       88  -0.004826
       89  -0.021739
       90  -0.013363
       91  -0.014837
       92  -0.013571
       93  -0.008127
       94  -0.008520
       95  -0.013552
       96   0.010089
       97   0.003364
       98   0.005473
       99  -0.019827
      100  -0.011203
      101   0.007289
      102   0.008609
      103   0.000014
      104   0.006504
      105   0.012571
      106   0.001439
      107  -0.004435
      108  -0.008498
      109  -0.010567
      110  -0.021350
      111  -0.008880
      112  -0.001748
      113  -0.002949
      114   0.008994
      115  -0.003263
      116   0.007445
      117  -0.001459
      118   0.016942
      119   0.003147
      120   0.004626
      121   0.000982
      122   0.001690
      123   0.012131
      124   0.001119
      125   0.010830
      126  -0.007411
      127  -0.000376
      128  -0.008800
      129  -0.015454
      130  -0.001132
      131  -0.008935
      132  -0.017026
      133   0.000791
      134   0.002359
      135  -0.000939
      136  -0.012305
      137  -0.004659
      138  -0.000549
      139   0.006443
      140   0.000629
      141   0.012054
      142   0.005983
      143  -0.004575
      144  -0.002824
      145  -0.003393
      146  -0.008752
      147  -0.026771
      148  -0.007765
      149   0.015813
      150  -0.000387
      151  -0.001705
      152  -0.008074
      153   0.003093
      154   0.004518
      155   0.009898
      156   0.005304
      157  -0.000259
      158  -0.015320
      159  -0.016060