pos      val_A      val_C      val_G      val_T
   0   0.022778  -0.027737  -0.004924   0.009882
   1   0.008974   0.000643  -0.022954   0.013338
   2  -0.007933  -0.008963   0.008341   0.008555
   3  -0.007629   0.003774   0.016484  -0.012630
   4  -0.010540  -0.019839   0.008928   0.021451
   5  -0.030665   0.004592   0.036405  -0.010332
   6  -0.001406  -0.015685  -0.018224   0.035315
   7   0.003735   0.023790   0.001725  -0.029250
   8   0.022938  -0.019223  -0.030424   0.026709
   9   0.005062   0.003291  -0.018638   0.010285
  10  -0.006195  -0.005093  -0.016426   0.027714
  11   0.020068  -0.004325   0.019586  -0.035329
  12  -0.002741  -0.005076   0.023615  -0.015798
  13  -0.012177   0.005152   0.023624  -0.016599
  14   0.005824   0.023308  -0.008294  -0.020838
  15  -0.017869  -0.028787   0.018308   0.028348
  16   0.005297   0.005772   0.018487  -0.029555
  17   0.002024  -0.018195   0.005271   0.010900
  18  -0.048321   0.023936   0.006132   0.018253
  19  -0.006821  -0.001096   0.013396  -0.005478
  20   0.001655   0.024731  -0.031719   0.005334
  21  -0.010288   0.007783   0.010835  -0.008330
  22   0.006018   0.003816  -0.022161   0.012328
  23  -0.010536  -0.027887   0.025939   0.012484
  24  -0.003721  -0.043241   0.019208   0.027754
  25  -0.017406   0.032158  -0.034002   0.019250
  26   0.010457  -0.009716   0.014084  -0.014825
  27   0.019471  -0.013651   0.009993  -0.015813
  28  -0.004781   0.003075   0.008626  -0.006920
  29   0.009569   0.002465   0.031284  -0.043319
  30  -0.013510   0.004289  -0.010160   0.019381
  31  -0.004139   0.012864   0.009769  -0.018494
  32   0.000936   0.049618  -0.003268  -0.047286
  33  -0.008057  -0.015855   0.006690   0.017222
  34   0.015964   0.025482  -0.014860  -0.026586
  35   0.005355  -0.013859  -0.001753   0.010258
  36   0.013142   0.023537   0.040070  -0.076749
  37   0.007680   0.057216  -0.012567  -0.052329
  38   0.000686   0.025589  -0.034263   0.007987
  39   0.016762  -0.039323   0.001557   0.021004
  40  -0.034707   0.016928   0.008276   0.009502
  41  -0.033246   0.018615   0.013574   0.001058
  42  -0.046803  -0.001382   0.028291   0.019894
  43  -0.046629   0.016445   0.028695   0.001489
  44  -0.010645   0.015341   0.002702  -0.007398
  45  -0.037867   0.009579   0.018325   0.009963
  46  -0.016984   0.031095  -0.008146  -0.005965
  47  -0.021804   0.019111  -0.002662   0.005354
  48  -0.016180  -0.011405   0.018423   0.009162
  49   0.011198   0.009699  -0.043782   0.022884
  50   0.024134  -0.006296  -0.022791   0.004953
  51   0.001445   0.005741  -0.023238   0.016052
  52   0.001820   0.055433  -0.013396  -0.043857
  53   0.012281   0.023530   0.014985  -0.050796
  54   0.011044   0.016604  -0.013000  -0.014648
  55  -0.052432   0.030328   0.017224   0.004880
  56  -0.048403   0.068378  -0.016607  -0.003368
  57   0.018727   0.013115   0.018196  -0.050037
  58   0.003304  -0.016623   0.019609  -0.006290
  59   0.116420  -0.039983   0.005117  -0.081555
  60  -0.033211  -0.015233   0.021745   0.026698
  61   0.028910   0.002239  -0.000594  -0.030555
  62  -0.070463   0.026738   0.009932   0.033793
  63  -0.021860  -0.012248   0.015184   0.018923
  64  -0.010878   0.022558   0.000189  -0.011870
  65  -0.030624   0.010820   0.028491  -0.008688
  66  -0.026536   0.023460  -0.014550   0.017626
  67  -0.059244   0.053553  -0.003817   0.009508
  68  -0.008780   0.026239   0.011249  -0.028708
  69   0.019738   0.005429  -0.021523  -0.003645
  70   0.027149  -0.008440   0.015120  -0.033829
  71   0.019629   0.005794  -0.028013   0.002589
  72   0.033617   0.022079  -0.034628  -0.021068
  73   0.064294  -0.018223  -0.047032   0.000961
  74   0.029475  -0.030193   0.004106  -0.003387
  75   0.039580  -0.051528  -0.021241   0.033189
  76  -0.049657   0.000888   0.020686   0.028082
  77  -0.017674  -0.044106   0.016512   0.045268
  78  -0.011200   0.012111  -0.017415   0.016504
  79  -0.028552   0.027204  -0.006806   0.008153
  80   0.050789   0.008593  -0.003008  -0.056375
  81   0.026418  -0.011707  -0.002534  -0.012176
  82   0.012527  -0.022441  -0.026773   0.036687
  83   0.010036  -0.017485  -0.019038   0.026487
  84   0.014381   0.027724  -0.016748  -0.025357
  85   0.044052   0.015352  -0.074187   0.014783
  86   0.020995   0.011863   0.042832  -0.075691
  87   0.025927  -0.006574  -0.027938   0.008584
  88  -0.004071  -0.000973   0.019506  -0.014462
  89   0.052953  -0.004362  -0.014391  -0.034199
  90  -0.000384   0.031632   0.000863  -0.032110
  91  -0.004534   0.051869  -0.057738   0.010403
  92   0.022784   0.017716   0.004681  -0.045181
  93   0.028323   0.026784  -0.022938  -0.032169
  94  -0.006647   0.006996   0.011985  -0.012334
  95   0.047447  -0.005780  -0.009641  -0.032026
  96  -0.045609   0.017480  -0.002857   0.030986
  97   0.002037   0.020875   0.025074  -0.047986
  98  -0.013713  -0.015412   0.005082   0.024043
  99  -0.053291   0.005411  -0.013203   0.061083
 100  -0.018192   0.033017   0.026449  -0.041273
 101   0.002078   0.032675   0.002546  -0.037299
 102   0.027602  -0.008930   0.004463  -0.023134
 103   0.012120  -0.004732   0.004279  -0.011666
 104   0.001868  -0.005378  -0.023347   0.026858
 105  -0.021531   0.034599  -0.035534   0.022467
 106  -0.005433   0.017713  -0.021613   0.009333
 107  -0.009986  -0.011588   0.024918  -0.003343
 108  -0.011504   0.027210  -0.002804  -0.012902
 109  -0.015536   0.002046  -0.007849   0.021339
 110   0.012632   0.030791   0.000037  -0.043460
 111   0.013698  -0.028386  -0.009658   0.024345
 112   0.003464  -0.000379  -0.007085   0.004001
 113   0.029911  -0.036997   0.017657  -0.010571
 114   0.012828  -0.018015  -0.006121   0.011309
 115   0.006336   0.010299   0.000347  -0.016982
 116   0.011238  -0.003408   0.003494  -0.011324
 117   0.013194  -0.010386   0.013100  -0.015909
 118  -0.007657   0.007992   0.056460  -0.056795
 119  -0.040716   0.017828   0.021071   0.001818
 120  -0.020741   0.020221  -0.010666   0.011187
 121   0.010581  -0.019538   0.010004  -0.001048
 122   0.011795  -0.003069   0.015373  -0.024099
 123  -0.033381   0.018017  -0.014260   0.029624
 124  -0.004355   0.005215   0.001121  -0.001981
 125   0.020800   0.018297  -0.033418  -0.005679
 126   0.029391  -0.023467  -0.021711   0.015786
 127  -0.009986   0.007594  -0.001772   0.004164
 128  -0.027683   0.006505   0.028009  -0.006831
 129   0.020305  -0.008125   0.030318  -0.042498
 130  -0.017412   0.004001   0.013189   0.000221
 131  -0.012514   0.023940  -0.006123  -0.005303
 132   0.021671   0.012432  -0.055523   0.021421
 133  -0.023609  -0.013241   0.003791   0.033058
 134   0.002953   0.033383   0.017338  -0.053674
 135   0.013314  -0.013749  -0.015363   0.015799
 136  -0.019822  -0.003946   0.013665   0.010104
 137  -0.053455   0.036759  -0.002002   0.018698
 138  -0.026382  -0.002096   0.016255   0.012224
 139   0.000831   0.017641  -0.009056  -0.009416
 140   0.013886   0.016511  -0.015641  -0.014757
 141  -0.019629   0.024580   0.004770  -0.009720
 142  -0.006131  -0.019299  -0.007720   0.033150
 143   0.020489  -0.011246  -0.003731  -0.005512
 144   0.011204  -0.019128  -0.009322   0.017247
 145  -0.016842  -0.004667  -0.006478   0.027987
 146   0.007390  -0.008116   0.024850  -0.024124
 147  -0.054540   0.003227   0.040090   0.011222
 148   0.018099  -0.035151  -0.019675   0.036728
 149  -0.026740  -0.031566   0.012977   0.045329
 150   0.000581   0.005603  -0.008955   0.002770
 151   0.014642  -0.007642   0.011949  -0.018949
 152  -0.008507   0.027817  -0.018984  -0.000327
 153   0.006557   0.012460  -0.016908  -0.002109
 154   0.037021  -0.009916  -0.024309  -0.002796
 155   0.004632   0.000431   0.014004  -0.019067
 156  -0.021860   0.018116   0.000272   0.003473
 157  -0.004020   0.020600   0.003682  -0.020262
 158   0.002782  -0.013967  -0.021926   0.033112
 159  -0.045617   0.007553   0.057085  -0.019021
 160   0.006163  -0.010169  -0.005072   0.009078
 161  -0.008404   0.010109  -0.003553   0.001847
 162   0.016944  -0.016205   0.007068  -0.007807
 163   0.004903   0.007215  -0.000012  -0.012106
 164  -0.011632  -0.001256   0.000571   0.012316
 165   0.002407  -0.005314  -0.013320   0.016227
 166   0.009293  -0.002362  -0.002274  -0.004657
 167   0.008003   0.000463  -0.013424   0.004958
 168  -0.002886  -0.008959  -0.010524   0.022370
 169   0.004930   0.006859   0.001135  -0.012923
 170  -0.012961  -0.018085   0.005178   0.025867
 171  -0.027140   0.027706  -0.008573   0.008007
 172  -0.026137   0.017998   0.002511   0.005628
 173  -0.015562   0.015043  -0.001213   0.001732
 174  -0.033232   0.020567   0.003079   0.009586
 175  -0.021955   0.006361   0.036362  -0.020768
 176  -0.005120  -0.009210   0.017430  -0.003099
 177  -0.018958   0.000571   0.030911  -0.012524
 178  -0.020345   0.021306   0.019189  -0.020150
 179   0.013829  -0.004887   0.046317  -0.055260
