pos       info
        0  -0.767876
        1  -0.420910
        2  -1.251114
        3   0.363477
        4  -0.258272
        5  -0.088456
        6  -0.511877
        7  -0.051458
        8  -0.239835
        9  -0.001542
       10  -1.699740
       11  -0.007608
       12  -0.004718
       13  -0.139863
       14   0.202089
       15   0.381593
       16  -0.245935
       17  -0.174793
       18  -0.016706
       19  -0.051332
       20  -0.156886
       21  -0.295823
       22  -1.026092
       23  -0.182440
       24  -1.674689
       25  -0.446032
       26  -0.284576
       27  -0.097448
       28   0.900319
       29   0.083057
       30   0.392632
       31   0.050557
       32  -0.077515
       33  -0.109252
       34  -0.197105
       35  -0.000641
       36  -1.071788
       37   0.395266
       38  -0.225307
       39  -0.358745
       40  -0.021579
       41  -1.116472
       42  -0.013432
       43  -0.368839
       44  -0.104480
       45  -1.771018
       46  -0.185211
       47   0.253855
       48   0.178368
       49   0.284587
       50   0.056916
       51   0.332384
       52  -0.344740
       53  -0.857706
       54   0.505574
       55   0.061648
       56  -0.163669
       57  -0.294832
       58  -0.482592
       59  -0.000568
       60  -0.024096
       61  -0.680764
       62   0.105611
       63   0.416898
       64  -0.401100
       65  -0.013312
       66  -1.795924
       67  -0.254309
       68  -1.755975
       69  -0.369442
       70  -0.105826
       71  -0.036076
       72  -0.282631
       73   0.268037
       74   0.142460
       75   0.262130
       76  -0.367687
       77  -0.101133
       78  -0.723377
       79   0.189057
       80  -0.248626
       81   0.242958
       82  -0.300017
       83  -0.313989
       84  -1.914488
       85  -1.599575
       86  -0.201804
       87   0.382760
       88  -0.007122
       89   0.021093
       90  -0.664043
       91  -0.019840
       92  -0.462193
       93  -1.685371
       94   0.069606
       95   0.131620
       96   0.386481
       97  -0.201115
       98   0.321623
       99  -1.504916
      100   0.119641
      101  -1.285449
      102   0.311803
      103  -1.338685
      104  -0.323548
      105  -1.176581
      106  -0.284342
      107  -1.666883
      108  -1.200104
      109   0.319266
      110   0.278507
      111   0.388298
      112   0.070905
      113   0.377511
      114   0.153434
      115   0.422750
      116  -0.367484
      117  -0.547207
      118  -0.046219
      119  -1.197351
      120  -0.001407
      121  -0.000168
      122  -1.712204
      123   0.319714
      124  -0.148951
      125   0.348570
      126  -1.092189
      127  -0.155211
      128  -0.197252
      129  -0.013873
      130  -1.860179
      131  -0.791537
      132  -0.007116
      133  -0.103105
      134  -0.096760
      135  -0.241033
      136  -0.133318
      137  -0.395033
      138  -1.525881
      139  -0.014091
      140  -1.911858
      141  -0.024990
      142  -0.378026
      143  -0.505915
      144   1.881872
      145   0.879493
      146   0.407361
      147   0.392087
      148   0.271650
      149   0.419019
      150   0.417192
      151  -0.320517
      152  -0.268546
      153  -0.565038
      154  -0.214393
      155  -0.068552
      156  -0.094661
      157  -0.305367
      158  -0.160949
      159  -0.391415