pos      val_A      val_C      val_G      val_T
   0   0.000039  -0.022939   0.001873   0.021026
   1   0.010662   0.025177  -0.023836  -0.012004
   2   0.008650  -0.007871   0.005943  -0.006722
   3  -0.030171   0.003824   0.016135   0.010212
   4   0.028510  -0.000184  -0.022113  -0.006213
   5  -0.012389   0.020091  -0.002828  -0.004874
   6   0.010499  -0.002510   0.005389  -0.013378
   7  -0.007570   0.019189  -0.009009  -0.002610
   8   0.007788  -0.021474   0.011844   0.001841
   9  -0.001602   0.000834   0.015478  -0.014710
  10  -0.003865   0.006833   0.013102  -0.016070
  11  -0.012288   0.011710   0.013167  -0.012588
  12   0.018830  -0.009466   0.007682  -0.017046
  13  -0.008706  -0.020542   0.007176   0.022072
  14   0.028357  -0.038942   0.007973   0.002612
  15  -0.012825   0.008786  -0.004201   0.008240
  16  -0.004661  -0.016666   0.007773   0.013554
  17  -0.005773   0.002871   0.000644   0.002258
  18  -0.002166  -0.002229   0.027441  -0.023046
  19   0.005611   0.013180  -0.021352   0.002561
  20   0.008461  -0.014817  -0.000066   0.006422
  21   0.013874   0.007664  -0.004313  -0.017225
  22  -0.042917   0.013889   0.024690   0.004338
  23  -0.021247  -0.003268   0.003865   0.020649
  24   0.017067  -0.004830   0.001089  -0.013327
  25   0.003078  -0.013629  -0.000803   0.011354
  26  -0.002831  -0.006679   0.003776   0.005734
  27   0.009192   0.002696   0.008353  -0.020241
  28  -0.015309   0.006585   0.000634   0.008090
  29   0.008561  -0.000070  -0.003267  -0.005223
  30   0.032722  -0.025853   0.021189  -0.028057
  31   0.003576  -0.017734   0.017169  -0.003011
  32  -0.003436   0.022373  -0.004026  -0.014912
  33  -0.015822   0.004990   0.014624  -0.003792
  34  -0.010917   0.007456  -0.019258   0.022719
  35   0.003206   0.007078  -0.031215   0.020931
  36   0.006959   0.013444   0.000956  -0.021359
  37  -0.027345  -0.025446   0.027728   0.025063
  38  -0.007735   0.000789  -0.005853   0.012799
  39   0.001128   0.000302   0.000788  -0.002218
  40   0.012921  -0.014103  -0.010477   0.011659
  41   0.003811  -0.014317   0.010210   0.000296
  42   0.008643  -0.013516   0.012302  -0.007428
  43  -0.031764   0.025142   0.012995  -0.006374
  44  -0.005554   0.026514  -0.016196  -0.004765
  45  -0.002602  -0.000774   0.027298  -0.023921
  46   0.013028   0.012209  -0.002420  -0.022817
  47   0.007248  -0.018072  -0.004454   0.015277
  48   0.000311  -0.016309   0.002432   0.013566
  49  -0.017740  -0.007094   0.011493   0.013341
  50  -0.003745  -0.008202   0.013255  -0.001308
  51  -0.012526   0.001367  -0.005710   0.016868
  52  -0.012007   0.020282  -0.014604   0.006329
  53   0.014369   0.016164   0.015934  -0.046467
  54  -0.015515  -0.005511  -0.002921   0.023948
  55   0.004869   0.034088   0.003997  -0.042955
  56  -0.019292   0.005108  -0.000498   0.014682
  57   0.027632  -0.018597  -0.000845  -0.008190
  58   0.008359  -0.001857   0.003808  -0.010309
  59   0.015637   0.009196   0.003106  -0.027939
  60   0.014676  -0.018996   0.001654   0.002665
  61  -0.001396  -0.025018   0.013156   0.013258
  62  -0.007293   0.013277   0.002032  -0.008016
  63   0.013421   0.024840  -0.027363  -0.010898
  64   0.022289  -0.039292   0.014753   0.002251
  65   0.004543  -0.030159   0.013528   0.012089
  66   0.002956  -0.029334   0.012522   0.013857
  67   0.004120  -0.028412   0.026170  -0.001878
  68  -0.004935   0.004983  -0.033826   0.033777
  69   0.000876  -0.015237   0.005125   0.009235
  70   0.014875   0.012158  -0.014027  -0.013006
  71  -0.001177  -0.012071  -0.004778   0.018026
  72  -0.006880   0.020927   0.010039  -0.024085
  73  -0.004241   0.030417  -0.011751  -0.014424
  74  -0.000267  -0.022540   0.026113  -0.003306
  75  -0.001631  -0.000920  -0.004166   0.006717
  76  -0.015710   0.016366  -0.000689   0.000033
  77   0.002037   0.005663  -0.003484  -0.004216
  78  -0.007295  -0.000270   0.002676   0.004889
  79   0.005467   0.002998  -0.005820  -0.002646
  80   0.011033  -0.010260   0.010434  -0.011207
  81   0.000562  -0.001501   0.000397   0.000542
  82   0.012416  -0.015320   0.012220  -0.009316
  83   0.017043   0.002294  -0.003574  -0.015763
  84  -0.028895   0.017346   0.002919   0.008629
  85  -0.024618  -0.007761   0.011418   0.020961
  86  -0.007324  -0.003999   0.004839   0.006484
  87  -0.035751   0.001226   0.013427   0.021097
  88   0.010115   0.013148  -0.005529  -0.017734
  89   0.005342  -0.003780  -0.003884   0.002321
  90  -0.002708  -0.019037   0.029904  -0.008160
  91   0.006303   0.004213  -0.006594  -0.003923
  92  -0.017252   0.001075   0.029022  -0.012844
  93   0.020048  -0.037710   0.017687  -0.000025
  94   0.002449  -0.010935  -0.000239   0.008725
  95   0.000186  -0.005756   0.005794  -0.000224
  96   0.024868  -0.013452  -0.049428   0.038012
  97   0.006410   0.005478   0.003556  -0.015444
  98  -0.007185   0.007355  -0.004112   0.003942
  99   0.011077   0.010889   0.005962  -0.027928
 100   0.007431   0.019735  -0.019370  -0.007796
 101   0.017715   0.011394  -0.034417   0.005308
 102  -0.018587   0.018948  -0.012537   0.012176
 103   0.004834  -0.036862   0.020857   0.011171
 104  -0.008029  -0.012722   0.018956   0.001796
 105  -0.009724   0.002782   0.012238  -0.005296
 106   0.002128  -0.007014  -0.008522   0.013407
 107  -0.004583   0.000477   0.012671  -0.008565
 108  -0.023442   0.017791   0.002635   0.003015
 109  -0.002486  -0.020505   0.007586   0.015406
 110   0.004882  -0.029055   0.030793  -0.006620
 111   0.011116  -0.006538  -0.001825  -0.002754
 112   0.009625  -0.004007  -0.014769   0.009151
 113   0.018217  -0.031942   0.014080  -0.000354
 114  -0.015332   0.001622   0.001475   0.012235
 115  -0.180396   0.117076   0.035497   0.027823
 116   0.051092  -0.017456  -0.004072  -0.029564
 117  -0.014555   0.033203   0.000585  -0.019233
 118  -0.019663  -0.011366   0.007242   0.023788
 119   0.016182  -0.012252   0.031505  -0.035436
 120   0.008594   0.003110   0.002127  -0.013831
 121   0.002943   0.008067   0.009175  -0.020185
 122   0.010009   0.027599  -0.003210  -0.034398
 123  -0.017503  -0.010963   0.017649   0.010816
 124  -0.003190  -0.016680   0.018179   0.001692
 125  -0.025457   0.007643   0.000100   0.017713
 126  -0.013915   0.010390  -0.013202   0.016727
 127   0.025750  -0.002692  -0.023641   0.000583
 128  -0.000776   0.014732  -0.011601  -0.002355
 129  -0.021818   0.035600   0.016672  -0.030455
 130  -0.044613   0.017657   0.018762   0.008194
 131  -0.013132   0.024207   0.004389  -0.015465
 132  -0.010813   0.010634  -0.003417   0.003596
 133  -0.015218   0.003257   0.012029  -0.000068
 134   0.013596  -0.024517   0.012549  -0.001628
 135   0.019397   0.009006  -0.031101   0.002697
 136  -0.007063   0.006064  -0.002979   0.003978
 137  -0.008990   0.038731  -0.012135  -0.017606
 138   0.002199   0.002410   0.014881  -0.019491
 139  -0.015996   0.008846   0.009460  -0.002310
 140  -0.046133   0.011421   0.023801   0.010910
 141   0.004014   0.004587   0.029763  -0.038363
 142  -0.010675   0.028662   0.023277  -0.041264
 143  -0.022651   0.026413  -0.000814  -0.002948
 144   0.028375  -0.000688   0.016569  -0.044256
 145  -0.032527   0.024498   0.030809  -0.022780
 146   0.148028   0.036168  -0.177916  -0.006280
 147   0.066531  -0.015006  -0.057201   0.005676
 148   0.032182   0.009043  -0.002230  -0.038995
 149  -0.030113   0.035163  -0.010704   0.005654
 150  -0.022529  -0.006431   0.037791  -0.008831
 151  -0.007952   0.024495  -0.021541   0.004998
 152  -0.015260   0.011095   0.011091  -0.006926
 153   0.006671   0.023241   0.005383  -0.035295
 154   0.002585  -0.007807  -0.003186   0.008407
 155   0.025065  -0.008848  -0.036381   0.020164
 156   0.025469  -0.004329  -0.019310  -0.001830
 157   0.007315   0.011865  -0.003903  -0.015276
 158  -0.016802  -0.033080   0.029799   0.020083
 159  -0.000653  -0.004802  -0.034176   0.039631
 160  -0.002731  -0.007653  -0.008147   0.018532
 161   0.006993   0.024556  -0.017864  -0.013685
 162  -0.001329  -0.005830  -0.007855   0.015014
 163  -0.008006   0.005385  -0.019650   0.022271
 164  -0.027160  -0.002923   0.018409   0.011674
 165   0.002825   0.010888  -0.017515   0.003802
 166  -0.011610   0.016365  -0.019337   0.014581
 167   0.009938   0.002261  -0.019330   0.007132
 168  -0.020887   0.019329  -0.001764   0.003323
 169  -0.021797   0.001058   0.013792   0.006948
 170  -0.022394  -0.008071   0.008887   0.021579
 171  -0.018180  -0.014822   0.025796   0.007206
 172  -0.021324   0.012578   0.012736  -0.003990
 173  -0.011373   0.019277   0.004362  -0.012266
 174  -0.006452  -0.009886   0.004672   0.011665
 175  -0.039498   0.029741   0.023397  -0.013641
 176  -0.006453  -0.000457   0.051920  -0.045011
 177  -0.033346   0.018944   0.044369  -0.029967
 178  -0.011212   0.012858   0.041935  -0.043581
 179  -0.017022  -0.015281   0.070398  -0.038095
