pos      val_A      val_C      val_G      val_T
   0  -0.003809   0.004131  -0.026053   0.025731
   1   0.023163  -0.009701  -0.002957  -0.010505
   2  -0.000041   0.005205   0.009371  -0.014535
   3   0.011159   0.005230  -0.016263  -0.000125
   4   0.002859   0.011227  -0.021740   0.007653
   5   0.004137  -0.006218  -0.013776   0.015857
   6  -0.033457   0.018604   0.023482  -0.008629
   7  -0.011619   0.004961  -0.008319   0.014978
   8   0.004593   0.006522  -0.016078   0.004964
   9  -0.006153   0.010982   0.004244  -0.009073
  10   0.021713   0.007438  -0.007219  -0.021932
  11  -0.017070  -0.000291  -0.000953   0.018314
  12   0.003377  -0.018419  -0.001311   0.016354
  13  -0.007860   0.000044  -0.008166   0.015983
  14  -0.002815  -0.008433  -0.007889   0.019136
  15   0.023028  -0.010327   0.002007  -0.014708
  16   0.008998   0.007785   0.005027  -0.021810
  17  -0.006004  -0.007439   0.023324  -0.009881
  18  -0.003259   0.014673  -0.024001   0.012587
  19  -0.000290   0.032146  -0.013616  -0.018240
  20   0.018226  -0.008908   0.004033  -0.013351
  21   0.026633  -0.018067   0.010528  -0.019095
  22   0.013673  -0.012630   0.003955  -0.004998
  23   0.008485  -0.008916   0.005890  -0.005460
  24   0.025505  -0.018154  -0.014918   0.007567
  25  -0.015439  -0.023756   0.009699   0.029495
  26   0.000442   0.000069   0.037866  -0.038377
  27   0.027167  -0.025315   0.007568  -0.009420
  28   0.005146  -0.012976   0.054296  -0.046465
  29  -0.007688   0.018479   0.000811  -0.011601
  30  -0.015995   0.000984  -0.035720   0.050731
  31   0.059795  -0.020471  -0.013525  -0.025800
  32  -0.011462   0.012398  -0.009715   0.008780
  33   0.004095  -0.024377   0.005385   0.014898
  34   0.022709  -0.038125   0.026104  -0.010687
  35  -0.023800  -0.017543  -0.016895   0.058237
  36  -0.009939  -0.013894   0.028847  -0.005015
  37  -0.016760   0.001967   0.010001   0.004792
  38  -0.018992   0.001941   0.020072  -0.003021
  39  -0.022819  -0.005433   0.006141   0.022111
  40  -0.017421   0.003061   0.014229   0.000131
  41  -0.010317   0.014321  -0.007847   0.003843
  42  -0.008175  -0.006199   0.020639  -0.006265
  43   0.032236  -0.000327  -0.019248  -0.012661
  44  -0.016344   0.015934  -0.000711   0.001121
  45  -0.001279   0.008102  -0.008242   0.001419
  46   0.003954  -0.005398   0.003341  -0.001896
  47  -0.006630  -0.020420   0.012249   0.014800
  48   0.021294  -0.008098   0.007627  -0.020823
  49  -0.013601  -0.018314   0.014040   0.017876
  50  -0.001092  -0.014051  -0.017435   0.032578
  51  -0.000527  -0.013310  -0.011296   0.025133
  52  -0.021571  -0.007903   0.017140   0.012334
  53   0.019819  -0.007526  -0.012155  -0.000138
  54  -0.019368  -0.009827   0.037501  -0.008306
  55   0.007440  -0.012126  -0.006764   0.011450
  56   0.003887   0.014245  -0.003123  -0.015009
  57   0.015879  -0.044009   0.032581  -0.004452
  58  -0.023571   0.016606   0.011732  -0.004767
  59  -0.032198   0.002596   0.002953   0.026650
  60   0.049579  -0.014355  -0.018960  -0.016265
  61  -0.013574  -0.010167   0.018169   0.005572
  62   0.001345   0.025533  -0.024994  -0.001883
  63  -0.001333   0.002980   0.003364  -0.005011
  64  -0.029294  -0.015228   0.036575   0.007946
  65   0.001648   0.018767  -0.022299   0.001884
  66  -0.003703   0.006731  -0.005636   0.002608
  67   0.008589  -0.013934  -0.011768   0.017113
  68   0.019693  -0.018218  -0.022714   0.021240
  69   0.011928  -0.010866  -0.003330   0.002267
  70   0.036322   0.017024  -0.022430  -0.030916
  71   0.059467  -0.014119  -0.019838  -0.025509
  72   0.020439  -0.022642   0.005105  -0.002902
  73   0.036187  -0.017660  -0.019312   0.000785
  74   0.044536  -0.040188  -0.008523   0.004175
  75   0.001647  -0.001476   0.008585  -0.008755
  76  -0.033360   0.007198   0.009546   0.016616
  77   0.026637  -0.010644   0.018288  -0.034282
  78  -0.035903   0.029245   0.020366  -0.013708
  79  -0.029517  -0.064771  -0.026132   0.120420
  80   0.010463  -0.060276   0.013492   0.036320
  81   0.016285   0.000936   0.013255  -0.030476
  82   0.007886   0.007651  -0.036015   0.020479
  83   0.010185   0.009310   0.000631  -0.020127
  84  -0.006108  -0.021831  -0.008987   0.036926
  85  -0.027936   0.026341   0.029481  -0.027885
  86  -0.000180  -0.025761   0.015473   0.010468
  87  -0.019416  -0.015168   0.016847   0.017737
  88   0.021239   0.004505  -0.021350  -0.004395
  89  -0.012210  -0.009555   0.024584  -0.002819
  90   0.013791  -0.023544   0.005174   0.004578
  91   0.010305   0.006371  -0.026390   0.009714
  92   0.017039  -0.027056  -0.001048   0.011065
  93  -0.011503  -0.017572   0.009726   0.019348
  94   0.002626  -0.015658  -0.002499   0.015531
  95   0.002052  -0.005820  -0.005045   0.008813
  96  -0.008568   0.000180  -0.009248   0.017636
  97  -0.037446   0.017059  -0.020974   0.041362
  98   0.031482  -0.038800   0.064894  -0.057576
  99  -0.019491  -0.053161  -0.050195   0.122847
 100  -0.019165  -0.061200   0.118847  -0.038482
 101  -0.004258  -0.032370   0.023019   0.013609
 102  -0.045325  -0.029551  -0.057324   0.132200
 103   0.158382  -0.046366  -0.045191  -0.066825
 104  -0.023708  -0.021780  -0.038288   0.083776
 105   0.146849  -0.075974  -0.021011  -0.049864
 106   0.131305  -0.039672  -0.054640  -0.036994
 107  -0.018436  -0.047816  -0.039632   0.105884
 108  -0.010404  -0.000622  -0.008641   0.019667
 109   0.050439  -0.100970   0.024506   0.026025
 110   0.038347  -0.005032  -0.056446   0.023131
 111   0.040555  -0.067074  -0.009278   0.035797
 112   0.012146   0.002032  -0.033345   0.019168
 113   0.032396  -0.062105  -0.019299   0.049008
 114   0.047603  -0.060982  -0.003930   0.017309
 115   0.008004  -0.027689   0.000040   0.019644
 116   0.005564  -0.061546   0.026247   0.029735
 117   0.014409  -0.013725   0.014122  -0.014806
 118   0.001332   0.003762   0.018961  -0.024054
 119   0.010823   0.016723  -0.027557   0.000010
 120   0.014831  -0.038833   0.011592   0.012410
 121   0.015231  -0.021143   0.006948  -0.001036
 122  -0.026905  -0.016797   0.020016   0.023686
 123   0.009867  -0.031594   0.016281   0.005446
 124   0.011669   0.001877   0.004727  -0.018273
 125   0.006315  -0.019631   0.000699   0.012617
 126   0.006556  -0.022561   0.001211   0.014794
 127   0.025384  -0.033915  -0.019597   0.028128
 128   0.027618  -0.028825   0.000215   0.000992
 129   0.010154   0.004958  -0.001411  -0.013701
 130  -0.030210  -0.008728   0.029044   0.009893
 131   0.015938  -0.007085  -0.000817  -0.008036
 132   0.000328  -0.027325   0.025677   0.001320
 133  -0.012876   0.003337  -0.002190   0.011729
 134  -0.004905  -0.026148   0.001071   0.029982
 135   0.016737  -0.051057   0.035770  -0.001450
 136   0.000763   0.013429  -0.016134   0.001942
 137   0.010545  -0.007569  -0.010605   0.007628
 138  -0.010893   0.009723   0.004913  -0.003743
 139  -0.002853  -0.024817   0.008820   0.018849
 140   0.005523   0.009003   0.013461  -0.027986
 141  -0.016476  -0.010846  -0.000813   0.028136
 142   0.012751  -0.000857   0.017510  -0.029405
 143   0.023739  -0.006101  -0.002079  -0.015559
 144   0.002777  -0.017901  -0.006171   0.021295
 145   0.011195  -0.022906  -0.033066   0.044777
 146   0.001231  -0.012851   0.000776   0.010844
 147   0.027545  -0.030298   0.003478  -0.000725
 148  -0.007223  -0.019527   0.024686   0.002064
 149   0.003659  -0.019988   0.006522   0.009807
 150   0.003734   0.003186   0.011145  -0.018066
 151  -0.019003  -0.008223   0.011814   0.015413
 152   0.032064  -0.017027  -0.003597  -0.011440
 153  -0.020653  -0.001419   0.003946   0.018126
 154   0.009871   0.001048  -0.018752   0.007833
 155   0.038925  -0.012683  -0.008342  -0.017900
 156   0.018277  -0.008811  -0.036310   0.026844
 157   0.021765   0.007289  -0.030075   0.001021
 158  -0.020723  -0.021987   0.009421   0.033289
 159   0.008505  -0.023325   0.017539  -0.002720
 160   0.005945  -0.029518   0.036327  -0.012754
 161  -0.000009  -0.008336   0.014729  -0.006385
 162   0.004438  -0.018023   0.001451   0.012134
 163   0.006921  -0.005830  -0.011604   0.010512
 164   0.015859  -0.019464   0.007432  -0.003828
 165  -0.019182   0.002475  -0.003315   0.020022
 166   0.020642  -0.021445  -0.012440   0.013243
 167   0.007011  -0.019463   0.000224   0.012228
 168   0.013405  -0.022068  -0.001533   0.010196
 169   0.018717  -0.018044  -0.000676   0.000003
 170   0.030916  -0.031270  -0.005930   0.006284
 171   0.025718  -0.012034  -0.011536  -0.002148
 172   0.029020  -0.024760  -0.026639   0.022379
 173   0.051288  -0.033592  -0.029683   0.011987
 174   0.034696  -0.019459  -0.022670   0.007433
 175   0.035734  -0.032739  -0.036888   0.033893
 176   0.045071  -0.039901  -0.038480   0.033310
 177   0.040750  -0.017320  -0.052684   0.029253
 178   0.054666  -0.036442  -0.058501   0.040277
 179   0.035921  -0.017703  -0.060992   0.042773
