pos          info
        0 -6.579220e-09
        1  9.639758e-10
        2 -1.813714e-08
        3  3.273471e-09
        4  2.613051e-08
        5  3.096856e-08
        6  4.081200e-08
        7  1.867060e-08
        8  1.673531e-08
        9  1.073095e-07
       10  1.466250e-07
       11  1.922290e-07
       12  3.557866e-08
       13  2.321194e-08
       14 -7.770914e-08
       15 -2.882546e-08
       16 -5.715085e-08
       17 -8.242735e-11
       18 -1.015373e-09
       19  5.862398e-08
       20  5.131531e-08
       21  6.760187e-08
       22 -5.914990e-08
       23 -7.588288e-08
       24 -9.125021e-08
       25 -3.958090e-08
       26 -5.967518e-08
       27 -5.738979e-08
       28 -3.510829e-08
       29  4.558243e-08
       30  5.948971e-08
       31  4.076491e-08
       32  6.519253e-08
       33  7.543170e-08
       34  8.801133e-08
       35  3.100593e-08
       36  1.241351e-07
       37  1.275479e-07
       38  1.229424e-07
       39  8.371152e-09
       40 -3.916482e-08
       41 -4.396887e-08
       42  1.014938e-07
       43  6.312923e-08
       44  5.483957e-08
       45 -1.335423e-07
       46 -1.173198e-07
       47 -1.049893e-07
       48 -1.546945e-07
       49 -9.158647e-08
       50 -4.356964e-08
       51  4.310718e-08
       52  4.645153e-08
       53  2.506305e-09
       54  6.932389e-08
       55  6.481474e-08
       56  8.181628e-08
       57  6.370203e-08
       58  7.755857e-08
       59  1.015391e-08
       60 -3.759286e-08
       61 -4.798681e-08
       62 -1.702645e-08
       63 -1.756354e-08
       64  4.219392e-08
       65 -4.222415e-08
       66 -1.651403e-07
       67 -2.237762e-07
       68 -1.178796e-07
       69  4.608313e-08
       70  4.470512e-08
       71  6.418075e-08
       72  1.158039e-07
       73  7.372970e-08
       74  4.502227e-08
       75 -4.440081e-08
       76  1.600013e-09
       77  4.159845e-08
       78  1.419059e-08
       79  1.025140e-07
       80  6.556900e-08
       81  6.105035e-08
       82  2.263043e-07
       83  2.097151e-07
       84  2.162237e-07
       85 -4.310473e-08
       86 -3.749429e-08
       87  1.767003e-07
       88  1.798035e-07
       89  1.894579e-07
       90 -1.492132e-09
       91 -6.890558e-08
       92 -7.220806e-08
       93 -3.799494e-08
       94  5.511951e-08
       95  6.142955e-08
       96  2.706358e-07
       97  5.816524e-07
       98  6.071357e-07
       99  4.551324e-07
      100  2.918051e-07
      101  2.766219e-07
      102  2.003721e-07
      103  1.474104e-07
      104  4.156883e-07
      105  3.050188e-07
      106  1.025589e-08
      107 -4.766924e-07
      108 -4.011370e-07
      109 -2.715577e-07
      110 -7.457163e-08
      111 -3.249364e-07
      112 -9.123962e-07
      113 -8.741834e-07
      114 -5.985587e-07
      115  3.328152e-08
      116 -1.657475e-09
      117 -2.521144e-08
      118 -2.261663e-08
      119 -1.434849e-08
      120  7.670601e-08
      121  8.219885e-08
      122  7.544569e-08
      123  6.173339e-09
      124 -1.202041e-08
      125  2.286660e-10
      126  4.499710e-08
      127 -1.026580e-07
      128 -8.260416e-08
      129 -1.162329e-07
      130  4.860262e-08
      131 -1.266727e-08
      132 -2.795432e-08
      133  2.328322e-08
      134  4.785610e-08
      135  6.249699e-08
      136  2.220807e-08
      137  1.139915e-07
      138  4.444384e-08
      139  1.919573e-08
      140 -5.194866e-08
      141  8.562870e-09
      142  2.542242e-08
      143  1.045484e-07
      144  9.173647e-08
      145  7.923521e-08
      146 -1.000472e-08
      147 -6.597762e-09
      148  1.480308e-08
      149 -3.077700e-08
      150 -2.690504e-08
      151 -2.892186e-07
      152 -2.408520e-07
      153 -2.756872e-07
      154 -1.719582e-07
      155 -1.743533e-07
      156 -1.514384e-07
      157  0.000000e+00
      158  0.000000e+00
      159  0.000000e+00