pos          info
        0  1.831531e-05
        1 -6.136932e-06
        2  5.384234e-07
        3  3.912670e-06
        4 -4.733516e-06
        5 -4.703490e-05
        6 -4.592995e-05
        7 -1.830303e-05
        8  1.826142e-05
        9  4.329290e-05
       10  3.706741e-05
       11  4.820386e-05
       12  1.374743e-05
       13  5.857900e-05
       14  9.775501e-05
       15  9.272777e-05
       16  6.539228e-05
       17  1.092384e-04
       18  8.435108e-05
       19  9.751870e-05
       20  5.872063e-05
       21  1.139549e-04
       22  9.810551e-05
       23  3.341271e-05
       24  1.170605e-05
       25  2.125177e-05
       26  2.288464e-05
       27 -8.242371e-05
       28 -1.161674e-04
       29 -1.845955e-04
       30 -1.022985e-04
       31 -9.917958e-05
       32 -2.769950e-05
       33 -2.208842e-05
       34 -1.957575e-05
       35 -1.606957e-04
       36 -1.634900e-04
       37 -1.568348e-04
       38 -1.565779e-05
       39  3.462351e-06
       40  4.076824e-05
       41  4.714226e-05
       42  6.613630e-05
       43  2.021516e-05
       44 -9.727680e-05
       45 -1.151972e-04
       46 -1.025878e-04
       47  4.898388e-05
       48  6.504290e-05
       49  4.996173e-05
       50 -9.120396e-06
       51 -2.890312e-05
       52 -2.699061e-05
       53  1.425890e-05
       54  1.750541e-05
       55 -2.132405e-04
       56 -1.900791e-04
       57 -4.198517e-05
       58  1.889190e-04
       59  1.522106e-04
       60  1.925804e-05
       61  1.881745e-05
       62 -6.405494e-05
       63  8.261506e-05
       64  6.561440e-05
       65  9.311130e-05
       66 -5.561930e-05
       67  1.573064e-04
       68  1.031985e-04
       69  7.052683e-05
       70 -1.714836e-04
       71  1.844350e-04
       72  3.225997e-04
       73  3.313832e-04
       74  5.862315e-05
       75 -1.416359e-04
       76 -2.812224e-04
       77 -3.064505e-04
       78  6.371702e-04
       79  1.350927e-03
       80  1.394029e-03
       81  1.353829e-03
       82  1.557180e-03
       83  1.923539e-03
       84  1.395507e-03
       85  6.470629e-04
       86  2.844048e-04
       87 -4.116395e-06
       88 -4.682915e-06
       89 -5.074120e-06
       90 -1.240249e-05
       91  4.157524e-05
       92  6.775616e-05
       93  2.105595e-04
       94  1.824255e-04
       95 -7.649466e-05
       96 -2.341448e-04
       97 -2.510169e-04
       98  1.040888e-04
       99  1.105081e-04
      100  2.239904e-04
      101  7.639286e-04
      102  1.607740e-03
      103  1.498387e-03
      104  7.435157e-04
      105  2.115791e-04
      106  1.070462e-03
      107  1.102483e-03
      108  7.970931e-04
      109 -2.954085e-05
      110  9.505894e-06
      111 -3.158283e-07
      112 -4.149230e-05
      113 -2.042616e-05
      114  2.095060e-05
      115  5.144157e-05
      116  1.054246e-04
      117 -4.359370e-04
      118 -4.617022e-04
      119 -5.150261e-04
      120 -6.271982e-07
      121  8.756961e-05
      122  8.221599e-05
      123  1.047141e-04
      124  1.136414e-05
      125  6.047020e-05
      126  6.226845e-05
      127  3.097248e-05
      128 -2.948806e-05
      129  8.080702e-06
      130  5.153506e-05
      131  4.045055e-05
      132 -2.150096e-05
      133 -1.953331e-04
      134 -1.620784e-04
      135 -9.107474e-05
      136  1.579963e-04
      137  1.542554e-04
      138  6.601025e-05
      139 -3.172939e-05
      140 -3.438032e-05
      141 -1.706325e-05
      142 -4.417452e-05
      143 -7.258777e-05
      144 -7.194104e-05
      145 -6.252722e-05
      146  5.120739e-05
      147 -3.511481e-05
      148 -2.202879e-05
      149 -4.191136e-04
      150 -3.023340e-04
      151 -2.577258e-04
      152  5.923459e-05
      153  2.663132e-05
      154 -2.604186e-06
      155  1.383940e-04
      156  1.362133e-04
      157  0.000000e+00
      158  0.000000e+00
      159  0.000000e+00