pos      val_A      val_C      val_G      val_T
   0   0.013761   0.022163  -0.013558  -0.022367
   1   0.004840   0.002836   0.000377  -0.008053
   2  -0.013916   0.007370   0.007086  -0.000540
   3  -0.003597   0.020097   0.000805  -0.017305
   4   0.042391  -0.016322   0.001139  -0.027208
   5   0.012973  -0.011848   0.011352  -0.012477
   6   0.009620   0.016495  -0.031060   0.004944
   7  -0.000377   0.019182  -0.009560  -0.009245
   8  -0.014265   0.004413  -0.000763   0.010615
   9   0.020852   0.000847  -0.010715  -0.010984
  10   0.016387  -0.017209   0.018979  -0.018157
  11  -0.006625  -0.011641   0.017370   0.000896
  12  -0.022157   0.012060   0.017347  -0.007250
  13   0.025865  -0.016963  -0.005239  -0.003662
  14  -0.006945  -0.014605   0.014970   0.006580
  15   0.003193  -0.030629   0.009268   0.018168
  16  -0.025258   0.003034  -0.007223   0.029447
  17   0.014212   0.003534   0.002714  -0.020460
  18   0.021539  -0.007851  -0.010972  -0.002715
  19   0.012050   0.009629  -0.012447  -0.009232
  20  -0.022934   0.011624  -0.019361   0.030672
  21   0.005579  -0.010593  -0.015647   0.020662
  22   0.013899  -0.001100  -0.004862  -0.007937
  23   0.008412  -0.007076   0.016886  -0.018221
  24   0.025393  -0.007284  -0.028860   0.010752
  25   0.009536  -0.024363   0.003855   0.010971
  26   0.004933   0.000218   0.002947  -0.008098
  27   0.030549  -0.003347  -0.015275  -0.011927
  28   0.000129  -0.017907   0.006967   0.010811
  29   0.020170   0.025254  -0.031258  -0.014165
  30  -0.005933   0.001201  -0.003556   0.008288
  31  -0.001795   0.000477  -0.019723   0.021041
  32   0.006971  -0.025432  -0.014363   0.032824
  33   0.017567   0.007133  -0.017066  -0.007633
  34   0.013524   0.001262  -0.002090  -0.012696
  35   0.005873  -0.017127   0.020512  -0.009258
  36  -0.013414   0.004874   0.014166  -0.005626
  37   0.045620  -0.021590  -0.002877  -0.021153
  38  -0.015222   0.034726  -0.002391  -0.017113
  39   0.019123   0.002380   0.018362  -0.039866
  40  -0.011597  -0.019270   0.000697   0.030171
  41   0.001993  -0.009385   0.023616  -0.016223
  42  -0.006163   0.020797  -0.001328  -0.013306
  43  -0.012961   0.043525  -0.003167  -0.027397
  44   0.020582   0.014914  -0.008402  -0.027093
  45  -0.020087   0.002491   0.014892   0.002703
  46   0.007209   0.015629  -0.010075  -0.012763
  47   0.030575  -0.014163  -0.017446   0.001034
  48  -0.011428  -0.005694   0.024608  -0.007486
  49  -0.027144   0.019027   0.004839   0.003277
  50  -0.003817   0.001381  -0.011965   0.014401
  51   0.005236  -0.002750  -0.006762   0.004277
  52  -0.002675   0.008261   0.003676  -0.009262
  53  -0.020920   0.021950  -0.010475   0.009445
  54  -0.013191   0.010290  -0.024019   0.026920
  55  -0.015014   0.005916   0.048215  -0.039117
  56   0.010676   0.003174   0.016500  -0.030350
  57  -0.011392  -0.012033  -0.007663   0.031088
  58   0.029889  -0.006793  -0.027652   0.004557
  59  -0.000889   0.022137   0.020281  -0.041529
  60   0.000660  -0.004698  -0.002268   0.006306
  61  -0.013059   0.028974   0.000702  -0.016617
  62  -0.010870  -0.022151   0.008298   0.024723
  63   0.018945   0.002805  -0.018995  -0.002755
  64  -0.017523   0.017338  -0.001384   0.001568
  65  -0.008367   0.015582   0.027410  -0.034625
  66  -0.001136   0.033520   0.003383  -0.035767
  67   0.001984   0.025085  -0.013287  -0.013782
  68  -0.000756  -0.002111   0.021034  -0.018168
  69   0.004940   0.038780  -0.041838  -0.001883
  70  -0.023153   0.021576  -0.027597   0.029175
  71  -0.022041   0.006474  -0.023368   0.038936
  72   0.016468  -0.001118   0.003662  -0.019012
  73   0.025054   0.027521   0.010879  -0.063454
  74   0.022293  -0.007725   0.021850  -0.036418
  75  -0.037857   0.026446   0.039992  -0.028580
  76   0.019518   0.018262  -0.007297  -0.030484
  77  -0.017734  -0.013521   0.012157   0.019099
  78   0.000620   0.045990  -0.020527  -0.026083
  79   0.006085  -0.053930   0.014325   0.033519
  80   0.060723   0.025745   0.047354  -0.133822
  81   0.037625   0.055610   0.024745  -0.117980
  82   0.071430   0.092707  -0.184560   0.020423
  83  -0.152555   0.078594   0.039842   0.034119
  84   0.022092  -0.156033   0.071918   0.062023
  85  -0.095315   0.042127   0.030644   0.022544
  86  -0.065187   0.031232   0.038105  -0.004150
  87  -0.026904   0.002503   0.010263   0.014138
  88  -0.012045   0.004720   0.011509  -0.004184
  89   0.010484   0.003052  -0.026718   0.013182
  90  -0.027521   0.012514   0.004662   0.010345
  91  -0.002493   0.005243  -0.012364   0.009614
  92   0.026086  -0.008971  -0.012136  -0.004979
  93  -0.011891  -0.013620   0.016546   0.008965
  94  -0.000228   0.003853  -0.014545   0.010920
  95   0.016348  -0.026052   0.020033  -0.010330
  96  -0.019071   0.013092   0.026487  -0.020509
  97  -0.041102   0.051384   0.044327  -0.054609
  98  -0.005693   0.029484   0.018302  -0.042094
  99   0.015628  -0.034569  -0.032419   0.051361
 100   0.028832   0.006185  -0.018409  -0.016608
 101  -0.003461   0.022179  -0.010596  -0.008122
 102   0.055595   0.018134  -0.039326  -0.034404
 103   0.082656   0.022380   0.040019  -0.145054
 104  -0.128435   0.047690   0.021307   0.059438
 105   0.011716  -0.004146   0.035459  -0.043029
 106  -0.058286   0.053161   0.046094  -0.040970
 107  -0.083828  -0.012486   0.065230   0.031084
 108   0.038278   0.048698   0.028787  -0.115763
 109  -0.049542   0.040245  -0.004043   0.013340
 110   0.004430   0.016338   0.005563  -0.026331
 111   0.042240  -0.009376   0.028573  -0.061437
 112  -0.013820   0.024937  -0.006482  -0.004634
 113  -0.017735   0.011272   0.009295  -0.002833
 114  -0.036960   0.027850   0.022069  -0.012960
 115  -0.044378   0.037295  -0.024187   0.031271
 116   0.015056   0.061632  -0.034675  -0.042012
 117   0.006277   0.005688  -0.041170   0.029205
 118  -0.000231   0.008282  -0.025202   0.017151
 119   0.026058   0.035414   0.056348  -0.117819
 120  -0.003128   0.008987  -0.010511   0.004651
 121   0.005647   0.025466  -0.043365   0.012251
 122   0.008442  -0.007594  -0.012146   0.011298
 123  -0.001725  -0.005374   0.015827  -0.008728
 124   0.015275   0.039229  -0.010299  -0.044206
 125   0.007892  -0.000291   0.020885  -0.028486
 126   0.012026   0.026867  -0.007888  -0.031005
 127  -0.024970   0.047038  -0.000328  -0.021739
 128   0.000210   0.003756   0.022645  -0.026611
 129   0.015228  -0.000217  -0.014721  -0.000290
 130  -0.031571   0.036572  -0.024539   0.019538
 131  -0.020745  -0.005737   0.011427   0.015056
 132  -0.027272   0.018174  -0.018338   0.027436
 133   0.011836  -0.001994  -0.032720   0.022877
 134   0.021449  -0.006210  -0.012227  -0.003013
 135  -0.008509   0.020743  -0.016660   0.004426
 136  -0.009432   0.026198   0.004585  -0.021351
 137  -0.005979   0.037676  -0.018444  -0.013253
 138  -0.029299   0.043556   0.005355  -0.019612
 139  -0.002281  -0.006071   0.003999   0.004353
 140   0.027932   0.004368  -0.016256  -0.016044
 141  -0.021336   0.036944   0.001824  -0.017432
 142  -0.006909   0.008564  -0.016204   0.014549
 143   0.015055  -0.003912  -0.011951   0.000808
 144   0.015461   0.005478  -0.022246   0.001308
 145  -0.008655   0.027539  -0.008758  -0.010126
 146  -0.001719   0.019269  -0.018123   0.000573
 147   0.030825  -0.012153   0.004188  -0.022860
 148   0.035238   0.003385  -0.030822  -0.007801
 149  -0.013438  -0.011051  -0.023756   0.048246
 150  -0.005401   0.001538  -0.009553   0.013416
 151  -0.019902   0.054574  -0.021917  -0.012755
 152  -0.031143   0.016958   0.003087   0.011098
 153  -0.023154   0.002661  -0.000009   0.020502
 154   0.005082   0.009252  -0.014563   0.000230
 155  -0.017281   0.031270  -0.024761   0.010772
 156   0.028262   0.002226  -0.000096  -0.030393
 157   0.012383  -0.016698   0.010497  -0.006182
 158  -0.028609   0.031065   0.008550  -0.011006
 159  -0.010487   0.020446  -0.006950  -0.003009
 160   0.009491   0.006177  -0.022280   0.006612
 161   0.003598   0.000170  -0.008669   0.004901
 162  -0.004275   0.003922  -0.004080   0.004433
 163  -0.000886   0.008310  -0.013244   0.005820
 164  -0.007066   0.007826  -0.012215   0.011455
 165   0.001279  -0.012598  -0.003691   0.015010
 166   0.008674   0.000421  -0.019217   0.010122
 167   0.000957  -0.002446  -0.014935   0.016424
 168   0.000711   0.004224  -0.008281   0.003347
 169  -0.010180   0.018383  -0.010180   0.001978
 170  -0.006626   0.012934  -0.015549   0.009240
 171  -0.026175   0.016814   0.006086   0.003275
 172  -0.021984   0.024192  -0.004868   0.002659
 173  -0.019241   0.021819  -0.006736   0.004159
 174  -0.009318   0.012874  -0.006166   0.002610
 175  -0.018949   0.016453   0.004951  -0.002454
 176  -0.019340   0.009125   0.014191  -0.003976
 177  -0.016453   0.009801   0.016555  -0.009903
 178  -0.021145   0.004723   0.025853  -0.009431
 179  -0.012082   0.002685   0.029587  -0.020189
