pos          info
        0 -8.977933e-06
        1  3.860157e-05
        2  2.885056e-04
        3  1.196222e-05
        4 -2.761829e-06
        5 -7.013516e-05
        6 -3.836784e-06
        7  6.829423e-06
        8  2.852830e-05
        9  9.947324e-05
       10  1.558516e-04
       11 -3.068204e-05
       12  2.385190e-05
       13  3.907017e-10
       14  6.272916e-05
       15  2.073551e-05
       16  1.520596e-05
       17 -2.423590e-05
       18 -5.173609e-05
       19 -2.036448e-04
       20 -1.235298e-04
       21 -3.723106e-06
       22 -1.386276e-04
       23 -6.823301e-05
       24 -1.094357e-04
       25 -7.063381e-05
       26 -3.984885e-05
       27  5.989196e-06
       28  7.710072e-09
       29  3.756368e-04
       30  8.812301e-06
       31 -7.876585e-05
       32 -4.674668e-05
       33  2.382193e-05
       34  6.588086e-05
       35  5.386957e-07
       36  2.476492e-05
       37  4.572472e-04
       38  2.432525e-04
       39  3.415069e-04
       40  3.644694e-04
       41 -2.515291e-06
       42 -5.865563e-06
       43 -4.128449e-04
       44 -1.461610e-04
       45 -3.180547e-07
       46  4.835905e-07
       47 -1.545800e-04
       48 -3.703306e-05
       49 -3.366687e-04
       50 -2.837128e-05
       51 -1.213275e-04
       52  4.388773e-05
       53  2.001988e-05
       54 -2.661310e-05
       55 -1.262897e-05
       56 -8.930651e-05
       57 -8.085977e-07
       58 -1.922725e-05
       59 -3.505184e-04
       60 -3.907561e-05
       61 -5.221211e-05
       62 -1.122785e-05
       63  5.816067e-05
       64 -2.159646e-05
       65 -1.118531e-04
       66 -1.330474e-05
       67 -8.480565e-05
       68  7.534843e-07
       69  1.750045e-04
       70  2.298485e-04
       71 -2.626104e-04
       72 -5.581317e-05
       73 -4.098512e-04
       74  2.563873e-04
       75  3.267512e-04
       76  1.313915e-04
       77  1.104360e-04
       78 -4.242002e-04
       79 -8.932558e-05
       80 -4.083796e-03
       81 -2.801100e-03
       82 -4.820610e-04
       83 -3.937656e-03
       84 -3.717564e-03
       85 -1.277911e-03
       86  9.488009e-04
       87  8.441515e-05
       88  1.105915e-04
       89  2.394244e-05
       90  5.714555e-06
       91 -3.532647e-05
       92 -4.663141e-05
       93 -8.232622e-05
       94 -5.524910e-06
       95 -7.893354e-06
       96  1.947279e-04
       97  1.141784e-04
       98  1.393745e-07
       99  2.396320e-05
      100  2.371275e-05
      101 -7.369928e-05
      102 -9.135655e-05
      103 -3.013211e-03
      104 -3.209953e-03
      105  7.209198e-06
      106 -9.669083e-04
      107 -1.347274e-03
      108  2.925506e-03
      109  6.757764e-04
      110  5.165651e-04
      111 -7.513587e-04
      112 -1.795106e-04
      113  2.029082e-04
      114 -1.638688e-04
      115 -4.032145e-04
      116 -5.839177e-04
      117 -5.045768e-04
      118  7.422556e-05
      119  3.902772e-04
      120 -1.211232e-04
      121 -1.763890e-05
      122 -1.711416e-05
      123 -5.221956e-07
      124  4.112639e-05
      125 -1.633589e-04
      126 -1.346625e-04
      127 -1.859435e-04
      128 -3.639187e-04
      129  1.797561e-06
      130 -9.250871e-05
      131  4.834974e-08
      132  7.899027e-05
      133  3.190516e-04
      134 -5.276075e-06
      135  1.308784e-04
      136 -7.955399e-05
      137  1.640158e-05
      138  5.460067e-05
      139 -2.344380e-05
      140  1.561434e-06
      141 -4.510514e-04
      142 -1.440511e-04
      143 -5.672631e-05
      144 -4.673008e-05
      145 -1.009369e-05
      146 -9.493830e-06
      147 -9.570050e-07
      148 -1.311019e-04
      149 -9.181607e-05
      150 -7.356089e-05
      151 -7.748519e-05
      152 -8.635537e-06
      153 -1.547091e-05
      154 -1.309009e-05
      155 -5.085827e-05
      156 -2.375995e-04
      157 -2.846937e-04
      158 -5.890667e-06
      159 -2.693052e-06