pos          info
        0 -5.893037e-04
        1 -7.214046e-05
        2 -7.653767e-06
        3 -2.469763e-04
        4 -1.048406e-04
        5 -1.506444e-04
        6 -1.041569e-03
        7 -3.610232e-04
        8 -1.250733e-03
        9 -1.343745e-03
       10 -1.683889e-07
       11 -1.185992e-04
       12 -2.708579e-04
       13 -3.086742e-06
       14  3.061518e-05
       15  5.842619e-04
       16  4.600307e-04
       17 -1.307907e-04
       18 -2.428000e-04
       19 -2.860438e-04
       20 -3.249220e-03
       21 -2.775933e-04
       22  4.571761e-04
       23  3.950149e-04
       24  6.668536e-04
       25  4.308744e-04
       26 -2.546651e-05
       27 -6.417490e-04
       28 -1.577868e-04
       29 -1.362423e-03
       30 -5.001130e-04
       31 -3.133861e-04
       32 -4.724455e-04
       33  3.684642e-04
       34 -1.779947e-05
       35 -4.998487e-06
       36 -2.634043e-04
       37 -2.121587e-04
       38 -3.047228e-04
       39 -2.532601e-08
       40 -5.202524e-04
       41 -1.180888e-03
       42 -2.597221e-04
       43  8.453118e-05
       44 -3.134082e-05
       45 -2.780141e-03
       46 -2.161445e-04
       47 -1.587046e-03
       48 -3.846523e-04
       49 -4.353635e-05
       50 -3.734348e-05
       51  6.929108e-04
       52  2.057156e-04
       53  7.687132e-04
       54 -1.103906e-04
       55 -2.824837e-04
       56 -2.496236e-03
       57 -5.215744e-05
       58 -1.321984e-04
       59 -3.524870e-05
       60 -6.449717e-04
       61 -2.684658e-03
       62 -5.537362e-04
       63 -8.552568e-04
       64 -2.873028e-04
       65 -1.942201e-03
       66 -3.829630e-05
       67 -1.889740e-03
       68  5.465652e-05
       69  1.139316e-04
       70 -1.799655e-04
       71 -2.726340e-04
       72  2.565132e-03
       73  1.024517e-03
       74  1.276671e-02
       75 -5.643365e-03
       76 -3.940517e-04
       77 -2.007401e-05
       78 -3.518839e-04
       79 -2.211968e-02
       80 -6.840592e-02
       81 -1.220624e-01
       82 -4.069115e-02
       83 -6.927022e-02
       84 -3.918196e-02
       85  3.846623e-03
       86  1.185051e-02
       87 -1.070563e-03
       88 -6.414658e-04
       89 -2.204809e-04
       90 -1.598808e-03
       91 -7.241141e-05
       92 -1.197583e-03
       93  1.536037e-04
       94  9.236861e-04
       95 -4.712961e-03
       96 -9.702405e-04
       97  4.674066e-03
       98  5.218518e-03
       99  1.954796e-03
      100  9.417632e-03
      101 -9.021690e-03
      102 -1.246133e-03
      103 -6.288100e-02
      104 -6.384438e-02
      105 -1.751699e-02
      106 -4.145122e-02
      107 -2.788492e-02
      108 -7.172825e-02
      109  8.339888e-04
      110  5.768762e-03
      111 -1.419980e-03
      112 -8.739521e-05
      113  1.871009e-04
      114  2.233481e-03
      115  7.180907e-04
      116  8.373419e-04
      117  5.134922e-04
      118  1.432733e-03
      119 -1.484440e-03
      120  3.584871e-03
      121 -6.647271e-06
      122 -9.595389e-05
      123 -1.116610e-05
      124 -4.523343e-03
      125 -9.803612e-04
      126 -9.224890e-05
      127 -1.198469e-04
      128 -2.611819e-04
      129 -4.169516e-03
      130  1.472084e-03
      131 -1.011835e-03
      132  5.643584e-05
      133  5.148277e-05
      134  5.155314e-04
      135 -2.489800e-03
      136  1.202268e-04
      137  5.645163e-08
      138 -5.159299e-03
      139 -1.634562e-03
      140 -1.733282e-04
      141 -1.601498e-03
      142 -9.656553e-05
      143 -2.243788e-03
      144 -1.819843e-04
      145 -2.670843e-05
      146 -3.759188e-03
      147  1.907206e-07
      148  4.202223e-04
      149  3.628638e-03
      150  1.481271e-03
      151  7.298574e-04
      152 -1.087761e-03
      153 -1.531942e-05
      154 -1.264093e-03
      155 -1.131672e-07
      156 -6.193239e-04
      157 -3.908569e-04
      158 -6.030051e-03
      159 -2.223414e-03