pos       info
        0  -0.005034
        1  -0.001739
        2  -0.000486
        3  -0.003134
        4  -0.002013
        5  -0.002460
        6  -0.006534
        7  -0.003551
        8  -0.007263
        9  -0.007639
       10  -0.000246
       11  -0.002244
       12  -0.003290
       13  -0.000167
       14   0.000965
       15   0.004873
       16   0.004344
       17  -0.002250
       18  -0.003178
       19  -0.003454
       20  -0.011855
       21  -0.003661
       22   0.004182
       23   0.003933
       24   0.005361
       25   0.004228
       26  -0.001044
       27  -0.004979
       28  -0.002479
       29  -0.007601
       30  -0.004506
       31  -0.003642
       32  -0.004447
       33   0.003961
       34  -0.000900
       35  -0.000485
       36  -0.003244
       37  -0.002744
       38  -0.003410
       39  -0.000196
       40  -0.004538
       41  -0.007126
       42  -0.003277
       43   0.001806
       44  -0.001280
       45  -0.010244
       46  -0.002983
       47  -0.008091
       48  -0.003978
       49  -0.001623
       50  -0.001310
       51   0.005429
       52   0.002951
       53   0.005631
       54  -0.002154
       55  -0.003484
       56  -0.010257
       57  -0.001508
       58  -0.002290
       59  -0.001181
       60  -0.005134
       61  -0.010507
       62  -0.004810
       63  -0.005842
       64  -0.003370
       65  -0.008945
       66  -0.001095
       67  -0.008858
       68   0.001516
       69   0.002192
       70  -0.002728
       71  -0.003375
       72   0.010561
       73   0.006638
       74   0.021965
       75  -0.014571
       76  -0.003908
       77  -0.000997
       78  -0.003688
       79  -0.032293
       80  -0.065465
       81  -0.060398
       82  -0.046281
       83  -0.065800
       84  -0.044992
       85   0.012793
       86   0.020966
       87  -0.006832
       88  -0.005088
       89  -0.003021
       90  -0.008122
       91  -0.001730
       92  -0.007197
       93   0.002183
       94   0.006129
       95  -0.013235
       96  -0.006365
       97   0.014525
       98   0.014152
       99   0.008593
      100   0.018840
      101  -0.019472
      102  -0.006909
      103  -0.062032
      104  -0.062708
      105  -0.029626
      106  -0.048275
      107  -0.037880
      108  -0.067463
      109   0.005742
      110   0.014542
      111  -0.007387
      112  -0.001870
      113   0.002741
      114   0.009261
      115   0.005561
      116   0.005668
      117   0.004599
      118   0.007633
      119  -0.007722
      120   0.011982
      121  -0.000409
      122  -0.002259
      123  -0.000612
      124  -0.014342
      125  -0.006522
      126  -0.001915
      127  -0.002179
      128  -0.003237
      129  -0.013724
      130   0.007722
      131  -0.006629
      132   0.001503
      133   0.001599
      134   0.004607
      135  -0.010207
      136   0.002233
      137   0.000049
      138  -0.014062
      139  -0.008284
      140  -0.002331
      141  -0.008099
      142  -0.001966
      143  -0.009870
      144  -0.002990
      145  -0.000568
      146  -0.012945
      147   0.000080
      148   0.004242
      149   0.011780
      150   0.007721
      151   0.005344
      152  -0.006634
      153  -0.000612
      154  -0.007146
      155  -0.000075
      156  -0.005124
      157  -0.003954
      158  -0.016449
      159  -0.009646