pos      val_A      val_C      val_G      val_T
   0   0.008184   0.011750   0.008045  -0.027979
   1  -0.017153   0.014362   0.000723   0.002068
   2  -0.009171   0.018165   0.008177  -0.017171
   3   0.003421  -0.004825  -0.014239   0.015643
   4   0.010664  -0.011619   0.001246  -0.000291
   5   0.002760  -0.011368   0.007185   0.001423
   6   0.009033  -0.002892  -0.001665  -0.004477
   7  -0.015474   0.002219   0.012906   0.000349
   8  -0.020336  -0.008393   0.013205   0.015524
   9   0.029559  -0.021047  -0.001361  -0.007152
  10   0.014016  -0.018613   0.006938  -0.002341
  11   0.007228   0.019462  -0.005194  -0.021496
  12   0.006249  -0.030534   0.004256   0.020029
  13  -0.018885   0.006319  -0.006592   0.019158
  14   0.008035  -0.008491   0.013869  -0.013414
  15  -0.007974  -0.017147   0.019847   0.005275
  16  -0.003954   0.005443   0.008043  -0.009532
  17   0.004913  -0.002900  -0.025086   0.023073
  18   0.015402  -0.002571  -0.000794  -0.012036
  19  -0.006146   0.021255   0.009145  -0.024254
  20   0.011828  -0.026489   0.031324  -0.016663
  21   0.038114  -0.022612  -0.012282  -0.003220
  22   0.020783  -0.006658  -0.005376  -0.008749
  23   0.004991  -0.030707   0.005473   0.020243
  24   0.016478  -0.006478   0.021502  -0.031502
  25  -0.004519  -0.005370   0.016827  -0.006938
  26  -0.018862   0.024974  -0.020513   0.014401
  27  -0.025864   0.002334   0.022427   0.001104
  28   0.001247   0.019818  -0.020329  -0.000736
  29  -0.002229   0.005551   0.021365  -0.024686
  30  -0.006502  -0.005440   0.001997   0.009945
  31  -0.002468   0.018826  -0.034301   0.017943
  32   0.017991  -0.004349  -0.001238  -0.012403
  33   0.014320  -0.013487  -0.001400   0.000567
  34  -0.010076   0.003611   0.026060  -0.019596
  35   0.027155  -0.012681  -0.005035  -0.009439
  36   0.008352  -0.002723  -0.009776   0.004147
  37   0.012713  -0.010433  -0.003489   0.001209
  38   0.013943   0.011983  -0.012074  -0.013852
  39  -0.001109  -0.022610  -0.004986   0.028706
  40   0.003990   0.006299  -0.027184   0.016895
  41  -0.013790   0.010568   0.015903  -0.012682
  42  -0.011944   0.011111   0.011350  -0.010517
  43  -0.019589   0.026106  -0.012007   0.005489
  44  -0.018223   0.026428  -0.008244   0.000039
  45   0.018794  -0.022415   0.021882  -0.018261
  46  -0.012558   0.011097   0.020103  -0.018642
  47   0.006490   0.010568  -0.039901   0.022843
  48   0.034682  -0.004405  -0.027958  -0.002319
  49   0.002288   0.042721  -0.021389  -0.023620
  50  -0.001538   0.008180  -0.016402   0.009760
  51  -0.002723   0.006179  -0.002895  -0.000561
  52  -0.006613   0.004622   0.010174  -0.008184
  53   0.036266  -0.010926  -0.024317  -0.001023
  54   0.004693   0.011516  -0.019747   0.003538
  55  -0.013827  -0.000987   0.010182   0.004632
  56   0.010165  -0.034437   0.015186   0.009086
  57   0.003134   0.006049  -0.003460  -0.005724
  58  -0.021828   0.009034   0.012556   0.000238
  59   0.000119   0.013614  -0.020871   0.007138
  60  -0.002286   0.007633  -0.003492  -0.001856
  61  -0.005190  -0.023260   0.039181  -0.010731
  62  -0.010022   0.013467  -0.021286   0.017841
  63   0.018968  -0.014524   0.004055  -0.008499
  64  -0.030474   0.004590   0.016786   0.009098
  65  -0.012908   0.014263  -0.002990   0.001636
  66  -0.017619  -0.007139   0.030937  -0.006179
  67  -0.027232   0.017021  -0.025831   0.036042
  68   0.000151  -0.012815   0.005463   0.007201
  69   0.011563   0.007097   0.005071  -0.023731
  70   0.002154  -0.017591  -0.012745   0.028182
  71  -0.008430   0.016892   0.002616  -0.011077
  72  -0.013880   0.001904   0.026913  -0.014937
  73  -0.005556   0.002880  -0.007039   0.009715
  74  -0.005802   0.044968   0.031053  -0.070218
  75  -0.043487   0.037571   0.020934  -0.015018
  76  -0.004413  -0.036942   0.008726   0.032629
  77  -0.006570   0.022814  -0.015791  -0.000452
  78  -0.011069   0.014115  -0.012056   0.009010
  79  -0.008318  -0.040738   0.022374   0.026682
  80   0.017680   0.049123   0.037665  -0.104467
  81  -0.086241   0.162491   0.023314  -0.099565
  82   0.056497   0.013451  -0.091954   0.022006
  83  -0.107900   0.027077   0.030978   0.049845
  84   0.004227  -0.086998   0.053956   0.028815
  85  -0.023207   0.006257   0.034692  -0.017741
  86  -0.012080   0.027243   0.036087  -0.051249
  87   0.018926  -0.019728   0.022424  -0.021621
  88  -0.004497   0.011688   0.000234  -0.007424
  89  -0.012747   0.019162  -0.020502   0.014087
  90   0.009759  -0.012005  -0.014798   0.017044
  91  -0.035538   0.027335   0.009978  -0.001774
  92  -0.014232   0.014125  -0.019154   0.019262
  93  -0.007128  -0.017181  -0.000967   0.025277
  94  -0.003675  -0.026892   0.015819   0.014748
  95  -0.012107  -0.000390   0.038602  -0.026105
  96  -0.010538   0.009105   0.011631  -0.010198
  97   0.002205   0.003427   0.022609  -0.028241
  98   0.023909  -0.022167   0.035252  -0.036994
  99  -0.017939   0.028097  -0.015046   0.004888
 100   0.008552   0.052650   0.000768  -0.061970
 101  -0.002837   0.065738  -0.066875   0.003974
 102  -0.025302   0.019507   0.019747  -0.013952
 103   0.033482   0.043673   0.015273  -0.092428
 104  -0.088778   0.047012   0.017473   0.024294
 105   0.016534   0.002574   0.028793  -0.047902
 106  -0.091183   0.045439  -0.002789   0.048533
 107  -0.081591  -0.001843   0.036807   0.046627
 108   0.023773   0.040407   0.018288  -0.082468
 109  -0.041742   0.024990   0.010241   0.006512
 110  -0.032893   0.067854  -0.035790   0.000829
 111  -0.030849   0.040403  -0.020402   0.010848
 112  -0.019466   0.003530   0.021714  -0.005779
 113  -0.030026   0.049415  -0.010036  -0.009353
 114   0.006701  -0.002466   0.035027  -0.039262
 115  -0.003190   0.035964  -0.063034   0.030261
 116  -0.003678   0.046146  -0.041345  -0.001123
 117  -0.020686   0.014954  -0.018359   0.024091
 118  -0.036713   0.011352   0.001735   0.023626
 119  -0.017007   0.000068   0.006381   0.010558
 120  -0.022859  -0.005418   0.001447   0.026830
 121  -0.006987   0.014290  -0.008125   0.000822
 122  -0.029867   0.026287   0.004322  -0.000742
 123  -0.007924   0.019558  -0.015082   0.003448
 124  -0.021041   0.012113   0.010493  -0.001565
 125   0.020420   0.003412  -0.032999   0.009167
 126  -0.012738   0.011664   0.005191  -0.004118
 127   0.000981   0.009901  -0.013503   0.002621
 128   0.003584  -0.027268   0.018096   0.005588
 129  -0.016941   0.016539   0.023451  -0.023049
 130   0.004555  -0.002412  -0.016114   0.013971
 131  -0.013197   0.014946   0.023066  -0.024815
 132  -0.008363   0.016203   0.000228  -0.008069
 133   0.020004   0.004703   0.025696  -0.050404
 134   0.018532  -0.009230   0.005098  -0.014400
 135  -0.019160   0.024855   0.006649  -0.012344
 136   0.026059  -0.038654   0.015642  -0.003047
 137  -0.001393  -0.010819  -0.004092   0.016304
 138   0.032894   0.007463   0.036787  -0.077143
 139   0.027170  -0.011915  -0.026370   0.011115
 140   0.045135   0.017106  -0.060271  -0.001970
 141  -0.019469  -0.036516   0.015759   0.040226
 142   0.013601  -0.018917   0.011981  -0.006666
 143   0.010177  -0.000135   0.006096  -0.016137
 144  -0.002671   0.016165  -0.000117  -0.013376
 145   0.021574   0.015692   0.030175  -0.067441
 146   0.005573   0.026436  -0.008703  -0.023305
 147   0.002767  -0.013065   0.011037  -0.000740
 148  -0.011348   0.011953  -0.000925   0.000320
 149  -0.013131   0.020419   0.015135  -0.022424
 150   0.023797  -0.001800  -0.012142  -0.009855
 151  -0.024479   0.014193   0.021220  -0.010934
 152  -0.024279   0.039854  -0.007029  -0.008546
 153  -0.026581   0.033750  -0.016635   0.009466
 154  -0.000283  -0.008818   0.013267  -0.004165
 155  -0.004503   0.005810  -0.005052   0.003744
 156   0.004535   0.029167  -0.003955  -0.029748
 157  -0.004855   0.004891  -0.006249   0.006214
 158   0.028652  -0.016733   0.045018  -0.056937
 159  -0.006720   0.035976  -0.038157   0.008901
 160   0.024901   0.030349  -0.061306   0.006056
 161   0.017133  -0.009587  -0.018349   0.010804
 162  -0.006101   0.012103  -0.005968  -0.000035
 163  -0.007948   0.000723  -0.022193   0.029418
 164  -0.013818   0.009201   0.002666   0.001951
 165  -0.005215   0.012582  -0.009507   0.002140
 166  -0.022549   0.009579   0.011272   0.001697
 167  -0.010232  -0.006792  -0.005614   0.022637
 168  -0.019829   0.026335  -0.011331   0.004825
 169  -0.026742   0.014104  -0.003986   0.016624
 170  -0.029875   0.027288  -0.008338   0.010925
 171  -0.037198   0.025265   0.009144   0.002789
 172  -0.041878   0.021042   0.020166   0.000670
 173  -0.032860   0.027450   0.017564  -0.012155
 174  -0.041263   0.029864   0.003541   0.007858
 175  -0.038222   0.015639   0.061909  -0.039326
 176  -0.037066   0.021863   0.049768  -0.034566
 177  -0.026055  -0.000149   0.059850  -0.033646
 178  -0.036385   0.007435   0.062649  -0.033699
 179  -0.015220  -0.016957   0.066095  -0.033918
