pos          info
        0 -8.376048e-06
        1 -4.395478e-05
        2 -4.622494e-06
        3  8.727174e-05
        4  1.006545e-04
        5 -1.030938e-05
        6  2.828107e-05
        7  1.152654e-05
        8 -7.288346e-05
        9  1.867590e-04
       10 -5.615031e-06
       11  2.440899e-05
       12  1.483289e-05
       13 -1.774895e-05
       14  7.798195e-06
       15  3.792856e-05
       16 -1.590552e-06
       17  4.756742e-05
       18 -8.187007e-06
       19 -1.407240e-05
       20  1.126356e-04
       21 -9.203091e-05
       22 -7.604400e-06
       23  8.498006e-07
       24 -2.244837e-05
       25 -2.462918e-05
       26 -9.172405e-07
       27 -5.870586e-05
       28 -2.840138e-05
       29  2.254091e-05
       30  3.728479e-05
       31  4.267063e-05
       32  4.457099e-05
       33 -1.625623e-05
       34 -2.843835e-06
       35  2.519707e-06
       36 -1.518280e-05
       37 -7.442209e-06
       38  9.141174e-06
       39 -1.960212e-05
       40  9.729086e-06
       41  2.593560e-06
       42 -2.736665e-06
       43  1.840655e-06
       44 -1.219443e-06
       45 -1.284331e-06
       46  7.439584e-06
       47  2.418673e-05
       48 -3.007416e-05
       49 -3.960671e-06
       50 -1.139608e-05
       51  2.100231e-07
       52  1.706171e-05
       53 -1.358307e-05
       54  4.528204e-05
       55 -6.659143e-05
       56  4.558264e-05
       57 -1.347775e-05
       58 -1.071127e-05
       59  1.462904e-06
       60 -3.888749e-07
       61  1.270878e-04
       62 -9.657574e-07
       63 -1.698578e-05
       64 -4.004176e-05
       65  6.443872e-05
       66  5.379061e-05
       67  6.248976e-05
       68  4.905374e-07
       69 -1.684449e-05
       70 -7.570896e-06
       71 -5.564182e-06
       72  2.595788e-05
       73  3.397325e-05
       74 -1.393839e-04
       75 -6.196391e-04
       76  8.135640e-06
       77 -6.127064e-05
       78 -2.053754e-05
       79  1.714401e-03
       80  8.685629e-03
       81 -5.149750e-03
       82  5.662507e-03
       83  6.945158e-03
       84  4.768749e-03
       85  2.170868e-05
       86 -3.414703e-04
       87 -5.880786e-05
       88  1.782984e-05
       89 -3.660559e-05
       90 -1.192124e-06
       91  7.876067e-06
       92 -6.670359e-07
       93  2.490837e-05
       94 -3.241799e-05
       95 -1.295374e-04
       96  9.978977e-07
       97  3.243402e-04
       98 -2.722103e-04
       99 -1.619115e-05
      100 -4.099406e-04
      101  6.120510e-04
      102 -1.890192e-06
      103  6.920615e-03
      104  8.093906e-03
      105  1.918294e-03
      106  2.754703e-03
      107  3.066804e-03
      108  8.493668e-03
      109  3.365002e-05
      110 -5.544617e-05
      111 -2.845505e-05
      112  6.473359e-05
      113  4.667103e-05
      114 -9.944184e-05
      115 -1.604655e-04
      116 -3.451594e-05
      117 -3.963023e-05
      118 -5.192765e-05
      119 -1.675836e-05
      120 -2.124740e-04
      121  9.014612e-06
      122  2.304602e-05
      123  1.156503e-04
      124  5.807279e-05
      125 -7.185259e-07
      126  2.011052e-06
      127  6.662737e-05
      128  3.778392e-05
      129  8.241690e-05
      130 -1.192444e-05
      131 -1.085243e-08
      132 -1.566315e-05
      133 -3.102503e-05
      134 -2.197383e-06
      135  3.574171e-05
      136 -4.016206e-06
      137  9.084869e-07
      138 -8.903381e-05
      139  9.929428e-07
      140  3.153450e-06
      141 -2.294302e-04
      142  1.709896e-07
      143  1.353656e-04
      144 -6.419733e-07
      145  7.506211e-06
      146  1.105487e-04
      147 -1.925051e-09
      148  2.051522e-05
      149 -3.027955e-04
      150 -2.573243e-04
      151 -8.671879e-05
      152  1.776415e-05
      153 -5.055232e-06
      154 -3.418753e-05
      155 -4.015874e-05
      156  5.650979e-08
      157 -5.606427e-06
      158  1.530878e-04
      159  4.541083e-06