pos      val_A      val_C      val_G      val_T
   0   0.016632  -0.023333   0.002629   0.004072
   1   0.005470  -0.012974   0.010385  -0.002881
   2   0.009598  -0.002386  -0.013441   0.006229
   3  -0.013640   0.006010   0.017509  -0.009879
   4   0.008586   0.000672  -0.001558  -0.007700
   5  -0.012125  -0.003125  -0.011413   0.026663
   6  -0.012892   0.005600  -0.011943   0.019235
   7   0.035063  -0.001347  -0.028918  -0.004798
   8   0.022565   0.012787  -0.014996  -0.020356
   9  -0.024699   0.006910   0.003402   0.014387
  10  -0.007388   0.026494  -0.011932  -0.007174
  11   0.001123  -0.004159   0.005256  -0.002219
  12  -0.003366   0.019283  -0.001063  -0.014854
  13   0.014513  -0.008093   0.009017  -0.015436
  14  -0.010217   0.004832   0.003959   0.001426
  15   0.003771   0.001213  -0.015506   0.010523
  16  -0.001572  -0.010808   0.005143   0.007238
  17  -0.002398   0.010390   0.000447  -0.008440
  18  -0.004200  -0.011966  -0.007117   0.023283
  19  -0.008952  -0.010277  -0.001821   0.021051
  20  -0.006881   0.022925  -0.020437   0.004394
  21  -0.036655   0.039000  -0.004556   0.002212
  22  -0.034407   0.007005   0.028978  -0.001576
  23   0.007736   0.018963  -0.007812  -0.018887
  24  -0.005036  -0.016093  -0.010697   0.031826
  25  -0.001830  -0.020967   0.011517   0.011280
  26   0.034913  -0.005656   0.002460  -0.031718
  27   0.017587   0.002883  -0.015415  -0.005055
  28   0.001471   0.007582   0.020852  -0.029905
  29   0.008317  -0.007605  -0.020488   0.019776
  30   0.014933   0.018344  -0.003052  -0.030224
  31   0.015882  -0.011735  -0.005397   0.001251
  32  -0.024849   0.001678   0.000052   0.023119
  33  -0.013444   0.009422   0.007753  -0.003731
  34   0.007883  -0.017823  -0.005588   0.015528
  35  -0.020189   0.003968   0.004699   0.011522
  36   0.001303  -0.001479   0.015030  -0.014854
  37   0.032864   0.008233  -0.031271  -0.009827
  38  -0.022050   0.007535  -0.006114   0.020629
  39   0.011579   0.011355  -0.003942  -0.018993
  40   0.003446  -0.004743   0.019927  -0.018630
  41   0.014620  -0.016637  -0.010125   0.012141
  42  -0.002899   0.002435  -0.005561   0.006025
  43   0.014985  -0.015844   0.003633  -0.002774
  44   0.029962  -0.029363   0.013148  -0.013747
  45  -0.009426   0.017689  -0.012703   0.004441
  46   0.018412  -0.011898  -0.012365   0.005851
  47  -0.001138   0.000789   0.014663  -0.014314
  48  -0.009965   0.012186  -0.005600   0.003379
  49  -0.003765  -0.027147   0.004252   0.026660
  50   0.004054   0.002224   0.010651  -0.016929
  51   0.001827  -0.003753   0.004009  -0.002083
  52   0.011366  -0.006768  -0.004002  -0.000596
  53  -0.013650  -0.003825   0.020526  -0.003051
  54   0.001582  -0.008357   0.010568  -0.003793
  55  -0.013927   0.016099   0.005334  -0.007505
  56  -0.009911   0.016712  -0.013366   0.006565
  57  -0.010610  -0.015149   0.003628   0.022131
  58   0.011954  -0.002079  -0.008179  -0.001695
  59   0.004860  -0.002038   0.006535  -0.009357
  60  -0.011545   0.018688  -0.005117  -0.002026
  61  -0.013490   0.037560  -0.005177  -0.018893
  62   0.001474  -0.004626   0.016031  -0.012879
  63   0.006825   0.013641  -0.019696  -0.000770
  64   0.013705  -0.009371  -0.004678   0.000344
  65   0.023146  -0.012242   0.012347  -0.023251
  66   0.013248   0.001646  -0.017397   0.002504
  67   0.012799   0.010815   0.005914  -0.029528
  68  -0.016238   0.013110  -0.002215   0.005343
  69  -0.010994  -0.015582   0.004184   0.022392
  70   0.001009   0.018483  -0.006179  -0.013314
  71  -0.010296  -0.005045   0.008493   0.006848
  72   0.022516   0.013446  -0.035821  -0.000140
  73   0.014330  -0.014965  -0.000699   0.001334
  74   0.025965  -0.044379  -0.047797   0.066211
  75   0.065108  -0.032553  -0.024696  -0.007859
  76  -0.014363   0.023900   0.012440  -0.021976
  77   0.004684  -0.012749   0.007122   0.000943
  78   0.015238  -0.022853   0.010762  -0.003147
  79  -0.023105   0.097701  -0.013742  -0.060854
  80  -0.054412  -0.071440  -0.056387   0.182239
  81   0.053641  -0.165465  -0.011480   0.123304
  82  -0.050758  -0.032005   0.127138  -0.044375
  83   0.163068  -0.034801  -0.070421  -0.057846
  84  -0.035894   0.138049  -0.080347  -0.021809
  85   0.031916  -0.031775  -0.027606   0.027465
  86   0.006373  -0.040446  -0.039725   0.073798
  87  -0.016282   0.011700  -0.012142   0.016724
  88   0.010750  -0.035514   0.005812   0.018952
  89  -0.014165  -0.003796   0.026115  -0.008154
  90  -0.014484   0.016060  -0.003109   0.001533
  91   0.022967  -0.013655  -0.006274  -0.003038
  92   0.010955  -0.012464   0.024604  -0.023095
  93   0.021707   0.000219   0.011058  -0.032984
  94   0.019707   0.007781  -0.019744  -0.007745
  95   0.023575  -0.002623  -0.027643   0.006691
  96   0.001750  -0.016890  -0.006605   0.021745
  97  -0.007067  -0.011521  -0.026803   0.045391
  98  -0.017871   0.003776  -0.026527   0.040622
  99   0.000766  -0.014252   0.012588   0.000898
 100  -0.012555  -0.045908  -0.009955   0.068418
 101   0.026235  -0.056951   0.026081   0.004634
 102   0.000700  -0.010401  -0.003156   0.012857
 103  -0.057182  -0.063116  -0.043371   0.163669
 104   0.157436  -0.051027  -0.043343  -0.063065
 105  -0.023916  -0.028985  -0.031738   0.084639
 106   0.116054  -0.041956  -0.031625  -0.042473
 107   0.097690   0.015901  -0.048365  -0.065226
 108  -0.046131  -0.054686  -0.071227   0.172045
 109   0.019734  -0.028945   0.010993  -0.001782
 110   0.011305  -0.042724   0.017035   0.014384
 111   0.021483  -0.028266   0.019668  -0.012886
 112  -0.004731  -0.000874  -0.013777   0.019382
 113  -0.000161   0.005331   0.000542  -0.005711
 114  -0.013043  -0.001356  -0.014437   0.028836
 115  -0.002410  -0.027725   0.049722  -0.019587
 116  -0.004747  -0.010974   0.011409   0.004312
 117   0.008369  -0.002553   0.016763  -0.022579
 118   0.017150   0.006862  -0.009727  -0.014285
 119  -0.019268  -0.011136   0.016619   0.013785
 120   0.011821   0.032259   0.006633  -0.050713
 121  -0.004044  -0.007384   0.009262   0.002165
 122   0.032746  -0.008210  -0.015091  -0.009444
 123  -0.008812  -0.001964   0.017872  -0.007096
 124   0.023233  -0.002825  -0.014328  -0.006081
 125  -0.011659  -0.000899   0.032283  -0.019725
 126   0.018443  -0.023078   0.000817   0.003818
 127   0.005051  -0.009688  -0.009117   0.013754
 128   0.002810   0.009716  -0.008001  -0.004526
 129  -0.016389   0.004458  -0.015342   0.027274
 130   0.005244   0.008876   0.003834  -0.017954
 131  -0.010599  -0.007400   0.000245   0.017753
 132   0.014595  -0.013278  -0.013187   0.011870
 133  -0.003248  -0.009921  -0.022035   0.035204
 134  -0.015168   0.011780  -0.002542   0.005930
 135   0.003124  -0.023174   0.020659  -0.000609
 136  -0.015170   0.007366   0.002453   0.005351
 137   0.017253   0.005931  -0.008281  -0.014903
 138  -0.012842  -0.006006  -0.026917   0.045765
 139  -0.013191   0.030385   0.006690  -0.023885
 140  -0.030107  -0.014450   0.044544   0.000013
 141   0.021417   0.016654  -0.004885  -0.033186
 142   0.004487   0.000857  -0.005075  -0.000269
 143  -0.011690   0.009403  -0.027881   0.030167
 144   0.013594  -0.026750  -0.001770   0.014925
 145  -0.002032  -0.043686   0.000780   0.044938
 146  -0.016402  -0.013967   0.001166   0.029202
 147  -0.003426   0.000095   0.001984   0.001347
 148   0.017098  -0.032975   0.019485  -0.003607
 149   0.024610  -0.026947   0.004438  -0.002101
 150  -0.027417   0.023972   0.008715  -0.005269
 151   0.008559   0.003704  -0.012804   0.000542
 152   0.004420  -0.015190   0.018581  -0.007812
 153   0.030763  -0.029610   0.002049  -0.003202
 154  -0.010971   0.024147  -0.010145  -0.003031
 155  -0.011631   0.001062   0.002724   0.007845
 156  -0.024216   0.015558   0.003733   0.004925
 157   0.002455   0.005098  -0.014295   0.006743
 158   0.000535   0.020964  -0.040171   0.018673
 159   0.002538  -0.003484   0.011883  -0.010937
 160  -0.019555  -0.014900   0.036154  -0.001699
 161  -0.009027  -0.007674   0.038880  -0.022179
 162  -0.001933  -0.000946   0.018237  -0.015358
 163   0.000901   0.005875   0.014788  -0.021564
 164   0.004294   0.008323   0.005728  -0.018346
 165  -0.001280  -0.003671   0.009988  -0.005037
 166   0.012634   0.004194   0.004969  -0.021797
 167   0.011286   0.000810   0.010133  -0.022229
 168  -0.000361  -0.005800   0.020395  -0.014234
 169   0.013554  -0.013231   0.023259  -0.023582
 170   0.004716  -0.008696   0.015083  -0.011103
 171   0.003762  -0.001627   0.000687  -0.002822
 172   0.017577  -0.011473   0.002825  -0.008928
 173   0.014065  -0.006203   0.003917  -0.011780
 174   0.012915  -0.000892   0.013867  -0.025890
 175   0.018856  -0.004795  -0.015577   0.001517
 176   0.023592  -0.011129  -0.011553  -0.000910
 177   0.008012   0.005502  -0.012095  -0.001420
 178   0.017747  -0.004910  -0.009830  -0.003008
 179   0.013001   0.000755  -0.022612   0.008856
