pos          info
        0  5.944377e-05
        1 -8.677094e-05
        2  5.259825e-05
        3 -3.689026e-05
        4  4.263381e-05
        5 -3.170651e-05
        6  5.190204e-05
        7 -4.277672e-06
        8 -6.251363e-05
        9 -1.161596e-04
       10 -1.162739e-05
       11 -1.901803e-07
       12 -3.474269e-06
       13  6.428551e-05
       14 -3.690062e-05
       15  2.529592e-04
       16  1.071201e-08
       17  5.317819e-06
       18  2.519327e-05
       19 -4.774047e-05
       20  7.163836e-05
       21 -1.075009e-04
       22 -4.187967e-05
       23 -1.473613e-05
       24 -2.730933e-05
       25 -1.926984e-04
       26 -2.360974e-06
       27  9.850862e-05
       28  2.597506e-05
       29 -8.916124e-06
       30 -4.481436e-07
       31  3.378278e-05
       32  6.700763e-05
       33 -5.165194e-05
       34 -4.275045e-05
       35 -1.969385e-06
       36 -7.291292e-06
       37  2.491728e-07
       38  1.599479e-05
       39 -4.115914e-05
       40  1.408352e-05
       41 -1.664789e-06
       42 -1.260227e-05
       43  2.708177e-05
       44  2.149940e-05
       45 -7.241808e-06
       46  1.721489e-04
       47 -9.480909e-05
       48 -5.803385e-06
       49 -9.909720e-05
       50 -2.693725e-05
       51  4.532866e-09
       52  1.669504e-05
       53  2.633583e-05
       54 -7.362035e-05
       55 -1.557081e-06
       56 -1.191130e-05
       57 -6.436657e-06
       58  5.775784e-06
       59  5.747867e-05
       60  3.304727e-05
       61  1.091731e-05
       62  3.061027e-05
       63 -7.081821e-06
       64 -1.854161e-05
       65 -5.325763e-05
       66 -1.325727e-04
       67 -7.753425e-06
       68  1.511686e-04
       69 -4.018414e-05
       70 -1.040199e-04
       71 -1.473462e-04
       72 -1.073156e-05
       73 -2.946528e-05
       74 -2.895610e-04
       75  3.245938e-05
       76  1.505459e-04
       77 -1.382815e-06
       78 -1.196283e-06
       79  1.657453e-06
       80 -3.616485e-04
       81 -1.092472e-04
       82 -1.247180e-04
       83  6.331373e-03
       84 -1.119217e-04
       85 -1.541322e-04
       86 -2.809260e-04
       87  2.535970e-05
       88 -1.405872e-04
       89  3.419701e-06
       90 -7.319019e-07
       91 -1.628569e-07
       92  4.965317e-06
       93 -3.450209e-06
       94  9.079582e-05
       95  1.369972e-04
       96  7.299032e-05
       97  7.357021e-05
       98  7.158717e-05
       99 -1.500603e-04
      100 -5.684464e-04
      101  5.936780e-05
      102 -3.542846e-04
      103 -8.481474e-04
      104 -4.334172e-04
      105 -1.809352e-04
      106 -2.324060e-05
      107 -7.253311e-04
      108 -4.804610e-06
      109 -3.128348e-05
      110  4.297037e-07
      111  9.560025e-05
      112  4.847636e-06
      113 -1.950025e-05
      114  2.552858e-05
      115 -1.743586e-05
      116  7.179267e-05
      117  3.448549e-05
      118  1.722434e-04
      119  4.389522e-04
      120  9.136839e-05
      121  1.652923e-04
      122  6.364116e-05
      123  9.863013e-05
      124  2.233791e-04
      125  1.098705e-04
      126  7.329090e-05
      127  2.677575e-06
      128 -3.053200e-06
      129  9.495662e-05
      130 -3.624304e-05
      131  2.991383e-05
      132  3.917014e-04
      133 -1.217858e-04
      134 -1.962978e-04
      135  4.917983e-06
      136 -1.963457e-05
      137 -3.455190e-05
      138 -5.662630e-05
      139  3.915653e-07
      140 -1.177330e-04
      141  1.028035e-04
      142 -3.039741e-07
      143 -2.368583e-04
      144  4.288326e-06
      145 -1.608223e-04
      146 -1.477946e-05
      147  2.728218e-03
      148 -7.309435e-05
      149 -1.868910e-03
      150 -1.490536e-03
      151 -1.928428e-03
      152 -6.831511e-04
      153  8.992565e-06
      154  1.076868e-05
      155 -7.899860e-04
      156 -2.339395e-04
      157  1.155827e-05
      158 -1.051799e-07
      159  1.509200e-06