pos          info
        0  6.131350e-06
        1  4.604590e-05
        2  1.256808e-04
        3 -2.510781e-05
        4  1.127100e-04
        5 -1.909602e-05
        6 -7.730953e-05
        7 -6.304470e-05
        8 -9.582150e-05
        9 -4.103245e-05
       10 -2.199457e-05
       11  3.171266e-06
       12  1.592831e-05
       13  5.403011e-05
       14  5.497028e-07
       15  6.134819e-05
       16  2.126940e-05
       17 -2.951992e-06
       18  1.927463e-05
       19 -9.355600e-05
       20 -8.604300e-05
       21 -2.235801e-04
       22 -6.868663e-05
       23 -1.015251e-05
       24 -5.530542e-07
       25 -1.786405e-04
       26  2.736491e-05
       27  1.125647e-04
       28 -3.236778e-06
       29 -2.436737e-07
       30  1.245377e-05
       31  2.887197e-08
       32  7.849710e-05
       33 -8.585171e-07
       34 -4.099558e-06
       35 -2.030718e-06
       36  8.817453e-07
       37 -6.562334e-07
       38  2.081541e-05
       39 -3.895920e-05
       40 -3.285229e-05
       41 -4.647245e-05
       42  3.362313e-06
       43 -1.670829e-05
       44 -1.467424e-06
       45 -3.688253e-05
       46 -3.779617e-05
       47 -1.236229e-04
       48 -5.116576e-05
       49 -1.255445e-04
       50  4.241296e-06
       51  9.624359e-07
       52 -2.537043e-06
       53 -5.557462e-06
       54 -7.673812e-06
       55 -5.532993e-06
       56  7.222131e-06
       57  5.807350e-07
       58  8.906512e-06
       59  5.814283e-05
       60  7.403473e-08
       61  2.157088e-05
       62 -3.332101e-05
       63 -2.033887e-05
       64 -5.914717e-05
       65 -8.942783e-06
       66 -1.027664e-04
       67  4.823163e-09
       68 -5.382806e-05
       69 -2.763595e-05
       70 -1.895449e-04
       71 -1.241965e-04
       72 -9.160947e-06
       73 -3.084114e-05
       74  1.487395e-04
       75  1.486013e-05
       76  2.453305e-04
       77 -1.690625e-06
       78 -1.234036e-05
       79 -4.368143e-06
       80 -2.778804e-04
       81  4.991015e-05
       82  1.043938e-04
       83  3.428597e-03
       84 -9.378547e-05
       85 -1.421255e-04
       86 -3.557188e-04
       87 -5.975850e-05
       88 -6.838006e-05
       89 -2.129812e-06
       90  5.463708e-08
       91 -1.764636e-05
       92 -3.810859e-05
       93 -5.983640e-05
       94  2.878296e-05
       95  5.541227e-05
       96  6.951772e-05
       97  3.804761e-05
       98 -5.238541e-05
       99 -1.517333e-04
      100 -2.735694e-04
      101 -2.105165e-05
      102 -1.576401e-04
      103 -4.534871e-04
      104 -2.272542e-04
      105 -6.370067e-05
      106 -1.867919e-06
      107 -5.395694e-04
      108 -5.598691e-05
      109  6.322156e-05
      110  1.512613e-05
      111  2.271090e-05
      112 -8.692090e-08
      113 -7.127648e-05
      114 -6.955981e-07
      115 -1.961054e-05
      116  2.017907e-05
      117  3.198885e-05
      118  7.644699e-05
      119  4.249701e-04
      120  1.036153e-04
      121  2.386227e-04
      122  2.716265e-05
      123  1.095406e-04
      124  4.424966e-04
      125  1.567178e-05
      126  8.575069e-05
      127  1.191337e-07
      128 -1.912825e-07
      129 -3.990076e-05
      130  9.841522e-05
      131  7.441576e-05
      132 -4.545378e-04
      133 -1.486792e-04
      134 -1.345073e-04
      135 -3.146806e-05
      136 -1.360507e-05
      137 -7.183004e-05
      138 -8.027325e-05
      139  5.154267e-08
      140  8.626897e-05
      141  1.933520e-04
      142 -1.851732e-05
      143 -1.769984e-04
      144 -3.623782e-05
      145  1.282535e-04
      146  3.841437e-06
      147 -3.000885e-03
      148 -7.518437e-08
      149 -1.856569e-03
      150 -1.808213e-03
      151 -1.658067e-03
      152 -6.710284e-04
      153 -3.184203e-06
      154 -4.807581e-05
      155 -7.806154e-04
      156 -3.184065e-04
      157 -6.722002e-07
      158 -3.747890e-05
      159 -1.881291e-07