pos          info
        0  3.394290e-05
        1  1.001409e-04
        2  3.869846e-05
        3  6.083102e-05
        4 -1.441606e-04
        5 -2.741850e-04
        6 -2.793674e-04
        7 -1.145976e-04
        8  9.383421e-06
        9  1.364317e-05
       10 -5.053725e-06
       11  9.082005e-05
       12  1.195750e-04
       13  3.851210e-05
       14 -4.824861e-05
       15 -1.471589e-04
       16 -8.066570e-05
       17 -5.557177e-05
       18 -7.244546e-06
       19  1.418737e-04
       20  1.238875e-04
       21  1.514111e-04
       22  1.696086e-05
       23  2.981045e-05
       24  4.611214e-06
       25 -8.424793e-05
       26 -1.391668e-04
       27 -1.420183e-04
       28 -5.048706e-05
       29 -4.018196e-05
       30 -8.340554e-05
       31 -8.447552e-05
       32 -5.399434e-05
       33 -2.247119e-05
       34 -1.416209e-05
       35 -1.900579e-05
       36  5.839001e-05
       37  2.760550e-04
       38  2.095009e-04
       39  1.841681e-04
       40  1.559905e-05
       41  9.777575e-05
       42 -4.058953e-05
       43 -9.664402e-05
       44 -1.500057e-04
       45 -1.066369e-05
       46 -1.430593e-05
       47  1.927149e-05
       48 -8.732156e-08
       49  5.134784e-06
       50 -4.948252e-05
       51 -3.394904e-05
       52 -3.470620e-05
       53  5.503413e-05
       54  3.909771e-05
       55  3.682992e-05
       56  5.257171e-07
       57 -1.045834e-04
       58 -1.205767e-04
       59 -1.135700e-04
       60 -1.045314e-04
       61 -8.394073e-05
       62 -9.168910e-05
       63  8.522665e-06
       64  7.078726e-05
       65  4.939332e-05
       66  2.901683e-05
       67 -3.941974e-05
       68  5.789044e-05
       69  7.560339e-05
       70  1.718230e-04
       71  1.071695e-04
       72  1.978571e-04
       73  9.917250e-05
       74  8.483249e-05
       75  3.782599e-05
       76  2.175913e-04
       77  2.201168e-04
       78  4.627268e-04
       79  4.430471e-04
       80  5.771468e-04
       81 -3.358960e-04
       82 -4.432443e-04
       83 -5.203236e-04
       84  2.626987e-04
       85  2.054233e-04
       86  2.249745e-04
       87  9.568579e-05
       88  1.377515e-04
       89  6.090135e-05
       90  3.275157e-05
       91 -5.677485e-06
       92 -1.254631e-04
       93 -1.420963e-04
       94 -1.708964e-04
       95 -8.595340e-05
       96 -1.060504e-04
       97 -3.819621e-05
       98  5.480821e-05
       99  2.232954e-05
      100  1.350564e-04
      101  3.204973e-04
      102  8.418982e-04
      103  7.667567e-04
      104  5.388720e-04
      105  3.889150e-04
      106  2.503466e-04
      107  2.404312e-04
      108 -5.062313e-05
      109  8.476206e-06
      110 -3.174146e-05
      111 -7.674711e-05
      112 -6.704235e-05
      113 -1.502547e-05
      114 -1.036702e-05
      115 -9.798979e-05
      116 -1.125496e-04
      117 -2.576734e-04
      118 -1.857803e-04
      119 -1.990469e-04
      120 -1.224907e-06
      121 -8.986832e-06
      122 -4.602516e-05
      123 -7.370378e-05
      124 -1.003948e-04
      125 -4.796509e-05
      126 -4.394369e-05
      127 -4.598839e-05
      128 -2.486015e-05
      129 -1.180248e-04
      130 -1.537745e-04
      131 -1.220750e-04
      132 -2.373578e-05
      133 -1.481643e-05
      134 -7.593558e-05
      135 -2.522768e-05
      136  7.856924e-05
      137  8.362351e-05
      138  1.990897e-05
      139 -8.903651e-05
      140 -9.070720e-05
      141 -2.723127e-05
      142  9.803975e-06
      143  3.460454e-05
      144 -2.809729e-05
      145 -6.116375e-04
      146 -6.359630e-04
      147  5.460482e-05
      148  1.429505e-03
      149  2.001991e-03
      150  1.788485e-03
      151  1.033871e-03
      152  2.187729e-04
      153 -6.660877e-05
      154  5.938823e-05
      155  3.017345e-04
      156 -2.201097e-05
      157  0.000000e+00
      158  0.000000e+00
      159  0.000000e+00