pos      val_A      val_C      val_G      val_T
   0  -0.021639  -0.007704   0.028250   0.001093
   1   0.001789  -0.020014  -0.012526   0.030752
   2  -0.004050   0.008496   0.020760  -0.025206
   3  -0.009775   0.005702   0.009881  -0.005807
   4   0.006876   0.018006  -0.014570  -0.010311
   5  -0.018240  -0.010757   0.009054   0.019942
   6  -0.003855   0.005152  -0.020781   0.019484
   7  -0.014406  -0.002283   0.006817   0.009872
   8   0.022217   0.009963  -0.023419  -0.008761
   9  -0.003973   0.004040  -0.011150   0.011083
  10   0.019602   0.001187  -0.013964  -0.006826
  11   0.004074  -0.014772   0.000223   0.010475
  12  -0.006649   0.002258  -0.002439   0.006830
  13  -0.021445  -0.000895   0.030596  -0.008256
  14   0.002645   0.000200   0.001408  -0.004253
  15   0.007299  -0.027377   0.025381  -0.005303
  16  -0.018947   0.001777   0.012448   0.004722
  17   0.007676   0.005315  -0.022677   0.009686
  18  -0.009499   0.016575  -0.010557   0.003481
  19   0.006790  -0.008399  -0.013330   0.014939
  20  -0.017318  -0.000312   0.008974   0.008656
  21   0.026252  -0.016673  -0.014854   0.005275
  22   0.005439  -0.007436  -0.008832   0.010829
  23  -0.000957  -0.001465   0.012831  -0.010409
  24   0.014420  -0.014893  -0.009822   0.010296
  25  -0.018864   0.030859  -0.005533  -0.006462
  26   0.007764  -0.008559  -0.002808   0.003603
  27  -0.026908   0.019688  -0.001698   0.008918
  28   0.003175   0.018001  -0.002142  -0.019034
  29   0.000067   0.008643  -0.002362  -0.006348
  30   0.021086  -0.004113  -0.007830  -0.009143
  31  -0.006027  -0.000939  -0.009671   0.016637
  32  -0.013679   0.017935   0.004568  -0.008824
  33  -0.012407  -0.003652   0.004679   0.011380
  34   0.020156  -0.014559   0.012792  -0.018389
  35   0.027360  -0.006223   0.005701  -0.026838
  36   0.002669   0.002153  -0.001733  -0.003089
  37  -0.013156   0.000839   0.009899   0.002418
  38  -0.008213  -0.017867   0.008800   0.017281
  39  -0.003128   0.019561  -0.010206  -0.006227
  40  -0.004744  -0.010033   0.009911   0.004866
  41   0.007733   0.000972  -0.004160  -0.004545
  42   0.008098  -0.017233   0.011638  -0.002503
  43   0.001947  -0.005332  -0.003724   0.007109
  44  -0.004047   0.004601  -0.007689   0.007135
  45   0.009845  -0.012806  -0.007251   0.010212
  46   0.018298  -0.018442  -0.012468   0.012611
  47   0.029109  -0.011597  -0.004320  -0.013193
  48   0.004710  -0.011856   0.010815  -0.003669
  49  -0.007880   0.028064  -0.009461  -0.010724
  50   0.006403   0.009855  -0.011483  -0.004775
  51   0.015931  -0.012158  -0.002273  -0.001500
  52   0.007762  -0.014421   0.000128   0.006531
  53   0.001164   0.008751   0.010037  -0.019952
  54  -0.003156   0.009300  -0.018615   0.012471
  55  -0.004391   0.010644  -0.016341   0.010088
  56   0.010597   0.000663   0.000776  -0.012036
  57   0.002297   0.006792  -0.007207  -0.001882
  58  -0.011517   0.007524   0.000997   0.002996
  59  -0.012830  -0.018545   0.009420   0.021955
  60   0.012703  -0.002710  -0.004389  -0.005604
  61   0.006464  -0.001654  -0.004060  -0.000750
  62   0.008560  -0.008630  -0.007001   0.007071
  63   0.001770  -0.006292   0.001261   0.003261
  64   0.009101  -0.001811  -0.012781   0.005492
  65  -0.007742   0.020770  -0.008520  -0.004508
  66   0.005119  -0.012567   0.000091   0.007357
  67   0.005806  -0.011291  -0.003873   0.009358
  68   0.007030   0.018673  -0.021272  -0.004430
  69   0.015700   0.015053  -0.014753  -0.016000
  70   0.022575  -0.005476  -0.040355   0.023256
  71   0.025119  -0.011829  -0.018782   0.005492
  72  -0.005682  -0.008943   0.008217   0.006408
  73  -0.001919  -0.024467   0.002651   0.023735
  74  -0.009005  -0.010845  -0.025916   0.045766
  75   0.011674  -0.026724  -0.014666   0.029716
  76   0.015315  -0.023326   0.004979   0.003032
  77  -0.003550   0.002602   0.014686  -0.013738
  78   0.008059  -0.020482   0.002258   0.010165
  79  -0.011639   0.030096  -0.012303  -0.006154
  80  -0.025413  -0.012510  -0.021732   0.059655
  81  -0.016224  -0.013948  -0.015408   0.045580
  82  -0.026031  -0.005176   0.038462  -0.007255
  83   0.078746   0.085130  -0.196144   0.032269
  84   0.000289   0.019382  -0.008104  -0.011567
  85   0.029870  -0.024282  -0.013608   0.008020
  86   0.005504  -0.035417  -0.013606   0.043519
  87  -0.001487  -0.011975  -0.018345   0.031807
  88  -0.032069  -0.000002   0.006080   0.025991
  89  -0.018306   0.005263  -0.003792   0.016835
  90  -0.018854   0.005430   0.010549   0.002875
  91  -0.011526   0.005384   0.004125   0.002018
  92  -0.004395  -0.012155  -0.004723   0.021272
  93  -0.007946   0.004775  -0.010001   0.013173
  94   0.005421  -0.026633   0.022967  -0.001755
  95   0.038766  -0.018889  -0.000109  -0.019769
  96   0.008369  -0.014438   0.006753  -0.000684
  97  -0.008366   0.007833  -0.030825   0.031358
  98   0.014443  -0.012174   0.008179  -0.010448
  99  -0.002000  -0.018725  -0.007839   0.028564
 100  -0.019946  -0.015471   0.062382  -0.026966
 101  -0.012040   0.007241  -0.015721   0.020520
 102  -0.009025  -0.025843  -0.021154   0.056022
 103   0.084486  -0.042698  -0.022271  -0.019516
 104  -0.014775  -0.019226  -0.029465   0.063465
 105   0.031623  -0.009709  -0.003251  -0.018663
 106   0.017314  -0.004366  -0.006259  -0.006690
 107  -0.034391  -0.017107  -0.031013   0.082510
 108   0.022780  -0.002092  -0.020548  -0.000141
 109   0.026181  -0.014312  -0.005188  -0.006681
 110  -0.001787   0.009560   0.005274  -0.013048
 111   0.018726  -0.017676  -0.005187   0.004137
 112  -0.011932  -0.009276   0.011174   0.010034
 113  -0.009250   0.007026  -0.007088   0.009312
 114  -0.015999   0.013541   0.008624  -0.006165
 115  -0.006726  -0.012419  -0.000345   0.019490
 116  -0.000090  -0.027075   0.037512  -0.010347
 117  -0.003610  -0.003952   0.016044  -0.008482
 118   0.013484   0.003684  -0.018334   0.001166
 119   0.019763   0.003649   0.019293  -0.042705
 120  -0.031197   0.003002   0.012692   0.015503
 121   0.021783   0.002198   0.009223  -0.033204
 122  -0.030312   0.006769   0.011846   0.011697
 123   0.020716  -0.010932   0.012178  -0.021962
 124  -0.032515   0.001664   0.022943   0.007908
 125  -0.009021  -0.001139   0.006753   0.003406
 126  -0.021547  -0.015951   0.026730   0.010767
 127  -0.004779  -0.002544   0.008279  -0.000956
 128   0.003029  -0.003053   0.002452  -0.002428
 129  -0.002651  -0.024809  -0.002690   0.030149
 130   0.021748  -0.019341  -0.018366   0.015959
 131   0.000189  -0.008852   0.002729   0.005934
 132   0.027550  -0.029845  -0.010660   0.012955
 133  -0.006968  -0.008003  -0.002418   0.017389
 134  -0.002464  -0.004859  -0.018065   0.025387
 135  -0.003509  -0.010480  -0.000816   0.014806
 136  -0.008112   0.005653  -0.011191   0.013649
 137  -0.013261  -0.009933   0.005124   0.018069
 138  -0.009831   0.010073   0.006420  -0.006661
 139  -0.004826   0.006674   0.002080  -0.003929
 140  -0.013424   0.013768  -0.005511   0.005167
 141   0.008410   0.018808  -0.034985   0.007767
 142   0.020103  -0.016254  -0.009578   0.005729
 143   0.027061  -0.005205  -0.004262  -0.017593
 144   0.029334  -0.005854  -0.018316  -0.005164
 145   0.009528   0.006023   0.013268  -0.028820
 146   0.007955  -0.008813   0.008865  -0.008007
 147   0.021222  -0.108208   0.062314   0.024672
 148   0.013130   0.028329   0.008053  -0.049511
 149  -0.013708  -0.026542  -0.037906   0.078157
 150  -0.017987  -0.010059  -0.027822   0.055868
 151  -0.030078  -0.025711   0.075755  -0.019966
 152   0.015740   0.038831  -0.033079  -0.021493
 153   0.005161   0.002486  -0.001858  -0.005790
 154   0.015818  -0.016862  -0.030629   0.031673
 155  -0.002260  -0.031313  -0.027445   0.061018
 156  -0.002013  -0.025109  -0.006321   0.033444
 157   0.004005  -0.021640   0.003777   0.013859
 158  -0.010938   0.000584   0.005208   0.005146
 159   0.014424  -0.006908   0.004941  -0.012456
 160  -0.001976  -0.009289   0.021568  -0.010303
 161   0.004770  -0.008843   0.018331  -0.014258
 162   0.016440   0.000745   0.005532  -0.022718
 163   0.005302  -0.006430   0.010920  -0.009793
 164  -0.006111  -0.009897   0.023176  -0.007168
 165   0.003497  -0.019935   0.026454  -0.010016
 166   0.011088  -0.028041   0.024373  -0.007419
 167   0.003027  -0.014967   0.010755   0.001185
 168  -0.003876  -0.001442   0.022321  -0.017002
 169   0.039281  -0.019465   0.007357  -0.027173
 170   0.041576  -0.035870   0.010647  -0.016353
 171   0.019336  -0.020900   0.002615  -0.001052
 172   0.030618  -0.027637  -0.000766  -0.002214
 173   0.022135  -0.012306  -0.001001  -0.008828
 174   0.055838  -0.013206  -0.037253  -0.005380
 175   0.049168  -0.022469  -0.036378   0.009679
 176   0.053584  -0.018507  -0.049190   0.014114
 177   0.041439  -0.024412  -0.062887   0.045860
 178   0.025664  -0.006894  -0.054697   0.035927
 179   0.023048   0.021289  -0.087252   0.042915
