pos          info
        0  1.553768e-04
        1  6.384254e-05
        2  1.213828e-04
        3 -1.817540e-05
        4 -1.378302e-05
        5 -5.178528e-05
        6  1.180145e-04
        7  1.168547e-04
        8  9.811310e-05
        9 -7.560532e-05
       10 -7.397210e-05
       11 -7.570787e-05
       12  1.696729e-04
       13  1.709704e-04
       14  2.064903e-04
       15 -1.275523e-06
       16 -4.743387e-05
       17 -2.096071e-04
       18 -1.512376e-04
       19 -1.777124e-04
       20 -5.751251e-05
       21 -1.620291e-04
       22  1.331030e-04
       23  5.021775e-05
       24  1.286615e-04
       25 -1.785437e-04
       26 -9.792203e-05
       27 -9.134090e-05
       28 -2.931938e-06
       29  4.021497e-06
       30  6.276546e-06
       31 -6.875334e-05
       32 -7.713029e-05
       33 -6.970320e-05
       34 -4.208206e-06
       35  7.535704e-06
       36  3.050966e-06
       37  9.308692e-05
       38  1.094574e-04
       39  1.750447e-04
       40  7.806950e-05
       41  3.164401e-05
       42 -2.586577e-05
       43  1.093756e-04
       44  4.221960e-04
       45  4.122464e-04
       46  3.108720e-04
       47 -1.045623e-04
       48 -1.056348e-04
       49 -1.366442e-04
       50 -7.076412e-06
       51 -8.663403e-06
       52 -1.187354e-05
       53 -8.463262e-06
       54 -6.642624e-06
       55 -4.392765e-05
       56 -6.900053e-05
       57 -1.029049e-04
       58 -1.035180e-04
       59 -4.678787e-05
       60 -6.467290e-05
       61 -4.090154e-05
       62 -7.270611e-05
       63 -2.222179e-05
       64  5.273876e-06
       65  4.954882e-05
       66  2.364196e-04
       67  2.345685e-04
       68  2.116294e-04
       69 -1.607925e-04
       70 -1.642046e-04
       71 -1.716523e-04
       72  3.267239e-05
       73  9.302054e-07
       74  1.211772e-04
       75  2.100465e-04
       76  1.019902e-04
       77 -2.806774e-05
       78 -2.131651e-04
       79 -7.473135e-05
       80 -1.759976e-04
       81 -1.191856e-04
       82 -1.195658e-04
       83 -4.700806e-05
       84 -1.842792e-05
       85  4.284863e-05
       86  6.025151e-05
       87  8.243175e-05
       88  5.896367e-05
       89  2.163465e-05
       90  5.403372e-05
       91  1.704124e-05
       92  4.198427e-05
       93 -2.048453e-05
       94 -8.267142e-06
       95  4.922536e-05
       96  8.284351e-05
       97  5.725289e-04
       98  6.044093e-04
       99  5.533162e-04
      100 -4.152959e-04
      101 -3.224910e-04
      102 -4.004394e-04
      103 -1.143896e-04
      104 -5.504223e-04
      105 -4.518232e-04
      106 -1.545155e-04
      107  1.192760e-04
      108  1.503403e-04
      109  2.290608e-05
      110  3.861927e-05
      111  5.824354e-06
      112 -1.253837e-04
      113 -5.867508e-05
      114 -1.963748e-04
      115 -8.886470e-05
      116 -1.686109e-04
      117  5.299045e-05
      118 -7.545280e-05
      119 -1.096463e-04
      120 -1.943048e-04
      121  2.866951e-05
      122  1.608332e-04
      123  1.169508e-04
      124  1.091823e-04
      125 -1.374451e-04
      126 -9.275120e-05
      127 -4.279032e-05
      128  8.926316e-05
      129  6.012225e-05
      130 -6.910080e-05
      131 -3.104936e-05
      132 -1.089946e-05
      133  1.309291e-05
      134 -1.118304e-05
      135 -1.611613e-05
      136 -3.294885e-04
      137 -3.320611e-04
      138 -2.013954e-04
      139  2.181457e-04
      140  1.172536e-04
      141  1.216927e-04
      142 -2.122836e-05
      143  1.859860e-04
      144  6.620371e-05
      145  1.024510e-04
      146 -5.587365e-05
      147 -9.356186e-05
      148  1.190480e-04
      149  1.597379e-04
      150  1.932776e-04
      151 -1.176076e-05
      152 -8.986835e-05
      153 -9.749761e-05
      154 -1.015781e-04
      155 -6.934819e-06
      156  5.794484e-05
      157  0.000000e+00
      158  0.000000e+00
      159  0.000000e+00