pos          info
        0 -1.800204e-08
        1 -1.631214e-04
        2 -3.282608e-04
        3 -1.941622e-08
        4 -7.521073e-05
        5 -2.662435e-05
        6 -3.177156e-05
        7  5.857581e-05
        8 -7.840288e-06
        9 -6.112412e-05
       10 -4.742319e-06
       11 -6.769629e-06
       12  4.606163e-07
       13  4.407398e-06
       14 -2.489161e-04
       15 -6.308917e-05
       16 -9.890080e-05
       17 -1.152005e-04
       18 -1.294315e-04
       19 -4.549553e-04
       20 -1.439673e-04
       21 -2.680769e-05
       22 -1.873789e-05
       23 -7.329968e-05
       24 -7.547185e-05
       25 -2.507716e-05
       26 -1.240733e-05
       27 -5.160356e-05
       28  5.563632e-06
       29  2.343569e-05
       30  3.706922e-04
       31 -1.632210e-05
       32 -1.311124e-06
       33 -2.538431e-05
       34 -1.250946e-05
       35 -6.469969e-05
       36 -4.559654e-05
       37 -1.637291e-05
       38 -1.481767e-05
       39 -2.591509e-05
       40 -6.785184e-06
       41 -2.790951e-07
       42 -5.107813e-05
       43  1.218317e-04
       44  1.250513e-04
       45  7.789236e-04
       46 -3.479809e-04
       47 -1.336911e-06
       48 -1.193189e-05
       49 -4.302278e-04
       50 -1.562066e-04
       51 -1.028792e-04
       52 -5.549245e-05
       53 -4.158089e-04
       54 -5.696540e-05
       55 -6.347951e-04
       56  6.245688e-08
       57 -1.636477e-04
       58 -1.413386e-04
       59 -8.903791e-05
       60 -2.652935e-05
       61 -4.123539e-05
       62 -3.179491e-04
       63 -8.828259e-05
       64 -1.607356e-06
       65 -7.652411e-04
       66  5.807923e-05
       67  2.992626e-04
       68  5.918391e-04
       69 -3.664889e-04
       70 -1.595091e-04
       71 -1.102669e-03
       72 -1.421843e-03
       73 -3.517833e-04
       74 -3.857463e-05
       75 -1.447100e-03
       76 -3.222854e-05
       77 -2.519162e-03
       78 -1.870808e-03
       79 -1.399417e-05
       80 -1.223615e-03
       81 -3.149353e-06
       82 -4.077750e-05
       83 -2.490642e-04
       84  5.492358e-04
       85  6.067644e-05
       86  6.491824e-05
       87  2.965496e-04
       88  3.824157e-04
       89 -4.425370e-05
       90 -4.364300e-07
       91 -2.102442e-04
       92 -3.788797e-05
       93 -8.551207e-06
       94  3.395412e-05
       95  4.865069e-04
       96  5.596333e-04
       97 -4.721622e-07
       98 -2.306849e-04
       99 -3.623520e-04
      100 -1.697080e-05
      101 -1.470059e-03
      102 -2.916721e-03
      103 -1.525278e-03
      104 -2.482703e-03
      105 -1.452414e-03
      106 -6.375470e-04
      107 -2.631721e-07
      108  2.373218e-06
      109 -1.189220e-04
      110 -7.595716e-05
      111 -4.241471e-05
      112 -7.936738e-05
      113 -2.466596e-04
      114  1.501834e-04
      115  6.526266e-04
      116 -8.591072e-06
      117 -1.030553e-04
      118 -7.360320e-05
      119 -2.700934e-04
      120 -4.206872e-05
      121  7.616477e-08
      122 -6.209696e-05
      123 -7.883467e-06
      124 -4.660139e-06
      125 -1.397218e-04
      126 -1.760502e-05
      127  2.473319e-09
      128  2.493763e-04
      129  6.937724e-05
      130 -2.365553e-04
      131  9.064829e-07
      132 -5.737875e-07
      133 -4.106880e-04
      134 -1.139178e-05
      135 -1.156178e-03
      136 -1.723913e-04
      137 -3.837202e-05
      138 -3.394712e-04
      139 -8.828663e-05
      140 -7.028041e-06
      141  2.400121e-05
      142 -1.271724e-05
      143  7.259933e-05
      144 -2.233657e-04
      145 -7.002711e-07
      146 -1.007527e-04
      147 -3.354175e-04
      148 -6.890901e-07
      149 -3.897765e-05
      150  2.003923e-06
      151  1.784719e-06
      152  4.199388e-04
      153 -7.971525e-05
      154 -5.001942e-05
      155 -1.037537e-04
      156 -6.426987e-05
      157 -1.441139e-04
      158 -1.866549e-04
      159 -4.483328e-06