pos      val_A      val_C      val_G      val_T
   0   0.011233  -0.027033   0.012027   0.003772
   1  -0.016977   0.016267  -0.010795   0.011504
   2   0.015848   0.017687   0.007004  -0.040539
   3   0.014757  -0.031944   0.031829  -0.014642
   4   0.009661  -0.023691   0.013180   0.000850
   5   0.004278   0.000635  -0.010994   0.006081
   6  -0.038963  -0.001730   0.021304   0.019389
   7  -0.013517   0.013772  -0.001857   0.001603
   8   0.004795   0.015244  -0.024564   0.004525
   9   0.000449   0.003796   0.018065  -0.022311
  10   0.022410  -0.003597   0.004351  -0.023164
  11  -0.028278   0.018344   0.005072   0.004862
  12  -0.027848  -0.007029   0.051730  -0.016854
  13  -0.032449   0.019005   0.007421   0.006022
  14   0.025504  -0.011073   0.010209  -0.024640
  15  -0.025685   0.014718   0.000098   0.010868
  16  -0.006486   0.000164   0.000009   0.006313
  17  -0.006231   0.020386  -0.009838  -0.004317
  18   0.011279   0.047095  -0.022859  -0.035515
  19  -0.025683   0.027373  -0.023865   0.022175
  20  -0.007155  -0.019528   0.031837  -0.005154
  21   0.015899  -0.021119  -0.021983   0.027203
  22   0.010718  -0.021901   0.008335   0.002847
  23   0.000238   0.021739  -0.020151  -0.001825
  24   0.012401   0.010845  -0.029080   0.005835
  25  -0.024336   0.017729   0.013361  -0.006755
  26   0.007304  -0.038577  -0.000014   0.031287
  27   0.000420  -0.001400   0.023875  -0.022894
  28  -0.011437   0.020015  -0.026204   0.017626
  29   0.021739  -0.003448  -0.042092   0.023802
  30  -0.002157   0.045833  -0.032373  -0.011303
  31  -0.001139   0.006973   0.006981  -0.012815
  32   0.000672   0.041285  -0.007380  -0.034577
  33  -0.012359  -0.020932  -0.002719   0.036010
  34  -0.020121   0.001515   0.012771   0.005835
  35  -0.010445  -0.001980   0.030064  -0.017639
  36  -0.011487   0.004990   0.001003   0.005494
  37   0.021606   0.013193  -0.035162   0.000363
  38   0.022587  -0.003439  -0.009661  -0.009487
  39   0.033521  -0.003748  -0.025780  -0.003994
  40   0.000518   0.024157   0.039639  -0.064314
  41  -0.029327  -0.018625   0.031706   0.016246
  42  -0.031097   0.021163   0.039438  -0.029503
  43   0.019488  -0.029410   0.010217  -0.000295
  44   0.031891  -0.009389  -0.006758  -0.015744
  45  -0.042504   0.015627  -0.008603   0.035479
  46  -0.001594   0.006717   0.016999  -0.022122
  47   0.006419  -0.013263  -0.000406   0.007249
  48  -0.022547   0.012451  -0.005569   0.015665
  49   0.024809   0.010314  -0.014671  -0.020452
  50   0.004047  -0.008438   0.009540  -0.005149
  51  -0.006586  -0.005087   0.005352   0.006321
  52   0.012449   0.004130   0.004263  -0.020841
  53   0.033300  -0.021713  -0.002937  -0.008649
  54   0.002271   0.017596   0.025286  -0.045153
  55  -0.001397   0.001660  -0.001116   0.000853
  56   0.005591  -0.004857   0.012208  -0.012942
  57  -0.024967   0.010334   0.007451   0.007183
  58  -0.053820   0.009289   0.030545   0.013986
  59   0.029376  -0.031631  -0.010963   0.013218
  60  -0.014853  -0.009888   0.016136   0.008606
  61  -0.027985   0.024430  -0.000796   0.004351
  62  -0.053715   0.033268  -0.024213   0.044661
  63  -0.037265   0.005264   0.025162   0.006839
  64   0.002671   0.029650  -0.023880  -0.008441
  65  -0.033337   0.040810   0.007527  -0.015000
  66   0.035382  -0.013181   0.015584  -0.037785
  67  -0.028060   0.040197   0.011948  -0.024086
  68  -0.002648  -0.013144   0.021291  -0.005499
  69  -0.022104   0.009937   0.009105   0.003062
  70   0.003491   0.041187  -0.022808  -0.021870
  71  -0.041436   0.018734   0.031057  -0.008355
  72  -0.056235   0.008138   0.033433   0.014664
  73   0.005829  -0.003922   0.007154  -0.009061
  74  -0.002024   0.009689   0.002413  -0.010078
  75   0.014834   0.023718   0.011540  -0.050091
  76  -0.014021   0.007650   0.013754  -0.007383
  77   0.087926  -0.082472  -0.018633   0.013179
  78   0.017061   0.054601   0.013455  -0.085118
  79   0.023495   0.046548  -0.016833  -0.053210
  80   0.018812   0.036673  -0.069131   0.013647
  81  -0.021278   0.007658   0.026670  -0.013050
  82  -0.017960  -0.023438   0.035045   0.006353
  83  -0.070437   0.024616   0.047533  -0.001712
  84  -0.021400   0.057862  -0.000474  -0.035988
  85  -0.010097   0.046329  -0.006308  -0.029924
  86  -0.001759   0.016751   0.035161  -0.050153
  87   0.033032   0.022643  -0.016918  -0.038758
  88   0.009753   0.016740  -0.004725  -0.021767
  89   0.029971  -0.015927   0.005895  -0.019940
  90   0.006779  -0.002929   0.034742  -0.038592
  91  -0.014878  -0.006135   0.009579   0.011435
  92   0.021553   0.027816  -0.020757  -0.028613
  93   0.012370  -0.010084   0.009438  -0.011724
  94  -0.018239   0.045827   0.019780  -0.047368
  95  -0.026080   0.018569   0.023133  -0.015622
  96   0.027446   0.037950   0.003739  -0.069135
  97   0.028935  -0.010120  -0.009172  -0.009643
  98  -0.009129   0.021043  -0.017318   0.005404
  99   0.021514   0.067296  -0.081198  -0.007612
 100  -0.014582  -0.016696  -0.006806   0.038084
 101   0.026955   0.005247  -0.009396  -0.022806
 102  -0.089640   0.049767  -0.002452   0.042325
 103  -0.005620   0.011701   0.067548  -0.073629
 104  -0.105403   0.034602   0.026094   0.044707
 105  -0.043701  -0.009522   0.029317   0.023906
 106   0.011208   0.042452   0.004190  -0.057850
 107  -0.063602   0.025925   0.017444   0.020234
 108  -0.000787  -0.008871   0.013640  -0.003982
 109  -0.012037   0.012097  -0.017420   0.017360
 110  -0.039360   0.031736   0.018542  -0.010918
 111  -0.015273   0.032977   0.019839  -0.037543
 112   0.000454   0.016935  -0.026629   0.009240
 113   0.004217   0.001112  -0.002745  -0.002584
 114  -0.059267   0.013498  -0.022393   0.068161
 115   0.001880   0.018593  -0.015752  -0.004722
 116   0.014195  -0.023166  -0.024460   0.033431
 117  -0.031824   0.008048   0.030881  -0.007106
 118   0.019894  -0.010879  -0.013284   0.004270
 119   0.004773   0.027298  -0.033381   0.001311
 120  -0.029827   0.066271  -0.004807  -0.031637
 121   0.006870   0.005637  -0.007968  -0.004540
 122   0.005269  -0.016690   0.010551   0.000870
 123   0.000775  -0.007311   0.011622  -0.005087
 124  -0.004294   0.047791  -0.002089  -0.041407
 125  -0.014758   0.011974  -0.012360   0.015144
 126   0.026172  -0.020659   0.025802  -0.031315
 127   0.006607   0.014852  -0.014177  -0.007282
 128  -0.057272   0.012307   0.026937   0.018028
 129  -0.018800   0.039331  -0.020827   0.000297
 130  -0.030750   0.004462   0.010615   0.015674
 131  -0.013800   0.002666   0.014096  -0.002962
 132  -0.015034  -0.016298   0.036818  -0.005487
 133  -0.023731   0.043895  -0.019524  -0.000640
 134   0.030312   0.004815  -0.009707  -0.025419
 135  -0.008039   0.038412  -0.013644  -0.016729
 136   0.004412  -0.001017  -0.024024   0.020628
 137   0.014068   0.019567  -0.018151  -0.015483
 138  -0.051116  -0.008938   0.023997   0.036056
 139   0.001725  -0.000607  -0.000700  -0.000418
 140   0.000233   0.043323  -0.014379  -0.029178
 141   0.032573   0.002062  -0.025354  -0.009281
 142  -0.001857   0.034308  -0.014304  -0.018147
 143  -0.054660   0.022439   0.033450  -0.001229
 144   0.010400  -0.013255  -0.017509   0.020365
 145   0.028469   0.009807  -0.029905  -0.008372
 146  -0.033144   0.000623  -0.006552   0.039073
 147  -0.014197   0.064773  -0.020461  -0.030115
 148  -0.003770   0.002528  -0.018677   0.019918
 149   0.017403   0.011179  -0.028217  -0.000365
 150  -0.007044  -0.000165   0.018853  -0.011643
 151   0.004358   0.007076  -0.030687   0.019253
 152  -0.039823  -0.005401  -0.004912   0.050136
 153   0.014240   0.003305  -0.018553   0.001008
 154  -0.011027   0.020187  -0.033339   0.024180
 155  -0.015557   0.011402  -0.025089   0.029243
 156  -0.044500   0.017480   0.027705  -0.000684
 157  -0.035348   0.012585   0.006682   0.016081
 158   0.038247   0.052989  -0.022422  -0.068815
 159   0.008679   0.032479  -0.017881  -0.023277
 160  -0.011394   0.014399  -0.031753   0.028749
 161   0.010210   0.024298  -0.018639  -0.015869
 162   0.026187  -0.002869  -0.040159   0.016841
 163  -0.001092   0.046624  -0.043281  -0.002251
 164  -0.015698   0.007332   0.016429  -0.008063
 165  -0.000349   0.002389  -0.011032   0.008992
 166  -0.007669   0.023999  -0.025378   0.009048
 167   0.046673  -0.002426  -0.026428  -0.017819
 168   0.004922   0.025498  -0.020752  -0.009668
 169   0.017645   0.014925  -0.025044  -0.007526
 170  -0.016690  -0.006866   0.005472   0.018084
 171  -0.007198  -0.002794   0.003519   0.006473
 172  -0.044639   0.000484   0.027929   0.016226
 173  -0.041699   0.003181   0.030390   0.008128
 174  -0.000950  -0.016442   0.010906   0.006486
 175  -0.008590   0.001044   0.024206  -0.016659
 176  -0.005899   0.014421  -0.001407  -0.007114
 177  -0.002374   0.012403   0.019802  -0.029831
 178  -0.027863   0.028858   0.061624  -0.062619
 179  -0.045565  -0.006958   0.037495   0.015028
