pos          info
        0 -5.958265e-05
        1 -2.856872e-05
        2 -1.026759e-04
        3 -1.053592e-04
        4 -1.037155e-05
        5  4.190706e-05
        6  4.301827e-05
        7  4.552286e-05
        8  5.578347e-05
        9  5.584508e-05
       10  2.032076e-05
       11  1.691458e-06
       12  1.532815e-06
       13  1.792144e-06
       14  1.304440e-05
       15  1.294643e-05
       16 -6.200546e-05
       17  1.713819e-05
       18  3.492352e-05
       19  1.093177e-04
       20 -2.410868e-05
       21 -4.195767e-05
       22  1.263029e-04
       23  1.647180e-04
       24  2.718111e-04
       25  1.003047e-04
       26  4.696530e-05
       27 -1.983760e-04
       28 -6.535623e-05
       29 -5.970364e-05
       30  1.345663e-04
       31  2.259276e-05
       32  8.080911e-05
       33  1.774953e-05
       34 -2.229685e-04
       35 -2.732122e-04
       36 -2.724911e-04
       37 -6.987920e-05
       38 -9.155597e-05
       39 -7.017225e-05
       40 -1.067753e-04
       41 -4.210366e-05
       42 -5.927033e-05
       43  8.392062e-05
       44  1.401228e-04
       45 -1.109973e-04
       46 -1.163701e-04
       47 -1.546298e-04
       48 -4.290910e-05
       49 -1.196575e-04
       50 -2.223002e-04
       51  4.536131e-05
       52  1.191808e-04
       53  2.039325e-04
       54  1.080043e-04
       55  3.333523e-05
       56 -9.160153e-05
       57 -4.193796e-04
       58 -5.013151e-04
       59 -3.699456e-04
       60 -7.266522e-05
       61 -1.184695e-05
       62 -1.314099e-05
       63  1.983637e-05
       64  4.948052e-05
       65  4.536609e-05
       66  1.980204e-05
       67  7.601671e-06
       68  8.945887e-05
       69  8.551932e-05
       70  4.381859e-04
       71  2.891246e-04
       72  2.397840e-04
       73 -1.081216e-04
       74 -1.044230e-05
       75  5.406829e-05
       76 -2.154537e-04
       77 -3.128684e-04
       78 -2.986050e-04
       79 -8.442459e-05
       80 -7.698535e-05
       81 -7.739888e-05
       82 -6.797815e-05
       83  2.273579e-05
       84  6.035789e-05
       85  1.652161e-04
       86  2.789534e-05
       87  1.334172e-05
       88 -5.458604e-05
       89  9.938884e-05
       90 -1.007331e-05
       91 -5.033854e-05
       92 -8.326997e-05
       93 -7.683207e-06
       94  1.314102e-05
       95 -1.512578e-04
       96 -1.979252e-04
       97  6.598105e-05
       98  1.939760e-04
       99  1.240987e-04
      100  2.141252e-05
      101  2.481262e-04
      102  3.433046e-04
      103  2.352108e-04
      104  4.506457e-05
      105  1.168638e-04
      106  8.877040e-05
      107 -1.113678e-05
      108 -6.116256e-05
      109 -7.688497e-05
      110  6.810746e-06
      111 -8.810709e-06
      112  1.228789e-05
      113  6.493438e-05
      114  6.292570e-05
      115 -4.243233e-06
      116 -5.452809e-05
      117 -5.831777e-05
      118 -1.020890e-04
      119 -1.004384e-04
      120 -7.412572e-05
      121  2.048258e-04
      122  2.005680e-04
      123  1.591530e-04
      124  6.377429e-05
      125  5.969317e-05
      126  6.707051e-05
      127  6.199790e-07
      128  2.725668e-05
      129  3.862027e-05
      130  6.299842e-05
      131  1.713562e-05
      132  1.170060e-04
      133  2.142541e-04
      134  2.418202e-04
      135  1.290002e-04
      136  4.397549e-05
      137  8.586902e-05
      138  1.145493e-04
      139  1.084387e-04
      140  4.750680e-05
      141  1.302845e-04
      142  1.177680e-04
      143  1.583785e-04
      144  5.783585e-05
      145  5.959945e-05
      146  7.194083e-05
      147  5.803727e-05
      148  5.148987e-05
      149  2.670370e-04
      150  2.797026e-04
      151  2.247941e-04
      152  2.940554e-05
      153  1.640544e-04
      154  1.997083e-04
      155  3.047549e-04
      156  1.660516e-04
      157  0.000000e+00
      158  0.000000e+00
      159  0.000000e+00