pos      val_A      val_C      val_G      val_T
   0   0.021428   0.008325  -0.028726  -0.001027
   1   0.014189  -0.017567  -0.027438   0.030816
   2  -0.025222   0.001695   0.029987  -0.006459
   3   0.011609  -0.023367   0.000249   0.011509
   4  -0.002456   0.013065  -0.014171   0.003562
   5   0.040182  -0.028727  -0.038165   0.026710
   6   0.026640  -0.009743   0.004901  -0.021799
   7  -0.001729  -0.018382   0.001768   0.018344
   8  -0.001341  -0.026363   0.017130   0.010574
   9  -0.011371   0.009738  -0.011056   0.012689
  10   0.001804   0.016562  -0.028211   0.009845
  11  -0.015601   0.020410   0.000850  -0.005658
  12   0.005709  -0.007951  -0.004031   0.006272
  13   0.008994  -0.006688  -0.013416   0.011110
  14  -0.014781   0.002371  -0.003529   0.015939
  15   0.025140  -0.004931  -0.026879   0.006670
  16  -0.000246  -0.010173   0.012109  -0.001690
  17  -0.002737   0.020556   0.016241  -0.034060
  18   0.037447  -0.034100   0.015471  -0.018817
  19  -0.011578  -0.001971   0.011204   0.002345
  20  -0.027890   0.002535   0.009339   0.016016
  21  -0.009265  -0.003118  -0.025882   0.038265
  22   0.022266   0.013185  -0.018118  -0.017332
  23   0.005386  -0.031497   0.004486   0.021625
  24  -0.024416  -0.025213   0.028217   0.021413
  25   0.012957  -0.005706   0.013118  -0.020369
  26  -0.041568   0.011656   0.024093   0.005818
  27   0.024758  -0.033309   0.008067   0.000484
  28   0.020599  -0.025079   0.027838  -0.023357
  29   0.028507  -0.042604   0.018657  -0.004560
  30  -0.024323  -0.007532   0.027924   0.003931
  31   0.010787  -0.014538  -0.015152   0.018903
  32   0.007748   0.006456  -0.024424   0.010220
  33  -0.006311   0.031406   0.005193  -0.030287
  34  -0.013370  -0.003858  -0.019160   0.036389
  35  -0.022663   0.037248   0.017268  -0.031852
  36  -0.034460  -0.039799   0.029175   0.045084
  37  -0.018357   0.038431  -0.022338   0.002264
  38   0.026016   0.000690  -0.010947  -0.015759
  39   0.002880  -0.005542   0.008360  -0.005698
  40   0.003084  -0.013218  -0.043520   0.053654
  41   0.000716  -0.009188   0.010199  -0.001728
  42  -0.006135  -0.011961   0.012515   0.005581
  43  -0.003873  -0.016315   0.014116   0.006071
  44  -0.006471   0.010614  -0.012788   0.008645
  45  -0.007491   0.015131  -0.015249   0.007609
  46   0.008388   0.025784   0.017766  -0.051939
  47  -0.006967   0.035558  -0.002925  -0.025667
  48  -0.008993   0.001396  -0.020204   0.027801
  49   0.014729  -0.021984   0.000412   0.006842
  50   0.030958  -0.007030  -0.027040   0.003112
  51  -0.014082   0.008537  -0.006556   0.012101
  52  -0.016452   0.010163   0.002046   0.004243
  53   0.031893  -0.011900  -0.015968  -0.004025
  54   0.017004  -0.024928   0.017635  -0.009711
  55   0.016116   0.006126  -0.015588  -0.006654
  56   0.009674   0.011942  -0.011438  -0.010178
  57   0.008007   0.006592  -0.006219  -0.008380
  58  -0.016626  -0.006539  -0.018806   0.041970
  59   0.008496  -0.027870   0.028855  -0.009481
  60  -0.009456   0.032876   0.017718  -0.041139
  61  -0.012687  -0.006549   0.019633  -0.000397
  62  -0.009441   0.016439   0.017499  -0.024497
  63   0.000924   0.015925   0.004264  -0.021112
  64   0.009577  -0.000099  -0.020017   0.010539
  65   0.030307   0.030704  -0.039763  -0.021248
  66  -0.003930   0.010876  -0.002434  -0.004513
  67   0.022795   0.014252  -0.024446  -0.012601
  68  -0.017717  -0.005493   0.019581   0.003629
  69   0.016057   0.003712   0.034036  -0.053805
  70  -0.031719   0.040090   0.006535  -0.014906
  71   0.005683   0.004619  -0.021886   0.011583
  72  -0.039371   0.040754   0.001706  -0.003090
  73   0.020231   0.014991  -0.005455  -0.029766
  74  -0.011458   0.014402   0.014546  -0.017490
  75   0.004309  -0.031150   0.017062   0.009779
  76   0.028379   0.009702  -0.034767  -0.003314
  77   0.022166  -0.000307  -0.020398  -0.001461
  78   0.045833  -0.000302  -0.023414  -0.022116
  79  -0.021468  -0.001945  -0.002077   0.025489
  80  -0.008530   0.004219   0.003607   0.000704
  81  -0.025915   0.023100   0.003120  -0.000305
  82  -0.004398  -0.008038   0.023100  -0.010664
  83  -0.010152   0.025764   0.025095  -0.040707
  84   0.002600  -0.018222   0.010010   0.005612
  85   0.021504   0.006123   0.000115  -0.027742
  86   0.019715   0.015931  -0.016670  -0.018976
  87   0.006388   0.018631  -0.017627  -0.007393
  88  -0.024368   0.022953   0.023577  -0.022162
  89   0.018717  -0.017491  -0.014471   0.013245
  90  -0.014285   0.005012  -0.012739   0.022012
  91   0.004310   0.025760   0.003024  -0.033093
  92  -0.014379   0.040162   0.015367  -0.041149
  93   0.008526  -0.027065   0.002317   0.016222
  94  -0.002219   0.018438  -0.003504  -0.012715
  95  -0.010039  -0.003559   0.034859  -0.021261
  96  -0.003676  -0.003459   0.017244  -0.010109
  97   0.030213  -0.005806  -0.021444  -0.002963
  98  -0.032725   0.020935   0.010931   0.000860
  99   0.023686  -0.071457   0.015937   0.031833
 100  -0.005660  -0.001494  -0.000374   0.007528
 101  -0.000969   0.028487  -0.021960  -0.005558
 102  -0.034070   0.041429  -0.014908   0.007549
 103   0.009385  -0.023136   0.012639   0.001111
 104   0.003603   0.021646  -0.003972  -0.021277
 105  -0.033878   0.013396   0.029035  -0.008553
 106   0.020054  -0.024932  -0.001525   0.006403
 107  -0.033649   0.036653  -0.012280   0.009276
 108   0.017253  -0.026409   0.014332  -0.005176
 109   0.027696   0.023925   0.016157  -0.067778
 110   0.000446  -0.015439   0.004004   0.010990
 111  -0.025590   0.006720   0.016336   0.002535
 112   0.038485   0.007941   0.005637  -0.052062
 113   0.017794  -0.031462   0.010058   0.003611
 114  -0.022356   0.019905   0.025946  -0.023495
 115   0.005195   0.005883   0.012282  -0.023361
 116  -0.017453   0.033786  -0.009612  -0.006721
 117  -0.016144   0.005669   0.005106   0.005370
 118  -0.017716   0.008426  -0.006770   0.016060
 119   0.012834   0.013966  -0.028819   0.002019
 120   0.044123  -0.001227  -0.023417  -0.019478
 121  -0.000334   0.008392  -0.002194  -0.005865
 122   0.012337   0.009336   0.017866  -0.039539
 123  -0.033029  -0.026401   0.037277   0.022152
 124   0.015404  -0.009072   0.026336  -0.032667
 125  -0.001891   0.012456   0.009985  -0.020549
 126  -0.020750  -0.009513   0.017754   0.012509
 127  -0.003313   0.008544  -0.016548   0.011317
 128  -0.001224  -0.006320  -0.018299   0.025844
 129   0.019902  -0.011691  -0.014343   0.006132
 130  -0.011859   0.005218  -0.003435   0.010076
 131  -0.010955   0.004967  -0.016068   0.022057
 132  -0.003234   0.000308  -0.015987   0.018913
 133   0.009153  -0.013103   0.016654  -0.012704
 134  -0.013529   0.004552   0.012986  -0.004009
 135  -0.016089   0.008847   0.002015   0.005228
 136  -0.013289   0.008111   0.018381  -0.013203
 137   0.006189  -0.024317   0.026898  -0.008770
 138  -0.005871  -0.009559   0.003603   0.011826
 139   0.025120  -0.020003  -0.006647   0.001530
 140   0.002629   0.033329  -0.019911  -0.016047
 141  -0.007822   0.027348   0.018480  -0.038006
 142  -0.045940   0.007846  -0.000105   0.038198
 143   0.000973   0.010025  -0.016345   0.005348
 144  -0.006787  -0.014685   0.018095   0.003378
 145   0.042975  -0.015808  -0.026057  -0.001109
 146   0.037041  -0.007692  -0.010356  -0.018993
 147   0.033809   0.005336  -0.001468  -0.037677
 148   0.001982  -0.036401   0.046506  -0.012087
 149   0.008242   0.021719   0.009514  -0.039474
 150  -0.019481   0.019839  -0.024551   0.024193
 151   0.021048  -0.040735   0.010077   0.009610
 152   0.004071   0.006823  -0.016357   0.005464
 153  -0.018663   0.019395  -0.010717   0.009985
 154  -0.008496   0.019771  -0.024115   0.012839
 155   0.005641   0.018710  -0.027946   0.003595
 156  -0.003841  -0.006685  -0.023760   0.034287
 157   0.034734   0.018644  -0.020534  -0.032845
 158   0.000414   0.005422   0.001034  -0.006871
 159  -0.006635   0.016510  -0.007019  -0.002856
 160   0.006018   0.014155   0.018961  -0.039134
 161  -0.024948  -0.018129   0.037004   0.006073
 162  -0.007520   0.019070  -0.006038  -0.005513
 163  -0.003140   0.000568   0.006097  -0.003525
 164  -0.035456   0.017174   0.001787   0.016495
 165   0.021300   0.017497   0.002320  -0.041116
 166   0.014459  -0.007344  -0.005542  -0.001572
 167   0.001536  -0.004094   0.024105  -0.021548
 168  -0.029123  -0.000172   0.005914   0.023381
 169  -0.018504  -0.021405   0.012705   0.027204
 170  -0.019280  -0.012233   0.012820   0.018694
 171   0.019620  -0.009324   0.016203  -0.026499
 172  -0.017860   0.019009  -0.007609   0.006460
 173  -0.024864   0.029201   0.014380  -0.018716
 174  -0.039678   0.017588   0.037643  -0.015553
 175  -0.016119  -0.009654   0.024222   0.001551
 176  -0.014996   0.012445   0.016494  -0.013943
 177  -0.012858  -0.001932   0.038160  -0.023371
 178  -0.013129   0.003403   0.031182  -0.021456
 179  -0.005702  -0.011444   0.052182  -0.035036
