pos      val_A      val_C      val_G      val_T
   0  -0.011106   0.039136  -0.009417  -0.018612
   1   0.015531  -0.020487  -0.003744   0.008699
   2   0.018811  -0.019090  -0.008417   0.008696
   3   0.020164   0.026784  -0.026560  -0.020389
   4  -0.024297   0.038986  -0.000776  -0.013912
   5   0.013657   0.000747  -0.010170  -0.004234
   6   0.017087   0.008557  -0.039061   0.013417
   7  -0.024173   0.004144   0.026171  -0.006142
   8  -0.023534   0.011923   0.017796  -0.006186
   9   0.010004  -0.041775  -0.003533   0.035304
  10  -0.019424   0.011118  -0.004727   0.013032
  11  -0.000224   0.020948   0.001033  -0.021757
  12   0.001095  -0.036223   0.022812   0.012316
  13   0.004907  -0.020253   0.000188   0.015159
  14   0.022943  -0.014982   0.012681  -0.020642
  15   0.001297  -0.041118   0.010068   0.029753
  16  -0.023799   0.034722  -0.006043  -0.004880
  17  -0.008983   0.036142   0.012593  -0.039752
  18   0.000739  -0.030287   0.013789   0.015760
  19  -0.007140  -0.029158   0.014884   0.021413
  20   0.006041  -0.020744   0.005416   0.009287
  21   0.057259  -0.003198  -0.044542  -0.009519
  22   0.016802  -0.013345  -0.032786   0.029329
  23   0.011316  -0.010056  -0.015004   0.013744
  24   0.003261  -0.008995   0.021201  -0.015467
  25  -0.006339  -0.012925  -0.000980   0.020244
  26  -0.029920   0.014211  -0.012538   0.028247
  27  -0.012647  -0.021445   0.038650  -0.004558
  28  -0.015924   0.010295  -0.020826   0.026456
  29  -0.031789   0.002064   0.046279  -0.016554
  30   0.047587  -0.001374  -0.036628  -0.009585
  31   0.011356  -0.029740   0.019914  -0.001530
  32   0.011782   0.007751   0.002495  -0.022028
  33   0.008184   0.017233  -0.017806  -0.007611
  34  -0.017865   0.007180   0.037372  -0.026687
  35   0.009733  -0.025435  -0.015842   0.031545
  36  -0.003783   0.065663   0.002254  -0.064133
  37  -0.037181  -0.026339   0.043998   0.019522
  38  -0.013243   0.002286   0.021879  -0.010921
  39   0.033540  -0.009974   0.011303  -0.034869
  40  -0.010209   0.035266  -0.053331   0.028274
  41   0.026848  -0.053976   0.013750   0.013378
  42  -0.017472  -0.020314   0.004780   0.033005
  43  -0.031306  -0.017688  -0.010014   0.059008
  44  -0.025501  -0.008511  -0.007281   0.041292
  45  -0.010338  -0.015649   0.027685  -0.001698
  46  -0.044683  -0.023406   0.027710   0.040379
  47  -0.026919   0.001335   0.046550  -0.020966
  48  -0.033871  -0.022176  -0.023555   0.079602
  49   0.029844   0.000530  -0.051473   0.021099
  50   0.033168  -0.019571  -0.021603   0.008006
  51   0.014888  -0.038356   0.006441   0.017027
  52   0.012657  -0.013477  -0.033034   0.033854
  53  -0.011804  -0.022131  -0.027520   0.061455
  54  -0.026732   0.061373  -0.015844  -0.018797
  55  -0.009281  -0.027970   0.032824   0.004427
  56  -0.008546   0.026159  -0.006324  -0.011290
  57   0.033528  -0.018330  -0.004589  -0.010608
  58   0.036721  -0.005750   0.011837  -0.042807
  59  -0.014530  -0.016109   0.024181   0.006457
  60   0.022230  -0.004810  -0.004925  -0.012495
  61   0.019253  -0.017584   0.034305  -0.035974
  62  -0.010362   0.048152  -0.019564  -0.018226
  63   0.018734   0.009170  -0.032571   0.004667
  64  -0.001055  -0.035624   0.010069   0.026610
  65   0.001121  -0.013019  -0.011797   0.023695
  66   0.012717  -0.025707   0.044826  -0.031836
  67   0.020633  -0.042523  -0.006628   0.028519
  68   0.115829  -0.019337  -0.063777  -0.032716
  69   0.022172  -0.012780  -0.018915   0.009523
  70  -0.005807   0.006871  -0.003600   0.002536
  71   0.067702  -0.047902   0.004374  -0.024174
  72   0.030630  -0.012076  -0.004421  -0.014132
  73   0.014326  -0.004806  -0.026710   0.017189
  74   0.043063  -0.023461  -0.034668   0.015066
  75  -0.010756  -0.005606   0.005933   0.010429
  76   0.010919  -0.002934   0.010540  -0.018525
  77  -0.003823  -0.030128  -0.012650   0.046601
  78   0.049679   0.017085  -0.022376  -0.044388
  79   0.036767   0.000158   0.006347  -0.043272
  80  -0.024843  -0.042082   0.000396   0.066529
  81  -0.007860  -0.026479  -0.012823   0.047162
  82  -0.003343  -0.035890   0.078242  -0.039009
  83   0.042337  -0.026469  -0.028780   0.012912
  84  -0.018621   0.009285  -0.027489   0.036824
  85   0.026052  -0.041696   0.023957  -0.008313
  86  -0.002741  -0.013628   0.018556  -0.002187
  87   0.017309  -0.040670   0.021664   0.001697
  88  -0.026937   0.041573  -0.011025  -0.003611
  89   0.007056  -0.022285   0.025335  -0.010107
  90   0.018094  -0.013364   0.026179  -0.030909
  91   0.015861  -0.004459   0.016891  -0.028293
  92   0.006809   0.003111  -0.026647   0.016727
  93   0.012154  -0.011209  -0.010321   0.009376
  94   0.041619  -0.051869   0.031953  -0.021703
  95   0.027074  -0.021745   0.000900  -0.006229
  96   0.031818  -0.019981  -0.005871  -0.005967
  97   0.041738  -0.009318   0.001324  -0.033743
  98   0.048409  -0.012001  -0.002609  -0.033799
  99  -0.006242  -0.021474   0.048312  -0.020595
 100  -0.017971  -0.032374   0.033842   0.016503
 101  -0.043739   0.005891   0.023508   0.014341
 102  -0.040062   0.013469   0.000689   0.025903
 103  -0.022466   0.018897  -0.028986   0.032556
 104   0.005243  -0.009207  -0.027867   0.031831
 105   0.004809  -0.023299  -0.013758   0.032248
 106  -0.001320   0.021748   0.016470  -0.036898
 107   0.054189  -0.014704  -0.024747  -0.014738
 108  -0.001148   0.010999  -0.047238   0.037387
 109   0.003527   0.004644  -0.007047  -0.001124
 110   0.033363  -0.020001   0.000523  -0.013886
 111   0.009001   0.033923  -0.006890  -0.036034
 112   0.009057   0.016361  -0.036987   0.011569
 113   0.015224  -0.023629   0.008213   0.000191
 114  -0.011049   0.019375  -0.018948   0.010622
 115   0.002671  -0.013839  -0.000677   0.011846
 116  -0.008617  -0.014397   0.010370   0.012644
 117  -0.028586  -0.004321   0.011590   0.021317
 118   0.013060  -0.008488  -0.000896  -0.003676
 119   0.001198   0.060456   0.004170  -0.065824
 120   0.002415  -0.021462   0.011548   0.007499
 121  -0.002096   0.038327  -0.030216  -0.006016
 122   0.061446  -0.033415   0.002095  -0.030126
 123   0.000289  -0.001843   0.044823  -0.043270
 124  -0.001294   0.047066  -0.007708  -0.038064
 125   0.031837  -0.008659   0.002977  -0.026155
 126  -0.009302   0.009414   0.033841  -0.033953
 127   0.009273  -0.012985   0.001384   0.002329
 128  -0.039114   0.056421  -0.016574  -0.000733
 129  -0.012523   0.011759   0.003882  -0.003118
 130  -0.024389  -0.015075   0.037745   0.001719
 131  -0.019130   0.009884   0.009480  -0.000234
 132  -0.004079   0.018323  -0.000989  -0.013256
 133   0.004022  -0.004476  -0.005345   0.005798
 134   0.005881   0.005321   0.002921  -0.014123
 135  -0.002673  -0.020945   0.015917   0.007702
 136   0.043867  -0.010135   0.006403  -0.040135
 137   0.000739   0.007968   0.045240  -0.053947
 138   0.001072   0.031371  -0.015710  -0.016733
 139  -0.001225  -0.003257  -0.021798   0.026279
 140  -0.028058   0.012353   0.000944   0.014760
 141  -0.003775  -0.004855   0.008132   0.000498
 142   0.001515  -0.034346   0.036567  -0.003736
 143   0.013851   0.002146   0.006939  -0.022937
 144  -0.012309  -0.005162   0.011320   0.006151
 145   0.008619  -0.062478   0.024521   0.029337
 146  -0.003042  -0.044430   0.014754   0.032718
 147   0.016188  -0.016452   0.022584  -0.022320
 148  -0.049022   0.023719   0.020373   0.004929
 149  -0.001295  -0.015008   0.018630  -0.002327
 150  -0.015459  -0.027762   0.013261   0.029960
 151  -0.007762   0.008527  -0.014640   0.013876
 152  -0.021822  -0.025952   0.029514   0.018260
 153  -0.026798   0.022592  -0.003873   0.008078
 154  -0.019881  -0.014305   0.005754   0.028432
 155   0.048082  -0.028440  -0.037414   0.017772
 156   0.012535  -0.018700  -0.017419   0.023583
 157  -0.017204  -0.017852   0.009475   0.025581
 158  -0.019683  -0.009109  -0.001642   0.030434
 159   0.027104  -0.003211   0.000815  -0.024709
 160  -0.015160  -0.026744   0.061439  -0.019535
 161   0.009394  -0.018102   0.027076  -0.018368
 162  -0.000214   0.010258   0.023627  -0.033670
 163  -0.006567  -0.003648   0.018154  -0.007939
 164  -0.007178  -0.027905   0.030562   0.004521
 165  -0.008543   0.000436   0.026118  -0.018012
 166  -0.029999   0.029100   0.005117  -0.004218
 167   0.017781  -0.020014   0.009224  -0.006990
 168  -0.011639   0.014118   0.008484  -0.010963
 169  -0.009999  -0.004492   0.022763  -0.008272
 170   0.013378  -0.001435   0.008707  -0.020650
 171  -0.016148   0.002601   0.019274  -0.005726
 172   0.029871  -0.002890  -0.002806  -0.024174
 173   0.035577  -0.007566  -0.006900  -0.021111
 174   0.005681   0.009587  -0.007904  -0.007364
 175   0.015267  -0.005504   0.011639  -0.021402
 176   0.016583  -0.011741   0.000723  -0.005566
 177   0.028733  -0.002637  -0.016932  -0.009164
 178   0.019448   0.004697  -0.022230  -0.001915
 179   0.026901  -0.010305  -0.017711   0.001114
