pos      val_A      val_C      val_G      val_T
   0   0.013680  -0.029411   0.019298  -0.003567
   1  -0.035407   0.043786   0.006652  -0.015031
   2  -0.000296   0.003370   0.003362  -0.006436
   3  -0.031593  -0.022184   0.024190   0.029587
   4   0.021839   0.001227  -0.015761  -0.007304
   5  -0.038518   0.008203   0.030976  -0.000661
   6  -0.025226  -0.016227   0.019769   0.021684
   7   0.008965  -0.008545  -0.012709   0.012289
   8   0.013843   0.007306  -0.019555  -0.001594
   9   0.005730   0.022626  -0.001927  -0.026428
  10   0.034263  -0.010488   0.021696  -0.045471
  11  -0.015614   0.007610  -0.000157   0.008161
  12  -0.009063   0.012422  -0.013895   0.010536
  13  -0.004652  -0.000466  -0.006419   0.011537
  14   0.000416   0.005492   0.009575  -0.015483
  15  -0.005488   0.038792  -0.014006  -0.019297
  16   0.010473  -0.010525  -0.011208   0.011260
  17   0.031088  -0.032983  -0.012923   0.014819
  18   0.024440   0.026575  -0.006398  -0.044618
  19   0.015099   0.038650  -0.048411  -0.005337
  20   0.004210  -0.003359   0.019039  -0.019890
  21   0.002561  -0.021422   0.014591   0.004270
  22  -0.011489   0.014450   0.005141  -0.008103
  23   0.002674  -0.016453   0.002666   0.011113
  24  -0.001495  -0.001431  -0.046237   0.049164
  25  -0.003199   0.015611   0.008372  -0.020783
  26  -0.004623   0.020772  -0.005071  -0.011077
  27   0.017859   0.002141  -0.008116  -0.011885
  28   0.008011   0.030634   0.010836  -0.049481
  29   0.046629  -0.034767  -0.013910   0.002048
  30  -0.018830  -0.012921   0.038748  -0.006998
  31  -0.022326   0.022062   0.004104  -0.003839
  32  -0.012818   0.000512   0.004593   0.007713
  33   0.003238  -0.026753   0.025090  -0.001576
  34   0.008869  -0.001111  -0.042813   0.035055
  35  -0.007109   0.024550   0.037723  -0.055164
  36   0.013486  -0.036113  -0.024272   0.046899
  37   0.026750   0.000286  -0.040268   0.013232
  38  -0.000868   0.028279  -0.028402   0.000990
  39   0.015362  -0.011402  -0.003438  -0.000523
  40   0.003733  -0.007243   0.009707  -0.006197
  41   0.018230   0.033458  -0.034880  -0.016808
  42   0.001211   0.020435   0.002234  -0.023880
  43   0.031583  -0.000457   0.010811  -0.041938
  44   0.003068   0.011565  -0.008083  -0.006550
  45  -0.000620  -0.009269  -0.004132   0.014021
  46   0.034159   0.024372  -0.023687  -0.034844
  47   0.002447  -0.021920   0.017968   0.001504
  48   0.091147  -0.016830   0.018516  -0.092833
  49   0.014392  -0.028412   0.026984  -0.012964
  50   0.012601   0.000229  -0.008931  -0.003900
  51  -0.019367   0.010534  -0.010210   0.019043
  52  -0.045080   0.007012   0.016561   0.021507
  53   0.007158   0.004795  -0.010742  -0.001211
  54  -0.023254  -0.015930   0.024981   0.014203
  55   0.001894  -0.003499   0.000350   0.001254
  56   0.031488  -0.014090   0.008194  -0.025593
  57  -0.022129   0.019790   0.007751  -0.005412
  58  -0.001518  -0.011088  -0.025935   0.038541
  59   0.010454   0.000145  -0.058124   0.047525
  60   0.022491   0.000447   0.008487  -0.031425
  61  -0.002627   0.022430   0.000237  -0.020040
  62   0.001148  -0.007644  -0.002248   0.008745
  63  -0.007495   0.011737   0.046049  -0.050291
  64  -0.011494   0.020769  -0.005548  -0.003727
  65  -0.003733   0.018634  -0.013174  -0.001727
  66  -0.008325   0.015509  -0.012877   0.005692
  67  -0.020260   0.032819  -0.018556   0.005997
  68  -0.113662   0.015296   0.079756   0.018609
  69   0.023502  -0.002547  -0.006388  -0.014567
  70   0.027807  -0.032117   0.035465  -0.031154
  71  -0.016111   0.026525  -0.041436   0.031022
  72  -0.012339   0.004073   0.009894  -0.001628
  73   0.031377  -0.028113  -0.020598   0.017334
  74  -0.013868   0.009375   0.025037  -0.020543
  75   0.024305   0.051802  -0.027374  -0.048733
  76   0.004877  -0.008633  -0.021389   0.025145
  77  -0.002121   0.009134  -0.003083  -0.003930
  78   0.001358  -0.030555   0.010191   0.019007
  79  -0.015890   0.030331  -0.025182   0.010741
  80  -0.007364   0.024316   0.000481  -0.017433
  81  -0.009211  -0.011204   0.020578  -0.000163
  82  -0.027256   0.030822  -0.000447  -0.003119
  83  -0.023553   0.041035  -0.016574  -0.000908
  84   0.004014  -0.011931  -0.008110   0.016027
  85  -0.022880   0.013045   0.002044   0.007791
  86   0.031619  -0.020434  -0.015360   0.004175
  87   0.001429   0.022754  -0.027243   0.003059
  88   0.015845  -0.022586   0.020704  -0.013963
  89  -0.014124   0.014283  -0.015900   0.015741
  90  -0.000008   0.012197  -0.030079   0.017891
  91  -0.021983   0.021143  -0.025808   0.026647
  92   0.009053  -0.015245   0.017500  -0.011308
  93  -0.034869   0.009996   0.025738  -0.000865
  94  -0.042224   0.038906   0.000427   0.002891
  95  -0.007020   0.017409   0.002180  -0.012568
  96   0.014968   0.002883  -0.012284  -0.005566
  97  -0.009063   0.003399   0.015311  -0.009648
  98  -0.012797  -0.000360   0.009430   0.003726
  99  -0.004281   0.041024  -0.026076  -0.010667
 100  -0.029994   0.036447  -0.007640   0.001186
 101   0.018773   0.029784  -0.017727  -0.030829
 102   0.026442  -0.023496   0.013022  -0.015968
 103  -0.008341   0.006668   0.000063   0.001610
 104   0.016423  -0.042595   0.027008  -0.000835
 105  -0.011232   0.014622   0.002870  -0.006261
 106   0.004631  -0.022366  -0.035635   0.053370
 107  -0.009987  -0.017368   0.001233   0.026122
 108  -0.007633  -0.022684   0.020396   0.009921
 109  -0.024126  -0.012765   0.017141   0.019750
 110  -0.021915   0.027908  -0.004169  -0.001824
 111  -0.030181  -0.002041   0.008942   0.023281
 112   0.007968  -0.012598   0.020370  -0.015740
 113   0.006892   0.013577  -0.023727   0.003258
 114   0.033191  -0.025836   0.015356  -0.022710
 115   0.035763  -0.011919   0.002367  -0.026211
 116   0.008851  -0.013842   0.012396  -0.007405
 117  -0.001554   0.009447  -0.021495   0.013602
 118   0.033279  -0.035196  -0.003557   0.005473
 119   0.000245  -0.060125   0.027356   0.032525
 120  -0.001288  -0.015967   0.011343   0.005912
 121   0.012280  -0.044927   0.015344   0.017304
 122  -0.034515   0.029685   0.002774   0.002057
 123  -0.006921   0.014877  -0.006853  -0.001103
 124  -0.017267  -0.019232   0.034648   0.001851
 125  -0.027677   0.007279  -0.003888   0.024286
 126  -0.005978  -0.024460   0.007897   0.022541
 127   0.011401   0.007299  -0.017581  -0.001119
 128   0.025094  -0.034908   0.007975   0.001839
 129   0.007441  -0.015472   0.028062  -0.020031
 130   0.011418   0.022477  -0.004479  -0.029416
 131   0.015788  -0.014483  -0.002737   0.001431
 132   0.005893  -0.034110   0.017256   0.010961
 133  -0.003196   0.007275   0.011910  -0.015989
 134  -0.010145   0.008914  -0.012049   0.013279
 135   0.000005   0.015857  -0.002055  -0.013807
 136  -0.038154   0.001719   0.028399   0.008036
 137  -0.004684   0.006166  -0.050799   0.049317
 138  -0.001154  -0.048640   0.028940   0.020853
 139  -0.026793   0.035543   0.008705  -0.017455
 140   0.029327  -0.020585   0.026279  -0.035020
 141  -0.018112   0.018270  -0.010987   0.010830
 142  -0.022645   0.048333  -0.014470  -0.011219
 143  -0.026590   0.003324   0.000544   0.022722
 144   0.023745  -0.001003  -0.028017   0.005275
 145   0.021005   0.039819  -0.037864  -0.022960
 146  -0.002161   0.007765   0.009496  -0.015101
 147  -0.015418   0.024762  -0.037404   0.028061
 148   0.030925  -0.012783  -0.024221   0.006079
 149   0.013667   0.017408  -0.003854  -0.027222
 150   0.010293   0.020474  -0.029141  -0.001627
 151   0.011546  -0.001127  -0.017778   0.007359
 152   0.011874   0.009646   0.016577  -0.038097
 153   0.032443  -0.039462  -0.008106   0.015125
 154   0.037818   0.012806  -0.019161  -0.031463
 155  -0.054130   0.031040   0.027764  -0.004674
 156  -0.002505  -0.008342   0.028914  -0.018067
 157   0.002544  -0.004386  -0.000793   0.002635
 158   0.019964   0.004910   0.004772  -0.029646
 159  -0.039437   0.014283  -0.011518   0.036672
 160   0.026244   0.047573  -0.053151  -0.020666
 161   0.012528   0.041564  -0.050172  -0.003920
 162  -0.027893  -0.008863  -0.005170   0.041926
 163  -0.001311   0.006012  -0.024041   0.019340
 164  -0.007664   0.004693  -0.006352   0.009324
 165  -0.004191  -0.005801  -0.000136   0.010128
 166  -0.022652  -0.011191   0.010936   0.022907
 167  -0.012336   0.006963   0.000623   0.004750
 168   0.007954   0.006472   0.016870  -0.031295
 169  -0.035086   0.017950   0.006687   0.010449
 170  -0.007312   0.030834  -0.026767   0.003245
 171  -0.013590   0.020149  -0.009967   0.003408
 172  -0.044229   0.011905   0.035561  -0.003237
 173  -0.078618   0.033454   0.028405   0.016759
 174  -0.044139  -0.015055   0.062154  -0.002960
 175  -0.038076   0.032734   0.012699  -0.007356
 176  -0.032301   0.029098   0.037933  -0.034730
 177  -0.072861   0.029719   0.061185  -0.018043
 178  -0.027647   0.001677   0.059206  -0.033237
 179  -0.056993  -0.006689   0.054055   0.009627
