pos      val_A      val_C      val_G      val_T
   0   0.012607  -0.014093  -0.014682   0.016167
   1   0.009824  -0.019685  -0.020536   0.030397
   2   0.003079   0.002820   0.000231  -0.006130
   3   0.026582   0.035918  -0.025675  -0.036825
   4  -0.036287   0.024156  -0.007311   0.019442
   5   0.010597   0.000100  -0.030028   0.019332
   6   0.038874  -0.012060  -0.037006   0.010192
   7  -0.025386   0.012369   0.060875  -0.047859
   8   0.008196  -0.028063   0.034315  -0.014448
   9  -0.001538  -0.044042   0.016192   0.029388
  10  -0.028556  -0.007027  -0.006391   0.041974
  11   0.005065   0.013561  -0.023452   0.004826
  12  -0.002424  -0.006081   0.014262  -0.005757
  13   0.008767  -0.012226   0.021879  -0.018421
  14   0.043078  -0.004298  -0.014483  -0.024297
  15  -0.014963  -0.005914   0.014260   0.006616
  16  -0.019521   0.034650   0.001786  -0.016914
  17  -0.027612   0.024352   0.007518  -0.004258
  18   0.002627  -0.022665  -0.031191   0.051230
  19  -0.035132  -0.025051   0.033293   0.026890
  20  -0.001250  -0.017081   0.008566   0.009764
  21   0.010809  -0.014851   0.011549  -0.007507
  22  -0.026819  -0.001043   0.030421  -0.002559
  23  -0.036870  -0.002394   0.004336   0.034927
  24   0.038982  -0.009464   0.015154  -0.044671
  25   0.008108  -0.049725   0.032036   0.009582
  26  -0.000889  -0.000527  -0.023360   0.024776
  27  -0.009400  -0.032942   0.018905   0.023438
  28  -0.011765   0.008622  -0.021010   0.024154
  29   0.000144   0.019543  -0.000990  -0.018697
  30   0.015368   0.021316  -0.035252  -0.001432
  31   0.057524  -0.068602   0.013307  -0.002229
  32   0.005302   0.007727  -0.028513   0.015483
  33   0.004036   0.029498  -0.019662  -0.013873
  34  -0.009549   0.026970   0.026799  -0.044221
  35   0.013612  -0.014010   0.001839  -0.001441
  36   0.007044   0.030583   0.010302  -0.047930
  37  -0.022805  -0.002463  -0.016588   0.041856
  38  -0.024623   0.009948  -0.004074   0.018749
  39   0.018066   0.020566  -0.010538  -0.028093
  40   0.021429   0.022656  -0.034390  -0.009695
  41   0.040802  -0.040209   0.014620  -0.015214
  42  -0.001481  -0.040716   0.020227   0.021970
  43  -0.023384  -0.010621  -0.010026   0.044031
  44   0.013052  -0.029166   0.002728   0.013385
  45  -0.019045  -0.024777   0.046149  -0.002326
  46  -0.013291  -0.002305  -0.012009   0.027605
  47   0.024244   0.003682  -0.021348  -0.006578
  48  -0.089621  -0.009935  -0.045704   0.145259
  49  -0.019582  -0.024114  -0.015507   0.059203
  50   0.029464  -0.001597  -0.006987  -0.020880
  51  -0.008038   0.006602   0.020269  -0.018833
  52   0.021689   0.011483  -0.006507  -0.026665
  53   0.041108  -0.035295  -0.031369   0.025556
  54  -0.010454   0.018431  -0.008653   0.000676
  55   0.025934   0.004464  -0.005883  -0.024516
  56   0.007698  -0.016314  -0.006550   0.015166
  57  -0.008541   0.029079   0.010890  -0.031429
  58   0.035763  -0.027560   0.029782  -0.037986
  59  -0.032198  -0.004881   0.056474  -0.019394
  60  -0.003043  -0.023447   0.017512   0.008977
  61  -0.008261   0.013876  -0.001169  -0.004446
  62  -0.015112  -0.022811   0.044276  -0.006353
  63   0.021237  -0.009652  -0.041375   0.029790
  64  -0.008079  -0.029433   0.030978   0.006533
  65   0.000067   0.027265  -0.023313  -0.004019
  66  -0.001559   0.021479   0.001790  -0.021710
  67   0.011770  -0.059687   0.036187   0.011730
  68   0.158957  -0.052757  -0.083597  -0.022603
  69  -0.040695  -0.014213   0.041021   0.013887
  70   0.002055  -0.002762  -0.037940   0.038647
  71  -0.008104  -0.023608   0.023408   0.008303
  72   0.021772  -0.004114  -0.026669   0.009011
  73   0.018833  -0.022627   0.004477  -0.000683
  74   0.024919   0.009906  -0.016387  -0.018438
  75  -0.021394  -0.042316   0.031352   0.032358
  76  -0.011197  -0.018015   0.028974   0.000238
  77  -0.011715  -0.014813   0.015371   0.011156
  78  -0.009633   0.033174   0.022137  -0.045678
  79  -0.025250   0.015308   0.004077   0.005865
  80  -0.018781  -0.017235  -0.035368   0.071384
  81   0.013474   0.015282  -0.017329  -0.011426
  82   0.034687  -0.028890   0.029896  -0.035693
  83   0.000291  -0.009161   0.015540  -0.006670
  84  -0.010621   0.041077   0.019760  -0.050215
  85   0.035505  -0.012468  -0.024730   0.001693
  86  -0.059529   0.013270   0.051646  -0.005388
  87  -0.022344  -0.003563   0.028470  -0.002563
  88  -0.014505  -0.008381   0.027593  -0.004707
  89  -0.018594   0.002093   0.008701   0.007800
  90  -0.005801   0.004548  -0.002449   0.003702
  91   0.040899  -0.020596   0.015069  -0.035372
  92   0.002075   0.005979  -0.006520  -0.001535
  93   0.020286   0.006306  -0.040676   0.014084
  94   0.057928   0.003389  -0.032619  -0.028698
  95  -0.004262   0.018476  -0.002442  -0.011772
  96   0.000658  -0.015683   0.011428   0.003597
  97   0.005537  -0.018772   0.032775  -0.019541
  98  -0.021279   0.021694   0.013620  -0.014036
  99   0.011218  -0.048182   0.040954  -0.003990
 100   0.006606  -0.018924   0.012761  -0.000443
 101  -0.029048  -0.014226   0.000832   0.042441
 102  -0.032128   0.022170  -0.001700   0.011658
 103   0.023684   0.011481  -0.008645  -0.026519
 104  -0.016451   0.002369  -0.044672   0.058754
 105  -0.003119  -0.012309   0.027266  -0.011838
 106   0.000775   0.011609  -0.008566  -0.003818
 107   0.005218   0.022887   0.008193  -0.036298
 108   0.023799   0.001096  -0.027530   0.002635
 109  -0.004193   0.013713  -0.023698   0.014178
 110   0.026317  -0.043373  -0.000275   0.017330
 111   0.004580   0.015829  -0.005915  -0.014495
 112   0.008274   0.028011  -0.024064  -0.012220
 113   0.019303  -0.016626  -0.004532   0.001854
 114  -0.031970   0.049465  -0.025523   0.008028
 115   0.017872   0.006512  -0.011299  -0.013085
 116  -0.026039   0.024190  -0.000095   0.001945
 117  -0.003700   0.011221   0.017533  -0.025054
 118  -0.019947   0.032223  -0.015607   0.003331
 119   0.028381   0.041601  -0.028507  -0.041475
 120  -0.002231  -0.023589   0.008811   0.017008
 121  -0.013311   0.044309  -0.005889  -0.025109
 122   0.016133  -0.007764   0.006691  -0.015061
 123   0.019111  -0.023965   0.020482  -0.015628
 124   0.025755  -0.014134  -0.015429   0.003807
 125   0.010071  -0.015842   0.009097  -0.003326
 126   0.033859   0.010623  -0.008193  -0.036289
 127   0.003856   0.025795  -0.014067  -0.015585
 128  -0.008813   0.014603  -0.022576   0.016786
 129   0.009831  -0.016683   0.015697  -0.008844
 130  -0.046340  -0.018590   0.054342   0.010589
 131   0.023897  -0.012776  -0.008322  -0.002799
 132   0.013733  -0.003056  -0.005940  -0.004737
 133  -0.000338  -0.005100  -0.060119   0.065556
 134  -0.003914   0.011971   0.017326  -0.025384
 135  -0.003886   0.010947   0.001976  -0.009037
 136   0.059237  -0.013728  -0.028458  -0.017051
 137   0.024160  -0.041013   0.052244  -0.035391
 138  -0.013263   0.046290  -0.024171  -0.008855
 139  -0.010584   0.009269   0.006361  -0.005046
 140  -0.026689   0.017765   0.012135  -0.003212
 141   0.002236   0.009908   0.003574  -0.015718
 142   0.028735  -0.051208   0.044251  -0.021778
 143   0.006643   0.022242  -0.006472  -0.022413
 144   0.007583  -0.024854   0.013862   0.003409
 145  -0.010658  -0.053387   0.037658   0.026387
 146   0.002117   0.014503  -0.011655  -0.004964
 147   0.017372   0.013981   0.014020  -0.045372
 148  -0.013322   0.008547  -0.018699   0.023475
 149  -0.008194  -0.035572   0.003086   0.040680
 150  -0.021293  -0.023281   0.034049   0.010524
 151   0.019694  -0.037828   0.019654  -0.001520
 152   0.012251   0.003489  -0.015911   0.000171
 153  -0.013854  -0.002476   0.000479   0.015851
 154  -0.033866   0.029733  -0.018450   0.022582
 155   0.049236  -0.014468  -0.043572   0.008804
 156  -0.006139   0.002080  -0.023037   0.027096
 157  -0.032642  -0.013225   0.019156   0.026711
 158  -0.014244  -0.033032  -0.025855   0.073131
 159   0.037144   0.002237  -0.024038  -0.015344
 160  -0.012749  -0.041732   0.052070   0.002411
 161  -0.003071  -0.017020   0.034354  -0.014263
 162   0.015514  -0.011845   0.017846  -0.021514
 163   0.002546  -0.017182   0.015457  -0.000820
 164   0.009551  -0.005479   0.017320  -0.021392
 165  -0.002746  -0.016798   0.011630   0.007914
 166   0.007106  -0.007690   0.003433  -0.002849
 167   0.037305  -0.021044   0.003188  -0.019449
 168   0.017673  -0.014468  -0.007045   0.003840
 169   0.006076  -0.014613   0.003645   0.004893
 170   0.041781  -0.012009  -0.001716  -0.028056
 171   0.036990  -0.033649  -0.016936   0.013595
 172   0.060510   0.013613  -0.054529  -0.019593
 173   0.066615   0.020739  -0.078169  -0.009185
 174   0.041544  -0.008040  -0.052958   0.019455
 175   0.046055  -0.025195  -0.039518   0.018658
 176   0.075475  -0.056269  -0.056647   0.037441
 177   0.072558  -0.067271  -0.055327   0.050040
 178   0.054769   0.003711  -0.090174   0.031694
 179   0.014568   0.015949  -0.060781   0.030264
