pos       info
        0   0.171170
        1   0.200720
        2  -0.189641
        3  -0.175653
        4   0.179363
        5   0.185001
        6   0.192271
        7  -0.194067
        8  -0.183635
        9   0.197629
       10   0.183847
       11   0.194306
       12   0.201485
       13   0.203739
       14   0.200398
       15   0.186044
       16  -0.186149
       17  -0.206763
       18  -0.187959
       19  -0.188970
       20  -0.179750
       21   0.192216
       22   0.205423
       23   0.179694
       24   0.205269
       25  -0.191671
       26  -0.182126
       27  -0.188134
       28  -0.182724
       29  -0.185166
       30  -0.192434
       31  -0.171136
       32   0.171232
       33   0.189747
       34   0.207061
       35   0.187945
       36  -0.175295
       37  -0.178962
       38  -0.178692
       39  -0.202666
       40  -0.173033
       41  -0.183031
       42  -0.175094
       43  -0.187690
       44  -0.186272
       45  -0.171294
       46   0.178927
       47   0.187137
       48   0.231558
       49   0.196470
       50   0.209040
       51   0.216968
       52  -0.197847
       53   0.197269
       54  -0.174741
       55  -0.197905
       56  -0.179538
       57  -0.203273
       58  -0.183197
       59  -0.194534
       60  -0.204301
       61  -0.167663
       62  -0.182538
       63  -0.185054
       64  -0.186371
       65  -0.190759
       66   0.185873
       67   0.180612
       68   0.216948
       69  -0.202964
       70  -0.196973
       71  -0.180060
       72  -0.192239
       73  -0.201165
       74   0.186181
       75  -0.184916
       76  -0.198941
       77  -0.189488
       78  -0.192832
       79  -0.188848
       80  -0.182857
       81  -0.191691
       82  -0.173856
       83   0.181220
       84   0.181651
       85   0.192263
       86   0.195829
       87   0.207345
       88   0.190874
       89   0.194554
       90  -0.180767
       91  -0.192831
       92  -0.188416
       93  -0.193767
       94  -0.185000
       95  -0.184739
       96  -0.179071
       97  -0.171461
       98   0.183666
       99   0.196857
      100   0.177531
      101   0.205207
      102   0.192602
      103   0.188098
      104  -0.210529
      105  -0.191204
      106  -0.186733
      107  -0.200191
      108  -0.190562
      109  -0.184971
      110   0.179133
      111  -0.182364
      112  -0.187396
      113  -0.182402
      114  -0.174687
      115  -0.195965
      116  -0.187173
      117   0.175980
      118   0.195544
      119   0.212196
      120  -0.178593
      121  -0.179190
      122  -0.178005
      123   0.210673
      124  -0.189500
      125  -0.183617
      126  -0.178689
      127  -0.187835
      128  -0.168794
      129  -0.190872
      130  -0.183675
      131   0.181615
      132   0.172929
      133   0.206045
      134   0.193190
      135   0.198099
      136  -0.194491
      137  -0.196494
      138  -0.168780
      139  -0.186852
      140  -0.189222
      141  -0.169740
      142   0.181103
      143   0.210824
      144   0.197224
      145  -0.195965
      146  -0.194422
      147  -0.182317
      148  -0.188135
      149  -0.205382
      150  -0.172978
      151  -0.191607
      152   0.186344
      153   0.175091
      154   0.209543
      155  -0.189830
      156  -0.196015
      157  -0.207253
      158  -0.180826
      159  -0.187553