pos      val_A      val_C      val_G      val_T
   0   0.030608  -0.005884  -0.012898  -0.011827
   1   0.007144  -0.006759   0.030714  -0.031100
   2   0.010393   0.002480  -0.015135   0.002261
   3  -0.023426   0.019240   0.008744  -0.004559
   4  -0.000964   0.012842  -0.010156  -0.001722
   5  -0.011911   0.013201   0.018593  -0.019884
   6   0.009514   0.002861   0.016685  -0.029060
   7   0.003983   0.001148  -0.003672  -0.001460
   8   0.019543  -0.020385   0.019376  -0.018535
   9   0.019604  -0.005053   0.002511  -0.017063
  10   0.011439   0.011543  -0.017468  -0.005514
  11   0.028654   0.011089  -0.013372  -0.026371
  12  -0.006820   0.035002  -0.036728   0.008546
  13   0.020259   0.011456  -0.008668  -0.023048
  14   0.021636  -0.000552  -0.002445  -0.018639
  15   0.011457  -0.036061   0.000302   0.024302
  16   0.020296  -0.023347  -0.014054   0.017106
  17   0.008960   0.007424  -0.001763  -0.014621
  18  -0.024021  -0.002396   0.019687   0.006731
  19   0.016723   0.029146  -0.014238  -0.031631
  20   0.026707  -0.005150  -0.011480  -0.010078
  21  -0.012044  -0.012304   0.006198   0.018151
  22   0.003359  -0.013640  -0.024146   0.034427
  23   0.000417  -0.008497  -0.019413   0.027493
  24  -0.006831  -0.002652  -0.006604   0.016088
  25   0.014692  -0.010206  -0.016156   0.011671
  26  -0.006018  -0.022580   0.013599   0.015000
  27   0.008097  -0.012748  -0.017728   0.022379
  28  -0.018733  -0.005456  -0.017785   0.041975
  29   0.005322  -0.029576  -0.011457   0.035711
  30   0.010878   0.028288  -0.018688  -0.020478
  31  -0.015734  -0.027035   0.021114   0.021654
  32  -0.016759   0.010818  -0.008620   0.014560
  33  -0.028384   0.009904   0.012520   0.005960
  34  -0.025838   0.026359  -0.001576   0.001054
  35   0.031615  -0.027086  -0.024939   0.020410
  36  -0.034738   0.009179   0.011139   0.014420
  37   0.019923  -0.022330  -0.007151   0.009557
  38  -0.006671   0.022160   0.010828  -0.026318
  39   0.018324  -0.002811   0.006720  -0.022232
  40   0.036142  -0.007436  -0.025030  -0.003675
  41   0.018266  -0.016889   0.006930  -0.008306
  42  -0.011962  -0.006393  -0.006811   0.025166
  43   0.039189  -0.009510  -0.006462  -0.023217
  44  -0.011308   0.005329   0.010570  -0.004591
  45  -0.002034   0.008738   0.006318  -0.013023
  46   0.005879   0.009914  -0.014282  -0.001512
  47   0.003774  -0.006761   0.013999  -0.011013
  48   0.051519  -0.016883  -0.017244  -0.017392
  49  -0.003837   0.031875  -0.019019  -0.009019
  50   0.017021   0.008067  -0.007959  -0.017130
  51   0.016155  -0.011894  -0.014425   0.010165
  52  -0.004644   0.016922   0.017074  -0.029351
  53   0.004290  -0.041264   0.004604   0.032370
  54  -0.004522   0.002304  -0.008549   0.010766
  55   0.008248   0.001766   0.009992  -0.020006
  56   0.019674   0.017662  -0.019394  -0.017943
  57  -0.041640   0.009827  -0.018896   0.050709
  58   0.001658   0.020155  -0.005315  -0.016497
  59   0.001611  -0.022163   0.025704  -0.005153
  60   0.004994  -0.019461  -0.007038   0.021505
  61  -0.007409   0.022431   0.000139  -0.015160
  62   0.026733  -0.029451  -0.007433   0.010151
  63   0.025408  -0.012131  -0.016034   0.002757
  64  -0.051457   0.006518   0.041592   0.003347
  65  -0.009878   0.005575   0.023628  -0.019324
  66   0.001176   0.033625  -0.001704  -0.033097
  67   0.017613  -0.013743   0.012580  -0.016451
  68  -0.006422   0.005289   0.016755  -0.015622
  69   0.046633  -0.029382   0.014021  -0.031272
  70   0.030077   0.002453  -0.004188  -0.028342
  71   0.024754  -0.021621   0.011387  -0.014520
  72  -0.003551   0.028159   0.008191  -0.032799
  73  -0.014557  -0.003058   0.013108   0.004507
  74   0.004079   0.019528  -0.003630  -0.019977
  75   0.003488  -0.002382   0.022364  -0.023471
  76   0.024368  -0.000059  -0.009045  -0.015263
  77  -0.012425  -0.000857   0.016732  -0.003450
  78  -0.040014  -0.009292  -0.013974   0.063279
  79  -0.020226   0.043001  -0.003279  -0.019495
  80   0.002380  -0.018595  -0.009449   0.025664
  81   0.005144   0.002361   0.012713  -0.020218
  82  -0.002472  -0.036815   0.058425  -0.019138
  83   0.029461   0.035773  -0.013242  -0.051992
  84  -0.014666   0.023956  -0.021878   0.012588
  85   0.005085   0.021098  -0.018197  -0.007986
  86  -0.007612  -0.008292   0.014369   0.001534
  87   0.001627  -0.042293   0.029201   0.011464
  88  -0.033727   0.049309   0.014978  -0.030560
  89   0.001747   0.008982  -0.019942   0.009214
  90  -0.018607  -0.083964  -0.011489   0.114059
  91   0.011212   0.006305  -0.001724  -0.015793
  92   0.009238   0.021518   0.000938  -0.031694
  93  -0.003452  -0.003782  -0.025210   0.032444
  94   0.075244  -0.037229  -0.027433  -0.010582
  95   0.032776  -0.001464  -0.015169  -0.016143
  96  -0.000364   0.011997   0.009325  -0.020958
  97   0.000484   0.020117  -0.024544   0.003943
  98  -0.014376   0.032219  -0.015003  -0.002840
  99  -0.016717  -0.001971   0.015601   0.003086
 100  -0.021835   0.015055   0.024332  -0.017553
 101  -0.017498   0.026281   0.004498  -0.013280
 102  -0.014005  -0.026811   0.012331   0.028484
 103  -0.021568  -0.022015   0.005358   0.038226
 104  -0.013138  -0.024247   0.018908   0.018477
 105   0.003525  -0.008584  -0.016051   0.021110
 106   0.004660   0.004468  -0.001273  -0.007855
 107  -0.035214  -0.020417  -0.027146   0.082776
 108   0.004836  -0.007138   0.048260  -0.045958
 109   0.020179  -0.028437  -0.005724   0.013982
 110   0.025153   0.020589  -0.011051  -0.034690
 111  -0.018117  -0.005799  -0.016762   0.040678
 112  -0.021228   0.027457   0.000885  -0.007114
 113  -0.026198   0.006403   0.011445   0.008350
 114  -0.010847  -0.022061   0.013659   0.019249
 115  -0.019878  -0.005984   0.021899   0.003964
 116  -0.005405   0.013611   0.002130  -0.010336
 117  -0.005623   0.000640  -0.001777   0.006760
 118  -0.002672  -0.018398   0.026945  -0.005875
 119   0.007840   0.004143   0.016607  -0.028590
 120  -0.026018   0.005508  -0.001228   0.021738
 121   0.008148  -0.000484  -0.013907   0.006243
 122   0.016059  -0.021274   0.019275  -0.014060
 123  -0.005497  -0.001802   0.038845  -0.031547
 124   0.012680   0.008438  -0.008124  -0.012995
 125   0.018806  -0.012670  -0.008781   0.002646
 126   0.014447   0.003935  -0.012509  -0.005873
 127   0.024076  -0.010909  -0.010445  -0.002721
 128  -0.018149   0.014754   0.016063  -0.012667
 129  -0.001412  -0.004235  -0.003553   0.009200
 130   0.032769   0.019449   0.020819  -0.073036
 131   0.022933  -0.029735   0.003940   0.002861
 132  -0.030266   0.003782   0.031163  -0.004679
 133   0.014742   0.016883   0.025408  -0.057033
 134   0.030583  -0.006556  -0.020687  -0.003340
 135  -0.018702   0.002652   0.003263   0.012787
 136  -0.001194   0.013363  -0.012367   0.000199
 137  -0.001208  -0.002701   0.016925  -0.013016
 138  -0.006870   0.021922   0.001869  -0.016922
 139   0.021274   0.005809  -0.023242  -0.003840
 140  -0.002088   0.007319   0.018030  -0.023261
 141   0.001304  -0.008140  -0.011968   0.018804
 142  -0.007360   0.018591  -0.005594  -0.005637
 143  -0.005349   0.034464  -0.015489  -0.013627
 144  -0.043174   0.046954   0.012400  -0.016181
 145  -0.050332  -0.015731   0.057751   0.008312
 146   0.048632  -0.029005  -0.018738  -0.000888
 147  -0.005002  -0.004351  -0.016099   0.025452
 148   0.001233   0.007114  -0.004202  -0.004145
 149   0.004674  -0.004840   0.004033  -0.003868
 150  -0.005879  -0.010747  -0.008882   0.025508
 151   0.017758  -0.015697   0.029076  -0.031137
 152  -0.000791  -0.022772  -0.020624   0.044187
 153   0.013869  -0.036152   0.015651   0.006632
 154   0.016006  -0.009198   0.017574  -0.024382
 155   0.011900  -0.016173  -0.012425   0.016697
 156   0.009957   0.016070  -0.002468  -0.023559
 157   0.026437  -0.000434   0.019799  -0.045801
 158   0.013607  -0.018361   0.012922  -0.008168
 159  -0.005647   0.009013   0.024127  -0.027493
 160   0.012565  -0.013573   0.013245  -0.012238
 161  -0.006042  -0.004432   0.009489   0.000986
 162  -0.000152   0.003007  -0.002504  -0.000352
 163   0.004401  -0.025509   0.003298   0.017810
 164   0.015380  -0.003206   0.005924  -0.018098
 165   0.023580   0.025144  -0.000711  -0.048013
 166   0.023091   0.017730  -0.035135  -0.005686
 167   0.010666  -0.030884   0.017140   0.003078
 168   0.015294  -0.026145  -0.008945   0.019796
 169   0.045109  -0.029072  -0.032781   0.016744
 170   0.052845  -0.058532   0.008150  -0.002463
 171   0.036332  -0.020041  -0.001758  -0.014532
 172   0.003562   0.005579  -0.025850   0.016709
 173   0.056571  -0.023123  -0.043769   0.010321
 174   0.043216  -0.034662  -0.031722   0.023168
 175   0.029431  -0.050795  -0.030392   0.051755
 176   0.035906  -0.023354  -0.058977   0.046425
 177   0.077401  -0.036436  -0.120287   0.079322
 178   0.047481  -0.015600  -0.092006   0.060125
 179   0.037871   0.006266  -0.101869   0.057732
