pos          info
        0  1.606315e-05
        1  1.632012e-05
        2 -1.604482e-05
        3 -3.372796e-05
        4  1.180761e-04
        5  1.496211e-04
        6  1.523410e-04
        7  8.074854e-05
        8  3.429111e-05
        9  3.481047e-05
       10 -4.914513e-05
       11  1.020380e-05
       12  9.608008e-06
       13  7.968102e-05
       14  4.996033e-05
       15  4.911149e-05
       16 -1.450195e-05
       17  1.891605e-05
       18 -3.328117e-05
       19 -3.715432e-05
       20 -4.162415e-05
       21  5.040092e-06
       22  2.577471e-05
       23  1.230327e-05
       24  1.475886e-05
       25  7.559627e-06
       26  1.724579e-05
       27  1.839237e-05
       28  2.738318e-06
       29  9.420008e-06
       30  4.712768e-05
       31  5.752025e-05
       32  1.506353e-04
       33  2.094098e-04
       34  2.563595e-04
       35  9.337133e-05
       36 -1.498993e-05
       37 -1.147809e-04
       38 -5.816393e-05
       39 -2.637893e-05
       40  2.182201e-05
       41 -1.351564e-04
       42 -1.300299e-04
       43 -1.548914e-04
       44  5.596768e-06
       45 -1.729020e-05
       46 -5.948963e-06
       47 -4.716802e-05
       48 -3.402094e-05
       49 -3.949982e-05
       50 -1.834070e-05
       51 -6.651584e-05
       52 -4.642836e-05
       53 -5.065509e-05
       54 -8.087782e-06
       55  3.205926e-05
       56  8.163210e-05
       57  8.775038e-05
       58  6.409197e-05
       59  3.244277e-05
       60  2.550105e-05
       61 -6.028093e-06
       62  1.380248e-05
       63 -2.381981e-05
       64 -1.274633e-05
       65 -2.499965e-05
       66  3.025207e-05
       67  2.808051e-05
       68 -2.810510e-05
       69 -5.243215e-05
       70 -4.575093e-05
       71  2.517658e-05
       72 -3.502387e-06
       73  1.515956e-07
       74 -1.571967e-05
       75  3.639853e-05
       76  1.395447e-04
       77  1.499766e-04
       78  1.215770e-04
       79  3.770676e-05
       80 -2.029783e-04
       81 -9.733589e-05
       82 -1.397109e-04
       83  1.063645e-04
       84  1.590167e-05
       85  1.406470e-04
       86  8.538250e-05
       87  4.681337e-05
       88  9.749249e-05
       89  1.592755e-04
       90  1.855785e-04
       91  2.515171e-05
       92  2.940536e-05
       93  6.290170e-05
       94  5.623336e-05
       95  2.317359e-05
       96 -4.485810e-05
       97 -2.423888e-06
       98 -4.314185e-06
       99 -1.492333e-04
      100 -1.838899e-04
      101 -1.218073e-04
      102  1.566624e-04
      103  1.303222e-04
      104  2.961380e-05
      105  1.335682e-05
      106  3.869500e-05
      107  4.130461e-05
      108 -4.255663e-05
      109 -1.839736e-06
      110  3.424960e-05
      111  8.595466e-06
      112 -8.488533e-05
      113 -6.139528e-05
      114 -2.970964e-05
      115 -8.431170e-06
      116  1.641538e-05
      117  1.378650e-05
      118  5.260085e-05
      119 -2.796962e-05
      120 -2.797884e-05
      121 -3.439094e-05
      122 -9.046531e-07
      123 -2.734960e-05
      124 -6.438791e-05
      125 -4.029244e-05
      126 -2.533273e-05
      127 -1.141971e-05
      128  5.816047e-06
      129 -6.201957e-05
      130 -1.339726e-04
      131 -8.986753e-05
      132  8.322716e-07
      133  1.202282e-04
      134  3.008655e-05
      135  5.003871e-05
      136  2.716736e-05
      137 -9.946174e-07
      138 -2.977312e-05
      139 -3.700200e-05
      140 -2.620453e-06
      141  6.989706e-06
      142  1.463475e-05
      143  1.968283e-04
      144  1.986530e-04
      145  1.589572e-04
      146 -2.256667e-05
      147 -4.037220e-05
      148  5.279579e-06
      149  1.323322e-05
      150 -5.583978e-05
      151 -1.118546e-05
      152 -2.255248e-05
      153  4.514964e-05
      154  6.398505e-07
      155 -3.126807e-05
      156 -2.953786e-05
      157  0.000000e+00
      158  0.000000e+00
      159  0.000000e+00