pos          info
        0 -5.641491e-05
        1  7.653680e-04
        2 -4.527425e-07
        3 -3.510676e-07
        4  1.972061e-06
        5 -1.170820e-05
        6 -6.224280e-05
        7  6.908511e-05
        8  1.240197e-06
        9 -6.533172e-05
       10  2.249680e-04
       11 -2.169441e-05
       12 -2.495558e-05
       13  3.891622e-04
       14  3.239926e-04
       15 -2.126584e-05
       16  6.934675e-05
       17 -2.837639e-05
       18 -1.949407e-05
       19  5.807073e-04
       20  9.033974e-05
       21  1.333722e-04
       22 -3.980700e-05
       23  2.415890e-04
       24 -1.561366e-04
       25  2.308048e-05
       26  2.964234e-06
       27  2.230981e-04
       28  3.755647e-04
       29  1.477390e-06
       30 -2.734330e-04
       31  8.195160e-05
       32 -5.162238e-05
       33  8.803283e-06
       34  5.495466e-05
       35 -5.337953e-05
       36  4.390623e-05
       37  2.635282e-04
       38 -1.363793e-04
       39  3.690280e-05
       40  1.238227e-04
       41  6.159167e-05
       42  7.749079e-08
       43  3.169320e-04
       44  1.335972e-03
       45  5.571776e-04
       46  3.458701e-06
       47  8.544764e-05
       48  1.597659e-03
       49  2.509579e-04
       50  6.745413e-04
       51  9.588434e-05
       52  5.752256e-04
       53  1.216195e-03
       54  1.737862e-03
       55  4.937341e-04
       56  4.512723e-04
       57  1.230946e-05
       58  4.313687e-04
       59 -1.707410e-05
       60  4.512325e-08
       61  1.494254e-07
       62  1.942577e-05
       63  1.322376e-05
       64  4.986907e-06
       65  7.044204e-06
       66  9.876248e-04
       67 -9.081820e-05
       68 -1.449027e-04
       69  1.810773e-03
       70  5.489200e-04
       71  3.071538e-04
       72  7.365254e-07
       73  5.753204e-04
       74  4.115502e-06
       75 -2.554961e-05
       76  4.337864e-04
       77  3.006941e-06
       78  2.809612e-05
       79  1.726111e-04
       80  2.168115e-03
       81  2.956832e-04
       82  6.416068e-04
       83 -1.082843e-04
       84  1.182018e-04
       85  4.422647e-04
       86  8.125580e-04
       87 -6.346801e-05
       88  6.440276e-04
       89  6.266768e-05
       90 -1.110164e-03
       91 -3.191137e-04
       92 -4.840859e-05
       93  9.900494e-06
       94 -9.126893e-06
       95 -2.596376e-06
       96  7.824193e-05
       97  3.814586e-06
       98  2.638843e-05
       99 -2.365231e-04
      100  4.320078e-04
      101  3.728096e-04
      102  1.019559e-03
      103 -3.759347e-04
      104  2.592295e-06
      105 -2.585126e-07
      106  1.199630e-04
      107 -2.167932e-04
      108  1.423183e-04
      109  9.312965e-05
      110  1.880902e-06
      111  2.258379e-05
      112 -8.800929e-05
      113  1.494363e-04
      114  6.277178e-05
      115  8.769384e-05
      116  1.891756e-04
      117  1.322064e-05
      118  3.935222e-04
      119 -4.474320e-04
      120  4.895502e-06
      121  2.556716e-04
      122 -1.279527e-05
      123 -6.921711e-07
      124  1.266680e-04
      125 -1.540329e-05
      126  1.469770e-04
      127 -2.798217e-05
      128  1.838228e-04
      129 -2.398648e-05
      130 -1.202530e-04
      131  2.571040e-04
      132  2.359850e-05
      133 -4.735112e-04
      134  8.467517e-05
      135 -1.449520e-04
      136  9.578154e-05
      137 -5.507462e-04
      138  1.681889e-04
      139  3.002023e-04
      140 -2.187361e-06
      141 -2.065045e-04
      142  2.733657e-04
      143 -8.530729e-05
      144 -1.593761e-04
      145 -3.239777e-04
      146 -1.101134e-04
      147  6.499873e-06
      148  3.795908e-04
      149 -4.046392e-05
      150 -1.322698e-05
      151 -3.168765e-04
      152  3.068112e-04
      153 -1.468022e-04
      154 -3.132690e-06
      155  9.432209e-05
      156  7.321388e-04
      157  7.126198e-04
      158 -4.536776e-05
      159  3.972206e-04