pos          info
        0  6.932071e-05
        1  6.979663e-05
        2  1.827472e-05
        3  4.642371e-06
        4  2.945066e-04
        5 -3.083142e-04
        6 -9.698540e-05
        7  5.240495e-05
        8 -2.830644e-05
        9 -4.327587e-05
       10 -2.824812e-05
       11  2.354406e-04
       12  9.739568e-06
       13 -4.053183e-06
       14  2.788142e-04
       15  6.255494e-07
       16 -6.072281e-06
       17  8.378453e-05
       18  2.250881e-05
       19 -1.799842e-04
       20 -5.201261e-04
       21  2.072494e-09
       22 -4.953543e-05
       23 -6.890976e-05
       24  4.578319e-05
       25  1.618013e-05
       26  3.867322e-04
       27  1.809979e-04
       28 -2.730568e-04
       29  6.655300e-04
       30  2.877238e-06
       31 -7.666790e-05
       32  1.721790e-04
       33 -3.348783e-04
       34 -2.263532e-05
       35  2.243810e-05
       36 -9.322277e-06
       37  1.502974e-04
       38  9.093674e-06
       39 -8.942397e-07
       40 -2.610067e-05
       41  3.921904e-04
       42  1.105007e-04
       43  5.048217e-05
       44  3.245699e-04
       45 -2.155889e-05
       46 -1.153401e-04
       47 -5.225636e-05
       48  4.664567e-04
       49  1.996023e-04
       50  6.199848e-05
       51  3.281465e-04
       52  5.608346e-05
       53 -3.792056e-05
       54  3.492920e-04
       55  1.721117e-07
       56  2.098263e-05
       57 -6.460589e-05
       58  9.300579e-05
       59  6.677706e-06
       60  1.585517e-08
       61  1.911970e-05
       62  8.530070e-05
       63 -1.255147e-07
       64  2.366432e-06
       65  2.319898e-04
       66  8.677419e-05
       67 -1.627863e-05
       68  1.351593e-05
       69  7.670934e-05
       70  5.448653e-06
       71  5.504310e-04
       72 -3.565576e-04
       73 -4.509776e-06
       74  1.033058e-04
       75 -1.643201e-05
       76 -1.055999e-05
       77  1.365363e-04
       78  1.095386e-04
       79  4.498576e-05
       80  4.925022e-04
       81  7.684792e-05
       82  2.137067e-06
       83  4.780949e-04
       84 -8.627986e-05
       85 -8.493990e-06
       86 -2.628006e-07
       87  1.488237e-04
       88 -1.020637e-03
       89  8.278437e-05
       90  1.455833e-04
       91 -3.234162e-05
       92  1.283676e-04
       93  3.168319e-04
       94 -5.987088e-05
       95  6.250555e-04
       96 -1.583278e-05
       97  1.071978e-05
       98  6.880011e-06
       99 -2.016797e-04
      100  4.001170e-04
      101 -7.629843e-04
      102  2.022533e-03
      103 -3.367602e-05
      104 -2.488416e-04
      105  1.266486e-04
      106  1.355292e-04
      107  7.402244e-05
      108  4.871606e-07
      109 -2.334194e-04
      110  1.128194e-05
      111  1.624671e-04
      112  1.455534e-05
      113  1.857245e-04
      114 -3.727282e-05
      115 -2.457502e-04
      116 -5.713701e-05
      117 -1.719495e-05
      118  1.724700e-04
      119  2.516934e-04
      120  5.064210e-06
      121  1.722432e-04
      122  4.385616e-04
      123 -3.319693e-04
      124 -1.967496e-05
      125 -5.505193e-05
      126  3.097643e-06
      127  3.544067e-05
      128  8.231721e-06
      129 -1.371625e-05
      130  3.527707e-05
      131  1.091725e-05
      132  1.369474e-05
      133 -2.718262e-06
      134  5.387524e-05
      135  9.976735e-05
      136 -4.577827e-04
      137 -9.613477e-06
      138  1.673966e-05
      139  4.960614e-04
      140  2.906135e-04
      141  3.929251e-08
      142  2.336713e-04
      143  9.157931e-07
      144  6.165315e-06
      145  2.445450e-05
      146 -9.334167e-05
      147  1.435900e-05
      148 -4.196188e-04
      149 -4.147788e-04
      150  2.279581e-04
      151  3.510216e-04
      152 -2.075465e-08
      153  3.927884e-05
      154 -1.890790e-04
      155 -3.619623e-04
      156  3.162256e-05
      157  7.927177e-04
      158  1.217570e-03
      159 -2.718749e-04