pos      val_A      val_C      val_G      val_T
   0   0.022872   0.017154  -0.008696  -0.031330
   1   0.024927  -0.037561  -0.011459   0.024093
   2  -0.003483   0.038476  -0.037417   0.002424
   3   0.024585   0.003608  -0.029274   0.001081
   4   0.012170  -0.011553  -0.002609   0.001992
   5  -0.006679  -0.012121   0.009649   0.009151
   6  -0.003297   0.014077   0.021252  -0.032032
   7  -0.025574   0.001152   0.031020  -0.006599
   8   0.010401  -0.012485   0.001648   0.000436
   9  -0.015583   0.010554   0.005422  -0.000392
  10  -0.004203   0.027981  -0.020926  -0.002852
  11  -0.026658   0.017009   0.029312  -0.019663
  12  -0.012421   0.014543  -0.014743   0.012621
  13   0.021888  -0.024246  -0.007121   0.009479
  14   0.001783   0.007943  -0.053547   0.043821
  15  -0.009414   0.003356   0.003361   0.002697
  16  -0.008286   0.008544   0.004573  -0.004830
  17  -0.002956  -0.001908   0.023246  -0.018382
  18   0.003710  -0.005032  -0.065819   0.067141
  19   0.013022   0.020419  -0.015430  -0.018011
  20   0.010869  -0.010489  -0.015436   0.015056
  21  -0.029767   0.013716   0.010876   0.005175
  22   0.014640  -0.023252  -0.004444   0.013056
  23  -0.029030   0.009213   0.011483   0.008334
  24   0.059673  -0.016180  -0.019593  -0.023899
  25   0.024557   0.004093  -0.008691  -0.019960
  26   0.024349  -0.021188  -0.004448   0.001287
  27   0.025971   0.002328  -0.029442   0.001143
  28   0.008350  -0.015704   0.035029  -0.027675
  29   0.007304   0.026235  -0.033597   0.000058
  30   0.005271   0.027395  -0.002625  -0.030041
  31  -0.022535   0.006153  -0.028945   0.045327
  32   0.019474  -0.044335   0.049952  -0.025090
  33  -0.060287   0.035263   0.003290   0.021734
  34   0.002504   0.011701   0.000974  -0.015179
  35  -0.008918   0.048922  -0.014986  -0.025019
  36   0.032182   0.008513  -0.016088  -0.024607
  37  -0.022282   0.013390  -0.001193   0.010085
  38  -0.006799   0.010186   0.005137  -0.008524
  39   0.033125  -0.011512  -0.030862   0.009249
  40   0.011731   0.016248   0.034933  -0.062912
  41   0.003199  -0.014934  -0.018579   0.030314
  42   0.004041  -0.019692   0.032370  -0.016719
  43   0.003992   0.005664   0.010651  -0.020307
  44  -0.007675   0.015825  -0.004706  -0.003443
  45   0.063865  -0.009361  -0.028346  -0.026158
  46   0.002264   0.030525  -0.035006   0.002217
  47   0.022742   0.018531  -0.025047  -0.016227
  48  -0.003969  -0.006601  -0.013314   0.023884
  49   0.003817  -0.008799   0.031314  -0.026332
  50   0.007711   0.019396   0.009844  -0.036951
  51   0.007495   0.002689   0.024043  -0.034227
  52   0.000200   0.021052  -0.007244  -0.014008
  53   0.010757   0.004643   0.015989  -0.031389
  54  -0.000155   0.012775  -0.029778   0.017158
  55  -0.019839   0.014806   0.020562  -0.015529
  56   0.035332  -0.004009  -0.039761   0.008438
  57  -0.058260   0.031881   0.008664   0.017715
  58   0.039051   0.015164   0.001109  -0.055324
  59  -0.000102   0.016828  -0.027663   0.010937
  60  -0.006876   0.046271  -0.004832  -0.034563
  61  -0.028405   0.010177   0.042607  -0.024379
  62  -0.023471  -0.011442   0.015967   0.018946
  63   0.030007  -0.000598  -0.003719  -0.025689
  64  -0.006274  -0.002003   0.029674  -0.021397
  65  -0.029870   0.011895  -0.014980   0.032954
  66  -0.005649  -0.017050   0.020205   0.002494
  67  -0.029413   0.042438  -0.018013   0.004988
  68  -0.014206   0.016731  -0.022422   0.019898
  69   0.021040   0.035160  -0.024902  -0.031297
  70  -0.005433  -0.022784   0.003989   0.024228
  71   0.026277   0.009336   0.005800  -0.041413
  72   0.027381  -0.024543   0.023421  -0.026260
  73   0.010415   0.022843  -0.023426  -0.009833
  74  -0.028401   0.043110  -0.005384  -0.009325
  75   0.009127  -0.028178   0.030736  -0.011685
  76   0.004503  -0.046608   0.011561   0.030544
  77  -0.005007   0.005875   0.008111  -0.008979
  78  -0.032695  -0.025711   0.063751  -0.005345
  79  -0.012968  -0.028670  -0.041550   0.083189
  80   0.021349  -0.025123   0.010789  -0.007015
  81  -0.049744  -0.010320   0.070928  -0.010863
  82   0.013221   0.014140  -0.021859  -0.005502
  83  -0.030122   0.012375   0.000867   0.016880
  84  -0.029353   0.008626  -0.010523   0.031249
  85   0.001551  -0.001792   0.011422  -0.011181
  86   0.029706  -0.050127   0.013153   0.007268
  87   0.024884  -0.014611   0.010166  -0.020439
  88   0.072460  -0.020636  -0.008127  -0.043697
  89  -0.013660  -0.009950   0.043012  -0.019402
  90  -0.005614  -0.014891   0.036760  -0.016254
  91  -0.016752  -0.003648  -0.013999   0.034399
  92  -0.006615   0.021125   0.012237  -0.026747
  93  -0.011752   0.051336  -0.001895  -0.037688
  94   0.045428  -0.012906  -0.007335  -0.025187
  95   0.012057   0.005008  -0.018165   0.001100
  96   0.001428   0.010813   0.011343  -0.023584
  97   0.010599  -0.038065   0.018798   0.008668
  98  -0.024130  -0.008343   0.016194   0.016279
  99  -0.041122   0.008850  -0.029706   0.061978
 100  -0.005140  -0.042933   0.016082   0.031992
 101  -0.004438  -0.007677   0.020584  -0.008469
 102   0.019785  -0.038148  -0.011790   0.030152
 103   0.019171  -0.015870   0.027600  -0.030902
 104  -0.043153  -0.000760   0.046800  -0.002888
 105  -0.027968  -0.005476   0.020440   0.013004
 106   0.030864  -0.027968  -0.014807   0.011911
 107   0.055816  -0.062877  -0.020297   0.027357
 108   0.015645   0.000112   0.012008  -0.027764
 109  -0.022973   0.047087  -0.041798   0.017683
 110  -0.019389  -0.037516   0.042381   0.014524
 111   0.037096   0.022836  -0.011185  -0.048747
 112   0.017469   0.008876   0.015320  -0.041665
 113  -0.019096  -0.012873  -0.009456   0.041425
 114   0.065762  -0.022274  -0.039240  -0.004248
 115  -0.009510  -0.019468   0.006511   0.022467
 116  -0.000676   0.015784  -0.034811   0.019703
 117   0.037443  -0.016417  -0.018106  -0.002920
 118  -0.008911  -0.010882   0.023625  -0.003833
 119   0.045733   0.016703  -0.042328  -0.020108
 120  -0.015990   0.016716   0.002675  -0.003401
 121  -0.013091  -0.018878   0.035093  -0.003124
 122   0.006240  -0.008899  -0.056363   0.059021
 123   0.007862  -0.049575   0.027681   0.014032
 124  -0.037018  -0.032750   0.026086   0.043682
 125   0.004327  -0.031134   0.032758  -0.005951
 126   0.003190  -0.020190   0.001408   0.015592
 127  -0.006308   0.008993   0.004071  -0.006755
 128  -0.032800  -0.014453   0.026300   0.020952
 129   0.009729  -0.006341   0.009668  -0.013055
 130  -0.008421   0.041979   0.008901  -0.042459
 131   0.016923   0.040209  -0.014964  -0.042168
 132  -0.018112  -0.019192   0.019336   0.017969
 133   0.035987   0.011437  -0.020445  -0.026979
 134   0.011537  -0.020208  -0.007298   0.015969
 135   0.018738  -0.055208  -0.004003   0.040473
 136  -0.006535   0.007733   0.029009  -0.030208
 137   0.017360   0.002480   0.025982  -0.045822
 138  -0.019922   0.022032  -0.007312   0.005201
 139   0.040238  -0.008058  -0.019018  -0.013162
 140  -0.001669  -0.031034  -0.005919   0.038622
 141   0.015690   0.000229   0.001145  -0.017063
 142  -0.032658  -0.002533  -0.002517   0.037708
 143  -0.009780   0.002186  -0.025047   0.032641
 144   0.017719   0.023025  -0.020362  -0.020382
 145   0.010299  -0.025609  -0.003306   0.018616
 146  -0.006046   0.011238  -0.027260   0.022068
 147  -0.015653   0.014488  -0.009806   0.010971
 148   0.003102  -0.003837   0.024848  -0.024112
 149   0.004518   0.041274  -0.050580   0.004788
 150   0.008695   0.018131  -0.023807  -0.003018
 151   0.011631   0.036020  -0.007487  -0.040164
 152  -0.029164  -0.017710  -0.003219   0.050093
 153   0.010662   0.022720  -0.045517   0.012135
 154   0.000985   0.049260  -0.020557  -0.029688
 155  -0.009846   0.009898  -0.008945   0.008893
 156   0.010380  -0.050381   0.035747   0.004254
 157   0.025319   0.020106   0.001514  -0.046938
 158   0.016407   0.000255   0.001681  -0.018342
 159   0.041481  -0.013078  -0.015966  -0.012437
 160  -0.021658   0.015602   0.018465  -0.012408
 161  -0.053956   0.051730   0.007202  -0.004976
 162   0.012701  -0.024812  -0.033177   0.045288
 163   0.069422   0.028047  -0.074802  -0.022666
 164   0.027335  -0.038745  -0.001764   0.013175
 165  -0.006805  -0.025827   0.031432   0.001201
 166  -0.080723   0.063249   0.059968  -0.042494
 167   0.035030  -0.025185  -0.009116  -0.000729
 168  -0.040389  -0.006048   0.025899   0.020538
 169   0.015986  -0.024935  -0.040515   0.049463
 170  -0.010680  -0.017713   0.065766  -0.037373
 171  -0.011235  -0.012292   0.040466  -0.016940
 172  -0.000441  -0.001436  -0.027614   0.029492
 173  -0.001058  -0.032153   0.005648   0.027563
 174  -0.019237  -0.049190   0.027027   0.041400
 175   0.022059   0.002167   0.016436  -0.040662
 176   0.008757  -0.018087   0.015712  -0.006383
 177  -0.000295  -0.035339   0.017087   0.018548
 178   0.023284  -0.019418   0.022247  -0.026113
 179  -0.022224   0.046109  -0.004780  -0.019104
