pos          info
        0  4.119539e-05
        1 -1.485408e-04
        2 -7.447003e-05
        3 -1.069843e-03
        4  3.417576e-06
        5  8.279138e-05
        6  1.321825e-04
        7 -3.504372e-06
        8  9.740485e-05
        9  2.427210e-04
       10 -3.035373e-05
       11 -2.371586e-04
       12  2.051227e-05
       13 -4.397211e-07
       14  1.529702e-03
       15  1.368301e-06
       16  8.796605e-05
       17  1.847231e-04
       18  2.290994e-05
       19 -5.096814e-05
       20 -1.328630e-04
       21 -5.568657e-04
       22 -1.357185e-10
       23 -5.969214e-05
       24  7.225057e-04
       25  7.273293e-06
       26  5.378785e-05
       27 -4.020825e-06
       28  7.319339e-04
       29  1.369786e-04
       30  2.128930e-05
       31 -3.239949e-05
       32  1.648569e-05
       33  4.423413e-05
       34  2.164664e-05
       35  2.572713e-04
       36 -1.931664e-05
       37  1.483008e-04
       38 -9.488083e-05
       39 -4.543288e-08
       40 -2.002401e-06
       41  5.041289e-06
       42  2.109021e-04
       43  4.627625e-05
       44  1.804738e-04
       45 -4.981502e-06
       46 -1.576250e-04
       47 -3.028357e-06
       48  1.046125e-06
       49  2.204246e-04
       50  1.703730e-04
       51  6.265172e-06
       52 -1.738071e-06
       53 -1.452437e-06
       54  6.719466e-05
       55  3.595214e-07
       56  1.382759e-06
       57 -3.249584e-04
       58  6.964893e-07
       59 -1.569363e-05
       60  5.124430e-06
       61  1.889006e-04
       62 -7.157593e-05
       63  6.513223e-04
       64 -8.330244e-04
       65  6.516862e-05
       66  1.505612e-04
       67  1.586912e-05
       68  2.806994e-05
       69 -1.826717e-04
       70  4.976634e-05
       71  1.429082e-04
       72  4.098660e-04
       73 -7.252028e-04
       74  5.082145e-04
       75  2.575451e-04
       76 -4.297226e-04
       77 -4.874423e-06
       78 -7.028139e-04
       79  8.774512e-05
       80  8.788819e-06
       81  1.928517e-05
       82 -7.751559e-06
       83  2.466155e-04
       84 -2.787951e-04
       85  1.016377e-04
       86 -1.159127e-04
       87  9.449052e-04
       88 -3.314969e-05
       89 -8.866814e-08
       90  2.095408e-05
       91  4.409455e-04
       92 -4.953593e-05
       93  3.689008e-05
       94 -7.378017e-04
       95  8.069183e-06
       96 -4.643791e-05
       97  9.955998e-05
       98  3.801273e-04
       99 -1.626469e-04
      100  6.860166e-05
      101  1.177311e-05
      102 -3.078976e-04
      103  1.420144e-05
      104 -5.307357e-04
      105  4.055073e-04
      106  3.655714e-04
      107  3.943427e-06
      108 -6.510281e-05
      109  9.468499e-06
      110  1.138995e-04
      111  1.823255e-04
      112 -4.989088e-05
      113  2.404153e-04
      114 -1.444915e-05
      115 -1.160937e-07
      116 -6.991199e-04
      117  2.097951e-05
      118  3.786593e-04
      119  1.850134e-06
      120 -1.815915e-04
      121 -1.943392e-04
      122  6.298291e-05
      123  4.024545e-05
      124  1.014566e-07
      125  1.303808e-04
      126  2.953915e-04
      127 -2.858829e-04
      128 -3.697808e-05
      129  7.641068e-05
      130  5.121387e-04
      131 -3.735591e-05
      132  1.119882e-06
      133  3.538805e-05
      134  6.144554e-05
      135  3.959470e-06
      136  5.121793e-07
      137  1.786190e-04
      138  2.051715e-05
      139  1.149701e-04
      140 -6.584987e-05
      141  7.415831e-05
      142 -1.157616e-04
      143 -7.084197e-05
      144  6.512236e-05
      145 -3.579025e-04
      146 -2.100536e-05
      147  5.675533e-04
      148  3.094414e-05
      149 -9.709284e-04
      150  1.835678e-04
      151  8.676004e-04
      152  3.365933e-04
      153 -2.418246e-05
      154 -7.429941e-07
      155 -2.662790e-04
      156  1.685693e-04
      157 -1.395511e-04
      158  6.006865e-05
      159  3.404416e-07