pos          info
        0  2.649122e-04
        1  2.516228e-04
        2 -3.364007e-04
        3  2.768479e-05
        4 -3.158064e-04
        5  7.089389e-05
        6  2.244831e-04
        7 -2.040078e-04
        8 -2.842656e-04
        9  2.053983e-04
       10  2.181690e-04
       11 -2.595653e-04
       12 -5.517125e-04
       13 -1.415690e-04
       14  2.230071e-04
       15 -1.278543e-04
       16  1.117747e-04
       17  2.550352e-05
       18 -4.550843e-04
       19 -1.936226e-06
       20 -3.210798e-04
       21 -1.247353e-03
       22  5.148620e-04
       23  1.522917e-03
       24  3.614260e-04
       25 -4.836787e-04
       26  5.696316e-05
       27  2.974186e-06
       28  9.704411e-04
       29 -6.946479e-06
       30 -9.533116e-06
       31  6.985783e-05
       32  7.790437e-04
       33 -2.954355e-05
       34 -6.690138e-04
       35 -1.030006e-04
       36 -2.890066e-05
       37  5.924231e-04
       38 -2.409397e-04
       39 -3.005249e-07
       40 -2.670131e-04
       41  2.314877e-05
       42  6.945903e-04
       43  4.944896e-05
       44 -3.484018e-06
       45  1.932543e-04
       46  1.248012e-05
       47 -1.444526e-03
       48  6.309795e-05
       49 -2.775745e-04
       50 -3.460400e-04
       51  2.622551e-04
       52  8.730647e-04
       53  1.471867e-05
       54  3.015513e-04
       55 -1.253007e-05
       56 -3.448357e-04
       57 -6.575270e-04
       58  4.271620e-05
       59  9.147098e-05
       60 -6.014465e-05
       61  1.264789e-05
       62  7.253124e-06
       63  2.039314e-03
       64  7.935331e-05
       65 -2.792219e-04
       66  7.596477e-04
       67 -2.449480e-04
       68  4.842596e-04
       69  7.767691e-04
       70  5.189321e-05
       71  4.269068e-04
       72  1.113986e-03
       73  7.664312e-08
       74  7.580640e-05
       75  9.959853e-05
       76  4.211738e-04
       77 -1.479144e-04
       78 -1.493132e-03
       79 -4.363134e-04
       80  3.711654e-05
       81 -1.299508e-04
       82  1.031159e-04
       83  6.863729e-06
       84  2.964336e-04
       85  3.540160e-05
       86 -3.289776e-04
       87 -1.481158e-04
       88 -1.111694e-05
       89 -3.534040e-06
       90  2.359572e-05
       91  4.499390e-04
       92 -4.192735e-07
       93 -4.312186e-05
       94 -1.950598e-05
       95  9.301224e-05
       96 -1.304147e-04
       97  5.321766e-04
       98 -1.607373e-03
       99 -9.476878e-04
      100  3.301137e-05
      101  3.752986e-05
      102  2.116650e-04
      103  7.311217e-05
      104 -3.077612e-05
      105 -1.607877e-07
      106 -1.623898e-07
      107  7.690964e-04
      108  2.086841e-04
      109  2.663854e-03
      110 -2.162691e-05
      111  3.379127e-05
      112 -2.421043e-04
      113  3.535406e-06
      114  1.778871e-04
      115  4.980541e-04
      116  1.539008e-03
      117  5.004812e-05
      118 -1.512338e-04
      119 -4.409392e-05
      120 -6.230398e-06
      121  8.460696e-05
      122  3.485862e-04
      123 -3.816140e-05
      124  1.357995e-05
      125 -4.703956e-04
      126  6.319835e-05
      127  2.891957e-05
      128 -2.537357e-06
      129  1.666629e-04
      130 -2.627277e-09
      131 -1.304247e-04
      132 -4.481214e-04
      133 -8.004817e-04
      134 -2.465413e-05
      135 -2.227011e-04
      136 -6.252906e-05
      137  5.587852e-05
      138 -5.882245e-08
      139  1.275543e-05
      140 -7.655928e-05
      141 -1.132441e-03
      142  1.791258e-04
      143  1.743195e-04
      144  2.881729e-05
      145 -1.137274e-04
      146  1.328716e-04
      147 -3.079086e-04
      148 -5.008014e-05
      149 -7.261410e-04
      150  2.808303e-05
      151 -9.764074e-05
      152  5.788947e-05
      153  1.721159e-06
      154 -6.103233e-06
      155 -3.407486e-05
      156 -2.209573e-05
      157  7.590520e-04
      158 -9.198169e-04
      159  6.397555e-05