pos          info
        0 -1.899645e-05
        1  3.456107e-05
        2  5.123862e-05
        3  8.479641e-05
        4 -3.268037e-05
        5 -4.112701e-05
        6 -5.464086e-05
        7  1.749001e-05
        8  6.936429e-05
        9  2.694014e-05
       10  2.334861e-05
       11 -2.129630e-05
       12  2.060697e-05
       13  6.068054e-05
       14  4.669956e-05
       15  1.619239e-04
       16  1.784116e-04
       17 -1.015072e-04
       18 -1.693767e-04
       19 -2.930635e-04
       20 -6.788492e-05
       21 -2.864395e-04
       22 -1.594743e-04
       23 -1.131475e-04
       24  1.754758e-04
       25  1.279732e-04
       26  2.908779e-04
       27  1.598128e-04
       28  1.508887e-04
       29  4.463858e-05
       30  4.011865e-05
       31  2.673690e-05
       32  1.023910e-05
       33  3.186787e-05
       34  1.247206e-04
       35  9.625109e-05
       36  1.200965e-04
       37  1.921148e-05
       38  3.419893e-05
       39  6.334739e-05
       40  1.781191e-04
       41  1.291218e-04
       42  1.975141e-07
       43 -6.212300e-05
       44 -3.304456e-05
       45  5.352573e-05
       46  3.660188e-06
       47 -1.038045e-05
       48 -1.332839e-04
       49 -3.290050e-04
       50 -3.125277e-04
       51 -2.255732e-04
       52 -7.051470e-05
       53  9.876375e-05
       54  1.038065e-04
       55  1.002102e-04
       56 -6.982082e-05
       57 -6.935174e-05
       58  1.155971e-05
       59 -5.492251e-05
       60 -1.681160e-05
       61 -1.489249e-04
       62 -7.110645e-05
       63 -8.865953e-05
       64  1.842272e-04
       65  2.456704e-04
       66  3.768410e-04
       67  2.180328e-04
       68  2.789684e-04
       69  1.378474e-04
       70  1.371608e-04
       71  3.116464e-06
       72  1.112749e-04
       73  1.099622e-04
       74  1.365266e-04
       75  4.995972e-05
       76  3.532318e-05
       77 -3.768286e-06
       78 -3.445905e-05
       79  1.007179e-04
       80  1.632952e-04
       81  2.208260e-04
       82  2.281045e-04
       83  1.860999e-04
       84  2.700828e-05
       85 -3.849578e-05
       86 -1.114834e-04
       87 -5.036043e-06
       88 -7.315087e-05
       89  6.096839e-06
       90  8.292194e-06
       91  2.941432e-06
       92 -2.497212e-04
       93 -2.740410e-04
       94 -2.233754e-04
       95  8.389395e-05
       96  2.060450e-04
       97  2.014594e-04
       98  1.326032e-04
       99  1.662343e-05
      100 -2.125220e-05
      101  7.865757e-05
      102  2.483668e-05
      103  8.710346e-05
      104 -1.191695e-04
      105 -2.379792e-04
      106 -3.387892e-04
      107 -1.943794e-04
      108  4.064802e-05
      109  8.432738e-05
      110  4.121582e-05
      111  1.927200e-05
      112 -5.463789e-05
      113  1.103419e-04
      114  6.414357e-05
      115  1.404978e-04
      116 -6.499951e-05
      117 -2.919217e-04
      118 -3.151490e-04
      119 -2.319196e-04
      120 -4.899797e-06
      121  3.644776e-05
      122  4.460941e-05
      123  7.681281e-05
      124  5.857269e-05
      125  4.936368e-05
      126 -4.560120e-05
      127  3.316057e-05
      128 -7.615304e-06
      129  7.848586e-05
      130  1.924247e-05
      131  8.459096e-05
      132  1.150087e-04
      133  8.644954e-05
      134 -1.585785e-05
      135 -4.978865e-05
      136 -4.160721e-05
      137 -2.563865e-04
      138 -2.363126e-04
      139 -1.191245e-04
      140  1.349175e-04
      141  1.212020e-04
      142 -6.839561e-08
      143  1.756374e-06
      144 -3.186698e-06
      145  1.245203e-04
      146  1.245641e-04
      147  1.330720e-04
      148  6.092134e-05
      149  3.730236e-06
      150 -1.467119e-04
      151 -2.048287e-04
      152 -1.998047e-04
      153 -9.394722e-05
      154 -8.854259e-05
      155  3.544510e-05
      156 -3.121257e-05
      157  0.000000e+00
      158  0.000000e+00
      159  0.000000e+00