pos      val_A      val_C      val_G      val_T
   0  -0.028594   0.034355  -0.007819   0.002058
   1  -0.016911  -0.013817   0.034423  -0.003695
   2   0.000440  -0.018280   0.009758   0.008082
   3   0.001309  -0.014821   0.025841  -0.012329
   4  -0.007195  -0.010710   0.029978  -0.012073
   5   0.004189   0.019965  -0.015684  -0.008470
   6  -0.029119  -0.001976  -0.009908   0.041003
   7   0.000020  -0.007983   0.011021  -0.003057
   8   0.019010  -0.010196   0.007036  -0.015850
   9   0.021349  -0.000770  -0.009635  -0.010944
  10  -0.002796   0.004746  -0.028432   0.026482
  11  -0.004728  -0.010799   0.009059   0.006468
  12   0.002846  -0.005304   0.001862   0.000596
  13  -0.005619   0.017460  -0.013526   0.001686
  14  -0.004292  -0.000323  -0.007015   0.011630
  15  -0.012273   0.018773   0.008844  -0.015344
  16   0.025256   0.000216  -0.007177  -0.018295
  17  -0.008054  -0.016915   0.038176  -0.013207
  18   0.003170   0.020085  -0.010075  -0.013180
  19  -0.040893  -0.014746   0.038399   0.017240
  20  -0.005829   0.001355   0.015670  -0.011196
  21  -0.027098   0.011551  -0.002341   0.017888
  22   0.005658   0.000319  -0.021385   0.015408
  23   0.030409  -0.001303  -0.046112   0.017005
  24   0.004849   0.025331  -0.009952  -0.020228
  25   0.043526  -0.023632  -0.019102  -0.000792
  26  -0.009779  -0.008590  -0.012823   0.031193
  27  -0.008840  -0.020572   0.015469   0.013943
  28  -0.023670  -0.005658   0.035536  -0.006208
  29   0.001475  -0.002063   0.010671  -0.010082
  30  -0.012126  -0.007154   0.008245   0.011035
  31   0.009757  -0.018702  -0.005512   0.014457
  32  -0.008107   0.024997   0.000154  -0.017045
  33  -0.006643  -0.002078   0.007864   0.000857
  34   0.028575  -0.016116  -0.020838   0.008379
  35  -0.007607  -0.011115   0.020338  -0.001617
  36   0.031258  -0.003814  -0.011526  -0.015918
  37   0.015595  -0.005361  -0.005539  -0.004695
  38  -0.016514   0.000196   0.032467  -0.016149
  39  -0.015706   0.002568   0.019615  -0.006477
  40  -0.008085   0.007528   0.003337  -0.002779
  41   0.012888  -0.011234  -0.010276   0.008622
  42  -0.016448  -0.005758  -0.011024   0.033230
  43   0.023567  -0.016184  -0.033353   0.025971
  44  -0.017874  -0.005090   0.018320   0.004644
  45  -0.020357   0.002566   0.004393   0.013398
  46  -0.005574  -0.002840  -0.010209   0.018623
  47  -0.007856  -0.013125   0.002507   0.018475
  48   0.005616  -0.005142   0.011672  -0.012146
  49  -0.000083  -0.010367   0.010163   0.000287
  50  -0.044866  -0.000445   0.032287   0.013023
  51   0.017509   0.015888   0.021635  -0.055032
  52   0.033857  -0.009704  -0.020499  -0.003654
  53   0.019754   0.008386  -0.028119  -0.000021
  54  -0.038774   0.002051   0.005904   0.030819
  55  -0.010041   0.006528  -0.005925   0.009438
  56  -0.015170   0.000264   0.027598  -0.012692
  57  -0.008454   0.009950  -0.007409   0.005913
  58  -0.014028  -0.004015   0.003686   0.014357
  59   0.001871   0.010866  -0.006925  -0.005812
  60  -0.005445   0.025530  -0.015879  -0.004205
  61  -0.029319  -0.021365  -0.009840   0.060524
  62  -0.007768  -0.008378   0.020107  -0.003961
  63   0.014991  -0.037063  -0.009199   0.031270
  64  -0.009350   0.000170  -0.000380   0.009560
  65  -0.001356  -0.003214   0.009451  -0.004881
  66   0.018916  -0.006576   0.005416  -0.017755
  67   0.008468  -0.011527   0.025858  -0.022798
  68   0.025155  -0.003509  -0.017748  -0.003897
  69  -0.003116   0.008506  -0.004440  -0.000951
  70   0.004786  -0.016353  -0.015185   0.026753
  71   0.010696   0.018766  -0.018515  -0.010947
  72  -0.019968   0.003454   0.000291   0.016224
  73  -0.011765   0.011621  -0.015678   0.015822
  74   0.002624  -0.024584  -0.014796   0.036755
  75   0.003445  -0.016679   0.007812   0.005422
  76   0.000519  -0.009937   0.016061  -0.006643
  77   0.026993  -0.023496  -0.011665   0.008168
  78   0.001206  -0.021238   0.027438  -0.007406
  79   0.019366  -0.013822   0.002646  -0.008190
  80   0.008212   0.001603  -0.000991  -0.008824
  81  -0.005173  -0.000178  -0.011447   0.016799
  82  -0.020366  -0.005502   0.046576  -0.020708
  83  -0.021216   0.003041  -0.002550   0.020724
  84  -0.017372  -0.009665  -0.010784   0.037821
  85   0.013728  -0.004259   0.010872  -0.020341
  86  -0.007297  -0.038509  -0.004646   0.050452
  87   0.042377  -0.008309  -0.019019  -0.015048
  88  -0.001790  -0.020196   0.004273   0.017713
  89   0.007905  -0.020175  -0.011012   0.023282
  90  -0.001913  -0.013278   0.015319  -0.000129
  91  -0.000037  -0.011993  -0.009059   0.021089
  92   0.018078   0.010746  -0.013793  -0.015031
  93   0.021441  -0.011354   0.004299  -0.014385
  94   0.042844  -0.035598   0.008419  -0.015665
  95   0.019267  -0.017943  -0.003700   0.002376
  96  -0.008510  -0.008704   0.004458   0.012757
  97  -0.012327   0.029827  -0.001616  -0.015883
  98  -0.007339   0.013313   0.009202  -0.015176
  99  -0.012064   0.019300  -0.009988   0.002752
 100  -0.006135  -0.000552  -0.011633   0.018320
 101   0.008740  -0.009217  -0.010493   0.010969
 102  -0.013028   0.014120   0.010044  -0.011136
 103  -0.009699  -0.029025   0.031400   0.007325
 104   0.011422  -0.011983  -0.015094   0.015655
 105  -0.003697   0.001900   0.012653  -0.010856
 106  -0.013646  -0.013935   0.032049  -0.004468
 107  -0.012953  -0.067247  -0.010460   0.090660
 108  -0.015365   0.004559   0.020963  -0.010157
 109  -0.005638   0.016017  -0.006867  -0.003512
 110   0.033443  -0.008830  -0.007250  -0.017363
 111   0.027364  -0.012400  -0.002943  -0.012021
 112  -0.014538  -0.007801   0.017783   0.004555
 113  -0.006883  -0.004765   0.008229   0.003419
 114   0.011334  -0.002887  -0.004105  -0.004342
 115   0.026523  -0.010774  -0.013921  -0.001828
 116  -0.034786   0.023328  -0.001589   0.013046
 117  -0.007309   0.013559  -0.007231   0.000981
 118   0.014083  -0.012896  -0.011732   0.010545
 119   0.004345  -0.000782  -0.021161   0.017597
 120   0.001767  -0.008529   0.021720  -0.014958
 121  -0.010750   0.025854  -0.004597  -0.010508
 122   0.001679  -0.000827   0.012985  -0.013837
 123  -0.004019   0.001692  -0.020348   0.022675
 124  -0.013040  -0.010757  -0.017099   0.040896
 125   0.032664  -0.007511  -0.018486  -0.006667
 126  -0.009482   0.013013  -0.007609   0.004078
 127   0.002946  -0.001825  -0.011929   0.010809
 128  -0.009432   0.012400  -0.012175   0.009207
 129   0.012415  -0.023373  -0.002644   0.013603
 130  -0.000463  -0.012219   0.018967  -0.006284
 131  -0.006617   0.015625  -0.026522   0.017514
 132  -0.006925  -0.002706   0.024604  -0.014972
 133  -0.018545  -0.004554   0.001312   0.021787
 134   0.021216  -0.009541  -0.028308   0.016632
 135   0.007370  -0.010973  -0.006095   0.009699
 136   0.028211  -0.001546   0.014720  -0.041385
 137  -0.000508  -0.000248  -0.001038   0.001794
 138  -0.010394  -0.008089  -0.001057   0.019541
 139  -0.004258  -0.025916   0.018679   0.011495
 140  -0.001904  -0.010922   0.022398  -0.009572
 141  -0.015700  -0.010541   0.005797   0.020444
 142   0.015878   0.000424  -0.004331  -0.011971
 143  -0.007221   0.004802   0.006732  -0.004314
 144  -0.006665   0.006972  -0.006515   0.006207
 145   0.017449  -0.013349  -0.001793  -0.002307
 146   0.026917  -0.016009  -0.005913  -0.004994
 147  -0.012593  -0.015380   0.040547  -0.012574
 148   0.008003  -0.006924   0.009065  -0.010143
 149  -0.005916   0.012648   0.003077  -0.009809
 150  -0.011216   0.015031  -0.011777   0.007962
 151   0.029327  -0.040908   0.001221   0.010360
 152   0.006969  -0.035470   0.012271   0.016230
 153   0.020662  -0.004628   0.000035  -0.016069
 154   0.013533  -0.019768   0.013411  -0.007177
 155  -0.006987   0.002323  -0.023445   0.028109
 156  -0.014444  -0.012829   0.036384  -0.009112
 157  -0.007505   0.003480  -0.000959   0.004984
 158   0.015324  -0.012263  -0.004867   0.001806
 159   0.007183  -0.002949   0.007156  -0.011390
 160  -0.002561  -0.008686   0.003128   0.008119
 161   0.018699  -0.021293   0.007255  -0.004660
 162  -0.012183   0.014883  -0.034535   0.031835
 163   0.016920  -0.004469  -0.013495   0.001043
 164  -0.035024   0.008928   0.024283   0.001813
 165   0.024552  -0.015121  -0.019038   0.009607
 166  -0.020230   0.000074   0.012109   0.008047
 167   0.026892  -0.005723  -0.024116   0.002947
 168  -0.017100   0.006576   0.007258   0.003267
 169   0.010068  -0.008967  -0.000085  -0.001016
 170   0.008301   0.009506  -0.023853   0.006046
 171   0.021698  -0.013455   0.025139  -0.033382
 172   0.019647   0.010925  -0.038475   0.007903
 173   0.023089  -0.020377  -0.041122   0.038410
 174   0.004171   0.012271  -0.012933  -0.003508
 175   0.023620   0.005214  -0.019942  -0.008891
 176   0.036282  -0.015347  -0.019610  -0.001325
 177   0.000944  -0.004991  -0.035095   0.039142
 178   0.008547  -0.000796  -0.025642   0.017891
 179   0.025446  -0.006167  -0.042178   0.022899
