pos          info
        0  2.377763e-05
        1 -1.530427e-05
        2 -4.082073e-07
        3 -3.876114e-05
        4 -1.594822e-04
        5 -2.156782e-05
        6 -1.155393e-06
        7 -9.355172e-06
        8 -1.787701e-05
        9 -1.292573e-04
       10 -1.285894e-04
       11 -4.072644e-05
       12 -1.831331e-05
       13 -6.512321e-05
       14 -7.123031e-05
       15 -4.794199e-07
       16 -4.906556e-05
       17 -3.246727e-04
       18 -3.968770e-06
       19  2.121268e-04
       20  6.125542e-05
       21  2.357781e-04
       22  1.261828e-05
       23  1.277541e-04
       24 -2.919145e-05
       25 -2.770275e-05
       26 -4.728883e-05
       27 -1.214158e-05
       28 -1.015557e-04
       29 -7.853551e-07
       30 -7.784386e-06
       31 -1.464030e-06
       32 -7.683906e-05
       33 -1.150402e-06
       34 -1.294905e-06
       35 -8.494100e-05
       36 -1.847449e-04
       37 -5.991128e-06
       38 -4.161753e-05
       39 -7.257575e-07
       40 -4.793707e-05
       41 -2.136819e-05
       42 -1.321492e-04
       43  9.279037e-05
       44  1.362123e-05
       45  3.190359e-04
       46  7.605235e-05
       47 -1.968340e-07
       48  2.114383e-05
       49  2.606914e-05
       50  1.493703e-04
       51  1.000056e-03
       52  1.302381e-04
       53  8.570006e-05
       54 -8.752556e-05
       55 -5.459012e-05
       56 -2.852101e-04
       57 -2.389616e-05
       58  7.355167e-05
       59 -4.883780e-06
       60 -1.534723e-05
       61  1.831676e-04
       62 -2.241148e-05
       63 -9.615815e-05
       64 -4.805224e-06
       65 -2.609627e-04
       66  8.805353e-06
       67  6.743399e-05
       68 -2.285589e-05
       69 -9.942192e-06
       70 -2.417770e-05
       71 -4.784981e-05
       72 -1.616605e-05
       73 -1.302277e-05
       74 -1.886169e-04
       75  1.219599e-04
       76  4.303538e-05
       77  7.887579e-07
       78  7.516463e-05
       79 -1.900979e-05
       80 -3.400451e-05
       81 -6.996564e-05
       82 -4.585620e-04
       83 -1.213999e-04
       84 -2.247004e-04
       85 -8.861232e-06
       86  3.307504e-04
       87 -1.763848e-04
       88  1.730024e-05
       89 -5.138766e-06
       90  2.131142e-04
       91 -1.750142e-04
       92  1.164740e-06
       93  1.083358e-04
       94  2.522214e-04
       95 -3.569688e-05
       96 -1.573431e-08
       97 -5.562460e-05
       98  1.998966e-05
       99  2.193721e-05
      100  1.029535e-04
      101 -6.045445e-05
      102 -3.252308e-06
      103 -2.101156e-04
      104 -4.508333e-06
      105  2.801655e-06
      106  5.255757e-06
      107 -7.898071e-04
      108 -5.235183e-05
      109 -1.693317e-04
      110 -1.839059e-04
      111 -1.025022e-05
      112 -6.217348e-06
      113 -2.829631e-06
      114 -1.617761e-04
      115 -4.395043e-05
      116  4.961261e-05
      117  4.687215e-06
      118  5.044017e-05
      119 -1.968182e-05
      120 -1.788573e-05
      121 -6.128585e-05
      122 -5.252977e-05
      123 -1.638660e-05
      124 -1.107880e-04
      125 -1.898827e-04
      126 -2.613839e-06
      127 -2.278284e-04
      128 -2.891149e-06
      129 -4.877821e-05
      130  2.041566e-05
      131 -5.666455e-05
      132 -8.960082e-05
      133 -8.797568e-05
      134  1.645712e-06
      135  1.800531e-06
      136 -4.641310e-04
      137 -2.673231e-05
      138  1.001046e-04
      139  4.547312e-04
      140 -6.108368e-05
      141 -1.271227e-05
      142  5.374513e-07
      143  2.409177e-05
      144  2.362653e-05
      145 -2.337288e-05
      146 -7.873914e-05
      147 -7.004435e-05
      148 -2.756829e-05
      149  3.058228e-05
      150  2.544975e-05
      151  4.220791e-04
      152  1.941589e-05
      153  2.955794e-06
      154  3.189635e-06
      155  2.302771e-04
      156 -6.776629e-06
      157 -9.384769e-06
      158 -7.196575e-06
      159 -1.214757e-05