pos      val_A      val_C      val_G      val_T
   0  -0.017935   0.018169  -0.003914   0.003680
   1   0.008733  -0.029666   0.023947  -0.003013
   2  -0.011793  -0.023292   0.010978   0.024107
   3  -0.000289  -0.007422   0.031664  -0.023953
   4  -0.022179   0.003687   0.029475  -0.010983
   5  -0.015540   0.015463  -0.017698   0.017774
   6  -0.021067   0.015486  -0.018765   0.024345
   7   0.006862  -0.019578   0.012466   0.000249
   8   0.041010   0.009304  -0.011931  -0.038384
   9   0.032630  -0.007515  -0.011668  -0.013447
  10   0.012408   0.015254  -0.041985   0.014322
  11   0.007192  -0.007450   0.013582  -0.013323
  12  -0.010325  -0.013215   0.025897  -0.002358
  13   0.002158   0.008993  -0.004271  -0.006880
  14  -0.023758   0.010816   0.001824   0.011119
  15  -0.010111   0.022333   0.026893  -0.039115
  16   0.014096  -0.000600  -0.006019  -0.007477
  17  -0.017423  -0.015778   0.031163   0.002038
  18  -0.013584   0.022771  -0.021398   0.012211
  19  -0.039821  -0.009230   0.063349  -0.014299
  20  -0.004758   0.013924   0.022959  -0.032125
  21  -0.029786   0.006521  -0.022796   0.046061
  22   0.011391   0.002708  -0.044767   0.030668
  23   0.020564   0.002530  -0.035867   0.012772
  24   0.001709   0.032489  -0.026157  -0.008041
  25   0.045949  -0.030517  -0.028170   0.012738
  26  -0.009285  -0.012702  -0.005171   0.027158
  27   0.013603  -0.009238   0.004531  -0.008896
  28  -0.003838   0.006478   0.008652  -0.011292
  29   0.006430   0.002453   0.005625  -0.014509
  30  -0.010985  -0.015107   0.018580   0.007513
  31   0.019230  -0.016900   0.010915  -0.013245
  32  -0.029983   0.020068   0.005506   0.004409
  33  -0.020589   0.000285   0.002620   0.017683
  34   0.024077  -0.000346  -0.036264   0.012532
  35  -0.012376  -0.007119  -0.004954   0.024448
  36   0.031431  -0.008006  -0.031070   0.007644
  37   0.019942  -0.033758  -0.006995   0.020810
  38  -0.026644  -0.018283   0.047813  -0.002887
  39  -0.045077   0.021753   0.034260  -0.010936
  40   0.030616  -0.005556  -0.029442   0.004382
  41   0.029676  -0.019292  -0.006302  -0.004082
  42   0.010095  -0.019131  -0.029560   0.038596
  43   0.037908  -0.023164  -0.052600   0.037856
  44   0.003963  -0.021795   0.009515   0.008317
  45  -0.010172   0.006380  -0.001866   0.005658
  46   0.029836  -0.021842  -0.034092   0.026098
  47  -0.005465  -0.031162   0.005018   0.031610
  48   0.007016  -0.008752   0.006131  -0.004395
  49  -0.021104  -0.017092   0.012466   0.025730
  50  -0.031697  -0.007405   0.042847  -0.003745
  51  -0.003683   0.024992   0.027451  -0.048761
  52   0.021482  -0.002815  -0.013422  -0.005245
  53   0.002180   0.021346  -0.016569  -0.006957
  54  -0.006607  -0.003009  -0.009537   0.019153
  55  -0.005838  -0.013081  -0.023488   0.042407
  56  -0.006103  -0.004380   0.002101   0.008383
  57  -0.002187   0.007280  -0.014395   0.009303
  58  -0.006452  -0.003747   0.017844  -0.007644
  59   0.006797  -0.006762   0.012586  -0.012621
  60  -0.000206   0.027375   0.011392  -0.038560
  61  -0.035889  -0.042774   0.016142   0.062521
  62  -0.016506  -0.002343   0.036318  -0.017469
  63   0.020179  -0.005916  -0.030045   0.015782
  64   0.013218  -0.018423   0.002497   0.002707
  65  -0.013287  -0.016315   0.025106   0.004495
  66   0.028888  -0.006385  -0.009799  -0.012704
  67   0.011430   0.003431   0.007674  -0.022535
  68   0.038656  -0.008020  -0.021934  -0.008702
  69  -0.001998   0.023097  -0.020535  -0.000564
  70   0.013487   0.001967  -0.028567   0.013113
  71  -0.001178   0.040780  -0.030218  -0.009383
  72   0.011356  -0.014042   0.007677  -0.004991
  73  -0.010200   0.018180  -0.010426   0.002447
  74  -0.011978  -0.015671  -0.003498   0.031146
  75  -0.017823  -0.008836   0.001376   0.025282
  76   0.005026  -0.003143   0.017246  -0.019128
  77   0.015193  -0.032518  -0.016768   0.034094
  78   0.012328  -0.008715   0.012960  -0.016573
  79   0.027472  -0.027128   0.009440  -0.009784
  80   0.041500  -0.006334  -0.009473  -0.025693
  81  -0.029133  -0.005274  -0.005430   0.039838
  82  -0.014051  -0.015164   0.057639  -0.028424
  83  -0.003381  -0.011048  -0.013550   0.027979
  84  -0.022048  -0.012069   0.006723   0.027393
  85   0.010081   0.010456   0.011184  -0.031721
  86  -0.022191  -0.067260   0.011410   0.078041
  87   0.053186  -0.011046  -0.015885  -0.026255
  88   0.007342  -0.041449   0.008853   0.025254
  89   0.007548  -0.004803  -0.021639   0.018894
  90   0.029404  -0.014297   0.000360  -0.015467
  91  -0.007294  -0.019449   0.005284   0.021460
  92   0.007889   0.012205  -0.009785  -0.010309
  93   0.023374  -0.008901  -0.009056  -0.005417
  94   0.040508  -0.062889   0.036699  -0.014318
  95   0.008867  -0.004993   0.001639  -0.005512
  96  -0.023140   0.017512  -0.008250   0.013878
  97   0.005129   0.029911  -0.006361  -0.028680
  98  -0.004028   0.015452   0.021194  -0.032618
  99  -0.023822   0.026614  -0.002161  -0.000630
 100   0.001236   0.016744  -0.034669   0.016690
 101   0.003001  -0.000428  -0.011943   0.009370
 102  -0.011447   0.027030  -0.023884   0.008301
 103  -0.004325  -0.040695   0.027338   0.017682
 104  -0.006607  -0.024193  -0.010994   0.041794
 105  -0.000005  -0.013227   0.018657  -0.005425
 106  -0.018336  -0.002218   0.016999   0.003556
 107  -0.049314  -0.038097  -0.018078   0.105490
 108   0.014408  -0.007268   0.010212  -0.017351
 109   0.007665   0.017432  -0.024898  -0.000199
 110   0.055691  -0.008626  -0.036901  -0.010164
 111   0.027286   0.008780  -0.022316  -0.013750
 112  -0.013976  -0.018912   0.027247   0.005641
 113  -0.009025  -0.022430   0.030977   0.000478
 114  -0.004046  -0.005360   0.008607   0.000799
 115   0.020376   0.000609   0.010569  -0.031555
 116  -0.037598   0.031278   0.003160   0.003160
 117   0.023829   0.027562  -0.015158  -0.036234
 118   0.028850  -0.028385  -0.008575   0.008111
 119  -0.008611  -0.000009  -0.015413   0.024032
 120  -0.015294  -0.003536   0.018693   0.000137
 121  -0.015241   0.026004  -0.003628  -0.007135
 122  -0.021020  -0.008243   0.021653   0.007610
 123  -0.003563   0.002528  -0.007112   0.008148
 124  -0.023033  -0.010701  -0.010066   0.043800
 125   0.028471  -0.015902  -0.009179  -0.003390
 126  -0.017246  -0.012760   0.008535   0.021471
 127   0.014993  -0.011249  -0.027149   0.023404
 128   0.004151   0.010494  -0.012745  -0.001901
 129   0.003697  -0.014249  -0.011540   0.022093
 130  -0.015034  -0.014201   0.016984   0.012251
 131  -0.000091   0.029101  -0.021913  -0.007097
 132  -0.020548   0.006404   0.033525  -0.019382
 133  -0.012435  -0.019250  -0.016748   0.048432
 134   0.039086  -0.024821  -0.024965   0.010700
 135  -0.008761   0.025167  -0.003520  -0.012887
 136   0.039898  -0.007078   0.004776  -0.037597
 137  -0.021862   0.011312   0.001818   0.008733
 138   0.037135  -0.026949  -0.010381   0.000194
 139   0.010684  -0.054153   0.015486   0.027983
 140  -0.017236   0.013579   0.009261  -0.005604
 141  -0.010997  -0.006049   0.007659   0.009387
 142   0.028622  -0.011424  -0.003234  -0.013964
 143  -0.006224  -0.003677   0.010798  -0.000898
 144  -0.000094  -0.003797   0.018542  -0.014651
 145  -0.003405   0.017398  -0.010292  -0.003700
 146   0.011195  -0.015077   0.002333   0.001550
 147  -0.013279   0.008754   0.008993  -0.004468
 148   0.031693  -0.018294   0.016511  -0.029909
 149  -0.020526   0.000946   0.038413  -0.018833
 150  -0.023135   0.038610  -0.014757  -0.000718
 151   0.033630  -0.024819  -0.012539   0.003729
 152   0.003208  -0.032467   0.005365   0.023895
 153   0.026808  -0.015506  -0.012096   0.000793
 154  -0.009102  -0.016548  -0.001562   0.027213
 155  -0.007876  -0.004277  -0.017966   0.030118
 156  -0.026739   0.011952   0.032592  -0.017805
 157  -0.009064  -0.004392   0.014904  -0.001447
 158   0.017436  -0.020341   0.010273  -0.007368
 159   0.013654  -0.007463   0.012749  -0.018939
 160   0.008375  -0.026665  -0.005471   0.023761
 161   0.012903  -0.032957   0.022195  -0.002141
 162   0.004658   0.010650   0.001396  -0.016704
 163  -0.010038   0.006544   0.003025   0.000469
 164   0.018370   0.006482  -0.021170  -0.003681
 165   0.051417  -0.019147  -0.038460   0.006190
 166  -0.008076  -0.021845   0.026226   0.003695
 167   0.032011  -0.002861  -0.001802  -0.027348
 168  -0.007879   0.003206  -0.004421   0.009094
 169  -0.001975  -0.023898   0.019251   0.006622
 170   0.013593  -0.011011  -0.017344   0.014763
 171   0.034671  -0.029214   0.020098  -0.025555
 172   0.035328  -0.000968  -0.033282  -0.001078
 173   0.023543  -0.028546  -0.003098   0.008101
 174   0.017802  -0.000792  -0.012543  -0.004467
 175   0.048627  -0.010673  -0.038625   0.000671
 176   0.021192   0.008894  -0.049465   0.019379
 177   0.042068   0.004753  -0.063550   0.016729
 178   0.029332   0.007196  -0.072386   0.035858
 179   0.025503  -0.018297  -0.043272   0.036066
