pos          info
        0 -1.448100e-04
        1 -2.192639e-04
        2 -1.990143e-04
        3 -2.914773e-04
        4 -2.261969e-04
        5  1.303452e-06
        6  8.899264e-05
        7  6.455170e-05
        8 -4.974577e-05
        9 -1.745211e-04
       10 -1.005084e-04
       11 -1.005011e-04
       12  1.546716e-05
       13 -2.617286e-06
       14 -2.074464e-05
       15 -9.741973e-05
       16  7.459742e-06
       17  5.836674e-06
       18  9.464094e-05
       19 -1.392623e-05
       20  1.553060e-06
       21 -9.692698e-05
       22 -4.569113e-05
       23  2.274317e-05
       24  1.522610e-04
       25  2.199197e-04
       26  1.077537e-04
       27  6.792972e-05
       28 -5.297065e-05
       29  9.872241e-05
       30  1.385161e-04
       31  1.266131e-04
       32  4.906425e-05
       33  2.057387e-05
       34  8.480093e-05
       35  6.413870e-05
       36  9.016030e-05
       37  3.752984e-05
       38  3.183413e-05
       39 -3.431178e-05
       40 -3.894393e-05
       41 -6.020348e-05
       42 -1.858397e-05
       43 -1.046068e-04
       44 -8.317187e-05
       45 -7.414986e-05
       46  3.518062e-05
       47  3.236914e-05
       48  1.512223e-05
       49 -2.790858e-05
       50  3.652105e-05
       51  4.050141e-05
       52  5.420772e-05
       53 -3.555490e-05
       54 -1.113190e-04
       55 -1.597686e-04
       56 -1.677709e-04
       57 -7.089533e-05
       58  2.102481e-05
       59  1.396099e-07
       60  5.186448e-06
       61 -1.619228e-05
       62 -3.302442e-06
       63 -3.621631e-05
       64 -4.840589e-05
       65 -5.471022e-06
       66  1.673910e-04
       67  1.741422e-04
       68  7.942186e-05
       69 -9.191341e-05
       70 -9.791397e-05
       71  5.921408e-05
       72  2.257359e-05
       73  4.282174e-05
       74 -1.718613e-05
       75  2.253273e-04
       76  2.399559e-04
       77  1.882847e-04
       78  5.394011e-05
       79  1.592091e-04
       80  2.256143e-04
       81  3.956476e-04
       82  3.163206e-04
       83  2.970374e-04
       84  6.658335e-05
       85  9.410697e-06
       86  2.464225e-06
       87 -3.562215e-05
       88 -3.805128e-05
       89 -8.991125e-05
       90  8.782890e-05
       91  1.010239e-04
       92  1.912849e-04
       93  1.528011e-05
       94 -1.741657e-04
       95 -1.224207e-04
       96 -5.175052e-05
       97  5.009926e-05
       98 -3.609063e-04
       99 -4.056380e-04
      100 -3.282038e-04
      101 -1.113553e-04
      102  5.445816e-05
      103  2.902419e-04
      104  2.662817e-04
      105  1.905597e-04
      106  2.188815e-04
      107  4.880546e-04
      108  4.031450e-04
      109  1.474563e-04
      110  9.275965e-06
      111 -1.492165e-05
      112 -2.706299e-05
      113  1.063707e-04
      114  1.255455e-04
      115 -4.204397e-05
      116  3.843849e-05
      117  1.184288e-04
      118  2.747139e-04
      119  1.734997e-05
      120 -8.338691e-05
      121 -9.065529e-05
      122  2.331009e-06
      123  1.015295e-07
      124  2.374922e-05
      125 -8.847283e-05
      126 -2.523458e-05
      127  1.464895e-06
      128  1.050113e-04
      129  6.652681e-05
      130  4.094323e-05
      131  5.810554e-06
      132  6.396527e-05
      133  2.678420e-05
      134  2.435380e-05
      135 -1.794315e-05
      136  1.179611e-04
      137  1.209170e-04
      138  1.026687e-04
      139 -6.677103e-05
      140 -5.145725e-05
      141 -2.324531e-04
      142 -6.615769e-05
      143 -1.650167e-04
      144 -1.108957e-05
      145 -1.093737e-04
      146 -9.697890e-06
      147  6.895188e-06
      148 -4.359568e-06
      149 -1.513181e-05
      150 -8.997682e-05
      151  3.371720e-05
      152  4.251363e-05
      153  1.382765e-04
      154  5.156961e-06
      155 -6.371264e-06
      156  1.088861e-04
      157  0.000000e+00
      158  0.000000e+00
      159  0.000000e+00