pos          info
        0  1.158688e-04
        1  3.621270e-04
        2  2.197292e-06
        3  6.194266e-05
        4  3.932642e-05
        5  3.148646e-05
        6 -1.005385e-05
        7 -4.726241e-05
        8  7.063779e-05
        9  1.186205e-04
       10  8.017884e-05
       11  3.261687e-04
       12 -1.659422e-04
       13 -4.827038e-05
       14 -1.997995e-06
       15 -1.124701e-04
       16 -2.624757e-05
       17 -2.072592e-04
       18 -1.958940e-04
       19  6.174387e-05
       20  2.020728e-05
       21  1.559256e-04
       22  1.168716e-04
       23 -6.274598e-04
       24 -4.881430e-05
       25 -2.409513e-04
       26 -2.650089e-05
       27 -1.843373e-04
       28  1.253934e-04
       29 -5.595386e-05
       30 -7.768118e-06
       31 -2.761707e-04
       32 -1.035274e-04
       33 -7.880078e-05
       34 -2.638291e-05
       35 -4.488988e-05
       36 -2.130552e-06
       37 -2.169376e-04
       38  3.419143e-05
       39  1.099150e-05
       40  3.548940e-05
       41  4.168880e-07
       42  1.868123e-04
       43  3.339596e-05
       44 -7.108978e-06
       45 -2.074765e-06
       46 -2.467108e-05
       47 -1.446419e-05
       48 -4.469444e-04
       49 -2.304190e-04
       50 -1.351571e-04
       51 -1.470816e-04
       52 -3.526363e-04
       53 -9.666007e-07
       54 -3.716192e-05
       55 -4.391324e-06
       56  6.669875e-06
       57  7.153422e-07
       58  4.429047e-04
       59  4.038703e-06
       60  7.691712e-06
       61  3.352796e-04
       62 -1.094362e-05
       63 -1.295376e-04
       64 -5.661888e-05
       65 -2.379379e-04
       66 -2.339008e-04
       67 -3.931254e-05
       68  3.076816e-05
       69  5.171080e-06
       70  6.861875e-04
       71 -1.389912e-04
       72  4.345096e-05
       73 -1.288702e-04
       74  3.483565e-04
       75 -9.043613e-05
       76 -9.818810e-05
       77 -2.579634e-04
       78 -1.084664e-04
       79 -1.309523e-05
       80 -4.034921e-04
       81 -1.329930e-03
       82 -1.849257e-04
       83 -4.873679e-04
       84 -1.547735e-05
       85 -3.497119e-05
       86  2.455346e-05
       87  8.172588e-07
       88  4.680017e-06
       89  4.731394e-07
       90 -4.780258e-05
       91 -7.797273e-06
       92 -1.703448e-04
       93  5.723261e-06
       94  1.834869e-04
       95  5.709695e-04
       96 -2.330453e-04
       97 -1.001623e-04
       98  2.596964e-05
       99  1.845493e-04
      100  8.247729e-04
      101 -2.252002e-04
      102 -1.222401e-04
      103 -5.006187e-06
      104 -7.124474e-04
      105 -2.615451e-04
      106 -4.511340e-04
      107 -2.086832e-04
      108 -1.643240e-04
      109 -1.763174e-05
      110 -5.790494e-06
      111 -2.461179e-04
      112 -6.580754e-05
      113 -1.156588e-05
      114 -1.571553e-05
      115 -1.340282e-04
      116 -1.114515e-04
      117 -3.570054e-04
      118 -1.028867e-03
      119 -1.801185e-05
      120  2.178267e-04
      121  1.962174e-05
      122  2.083326e-04
      123  3.648556e-05
      124  2.350476e-04
      125  8.613584e-05
      126 -4.661813e-05
      127 -1.438345e-04
      128 -1.259650e-04
      129 -2.205652e-04
      130 -4.211935e-05
      131 -1.119225e-04
      132 -1.095239e-04
      133 -1.272993e-04
      134  1.442355e-05
      135 -8.956255e-09
      136 -8.550911e-05
      137 -1.121335e-04
      138 -6.767035e-04
      139  3.630861e-05
      140 -2.310904e-06
      141  6.500906e-05
      142  4.479969e-05
      143  9.254360e-04
      144  2.348211e-04
      145  8.557811e-04
      146 -3.234431e-06
      147 -6.627280e-05
      148 -1.254600e-06
      149 -5.826480e-05
      150 -1.033432e-04
      151  2.834859e-04
      152 -1.847722e-05
      153 -3.667609e-05
      154 -4.828274e-06
      155 -4.448432e-07
      156 -4.872755e-05
      157 -6.982467e-06
      158 -9.541607e-05
      159 -5.538257e-04