pos          info
        0 -1.732853e-03
        1 -5.786639e-07
        2 -5.447408e-04
        3 -3.628927e-04
        4 -4.723711e-03
        5  4.364278e-04
        6  5.554577e-05
        7 -5.892719e-06
        8 -2.248415e-04
        9 -1.042081e-03
       10 -3.034486e-03
       11 -1.482043e-03
       12 -4.822290e-04
       13 -4.450254e-04
       14 -5.366569e-04
       15 -1.009114e-02
       16  5.918446e-05
       17  3.805698e-04
       18 -5.880493e-04
       19 -2.990198e-04
       20 -3.668408e-03
       21 -1.958527e-04
       22 -4.395216e-04
       23 -8.606855e-04
       24  9.782344e-06
       25 -2.008874e-03
       26  1.228441e-03
       27 -5.710588e-03
       28  3.602885e-03
       29  8.067400e-05
       30  3.313956e-04
       31  2.603461e-03
       32  3.282605e-04
       33  3.920696e-03
       34  5.438112e-03
       35  1.716324e-03
       36 -3.747651e-05
       37 -2.057813e-04
       38 -1.516960e-03
       39 -2.415581e-03
       40 -3.292098e-03
       41 -3.862103e-03
       42 -1.699569e-03
       43 -3.555365e-03
       44 -2.855595e-03
       45 -2.226469e-03
       46 -5.869335e-05
       47 -4.455321e-05
       48 -2.467771e-06
       49  8.103229e-05
       50 -4.624710e-05
       51  2.184218e-03
       52  2.967529e-04
       53  3.209717e-04
       54  4.277161e-07
       55  7.911907e-05
       56 -2.784656e-05
       57  3.221782e-04
       58 -6.641070e-04
       59 -8.114694e-04
       60 -1.699354e-03
       61 -2.923502e-03
       62 -3.608680e-04
       63 -2.883308e-04
       64 -1.502038e-03
       65 -7.220963e-04
       66 -4.067980e-04
       67 -1.945957e-03
       68 -2.522959e-06
       69 -1.518028e-03
       70  2.302843e-03
       71 -3.571747e-04
       72 -1.924455e-04
       73  7.338564e-07
       74  4.299960e-04
       75 -3.557367e-04
       76 -1.690334e-04
       77 -1.546632e-02
       78 -2.628482e-04
       79 -4.291735e-03
       80 -1.181563e-02
       81 -8.313122e-05
       82 -4.957412e-03
       83 -4.898576e-03
       84 -2.497146e-04
       85 -9.754702e-04
       86 -1.438747e-03
       87 -2.477602e-03
       88 -1.633682e-03
       89 -5.095964e-07
       90  1.092425e-06
       91  8.485437e-05
       92  9.092815e-04
       93  4.321615e-04
       94  8.892422e-03
       95 -1.217249e-03
       96 -5.737087e-04
       97 -5.987138e-04
       98 -3.847391e-03
       99 -2.908413e-05
      100  4.154913e-04
      101  1.542450e-03
      102 -8.289109e-04
      103 -2.174487e-04
      104 -6.122516e-04
      105  7.314671e-04
      106 -1.242718e-04
      107 -1.951252e-03
      108 -4.793677e-04
      109 -6.973331e-04
      110  1.854089e-03
      111 -5.631477e-04
      112  2.531207e-03
      113  3.600040e-03
      114  8.645134e-03
      115  9.356665e-05
      116  7.475328e-04
      117 -9.675512e-04
      118 -4.747383e-03
      119 -8.420773e-03
      120 -2.134291e-02
      121 -7.738404e-03
      122 -2.918286e-02
      123 -3.234628e-03
      124  1.077003e-04
      125  3.116312e-03
      126  6.770058e-03
      127 -8.269711e-04
      128 -2.980873e-04
      129 -6.603893e-04
      130 -7.458546e-05
      131 -2.012930e-03
      132 -1.582754e-03
      133 -3.360691e-04
      134 -8.853441e-04
      135 -1.102415e-03
      136 -1.979436e-03
      137 -4.470923e-03
      138 -3.709831e-04
      139 -1.094235e-03
      140 -1.156645e-02
      141  5.662902e-03
      142  3.540351e-03
      143  1.092737e-01
      144 -4.917612e-03
      145 -1.541434e-02
      146 -9.157931e-03
      147 -1.263384e-02
      148 -2.578909e-02
      149  4.008390e-03
      150  6.874032e-03
      151  8.333182e-04
      152  1.524642e-03
      153 -3.507457e-03
      154 -3.260646e-05
      155 -9.659300e-04
      156 -2.426992e-04
      157 -1.476584e-04
      158 -2.034898e-04
      159 -7.674481e-04