pos          info
        0  1.055795e-04
        1  1.055151e-04
        2  1.578638e-04
        3  5.087759e-05
        4  4.634200e-05
        5 -7.044897e-06
        6 -1.683913e-05
        7  4.832676e-05
        8  3.143827e-05
        9  4.192136e-05
       10 -2.617229e-05
       11  3.728907e-06
       12  3.760467e-06
       13  4.413597e-05
       14  6.374420e-05
       15  6.247852e-05
       16  3.049242e-05
       17  3.205100e-05
       18  6.901384e-05
       19  4.683973e-05
       20  3.657212e-05
       21  4.241534e-05
       22  6.112689e-05
       23  2.773504e-05
       24  1.078490e-07
       25  4.004839e-05
       26  5.055921e-05
       27  3.718532e-05
       28  1.104898e-05
       29 -8.368715e-05
       30 -3.694241e-05
       31 -4.923694e-05
       32 -1.520437e-04
       33 -8.969401e-05
       34 -8.515047e-05
       35  8.996867e-05
       36 -1.638049e-05
       37 -3.300341e-05
       38  1.361004e-04
       39  1.904198e-04
       40  3.056967e-04
       41  2.919389e-04
       42  2.824514e-04
       43  2.168313e-04
       44  8.748241e-05
       45  3.818629e-05
       46  2.057883e-06
       47  6.263329e-06
       48  9.194422e-06
       49  5.832505e-06
       50  8.492290e-05
       51  4.753148e-05
       52 -2.255628e-05
       53 -1.446134e-04
       54 -1.052939e-04
       55  2.687395e-05
       56  2.677911e-05
       57  1.327492e-05
       58 -2.160589e-05
       59  3.673213e-05
       60  7.678880e-05
       61  5.645097e-05
       62  1.115813e-04
       63  1.044816e-04
       64  1.307157e-04
       65  7.815483e-05
       66  4.575921e-05
       67 -1.784773e-07
       68 -1.986623e-05
       69  4.244083e-05
       70  5.865461e-05
       71  4.766587e-05
       72 -1.471805e-05
       73 -5.817710e-06
       74  1.102171e-06
       75  1.113718e-04
       76  1.467195e-04
       77  1.641275e-04
       78  3.940352e-04
       79  3.466700e-04
       80  3.348400e-04
       81  2.670032e-05
       82  6.030520e-05
       83  1.011213e-04
       84  3.637260e-05
       85  7.128109e-05
       86  1.711154e-04
       87  2.318574e-04
       88  1.777929e-04
       89  3.740479e-05
       90  1.432866e-05
       91 -6.387732e-06
       92 -3.126584e-05
       93 -2.738140e-05
       94 -1.821252e-05
       95 -6.900287e-05
       96  6.713538e-06
       97  1.842738e-05
       98  8.635914e-05
       99  4.646875e-06
      100  3.780734e-06
      101  3.234545e-06
      102  2.027856e-05
      103 -7.861185e-05
      104 -4.760045e-05
      105 -2.001728e-04
      106 -1.108360e-04
      107 -1.239623e-04
      108  1.642719e-04
      109  1.152086e-04
      110  2.185788e-05
      111 -9.330889e-05
      112 -1.732323e-04
      113 -9.055923e-05
      114 -1.234350e-04
      115 -1.031263e-05
      116  4.815732e-05
      117  2.028609e-04
      118  4.720193e-04
      119  6.186410e-04
      120  1.067024e-03
      121  9.618094e-04
      122  7.499710e-04
      123  1.111276e-04
      124 -9.252790e-05
      125 -9.757759e-05
      126 -5.395239e-05
      127  5.541013e-05
      128  8.707305e-06
      129 -4.387877e-05
      130 -5.282290e-05
      131  4.532566e-06
      132 -2.467873e-05
      133 -9.047442e-05
      134 -3.700592e-05
      135  5.289671e-06
      136 -2.331724e-05
      137 -6.851372e-05
      138  3.175603e-04
      139  4.652238e-04
      140  3.364089e-04
      141 -3.877041e-03
      142 -3.874200e-03
      143 -3.532658e-03
      144  4.277430e-04
      145  7.008298e-04
      146  7.461249e-04
      147  6.034881e-04
      148  5.650653e-05
      149 -2.151948e-04
      150 -1.843489e-04
      151 -1.814304e-04
      152 -1.911487e-04
      153 -1.994708e-04
      154 -3.169830e-05
      155 -2.896646e-05
      156 -3.835845e-05
      157  0.000000e+00
      158  0.000000e+00
      159  0.000000e+00