pos          info
        0  4.977491e-05
        1 -8.965447e-06
        2  1.927135e-04
        3 -2.377479e-05
        4  1.537381e-04
        5  4.891706e-05
        6 -1.031389e-05
        7 -1.487876e-05
        8 -5.445403e-05
        9  5.608011e-04
       10  8.268141e-05
       11  6.462807e-06
       12 -6.803762e-05
       13  3.394010e-04
       14  4.010810e-04
       15  4.885622e-04
       16 -4.276672e-05
       17 -2.123195e-04
       18  9.840608e-05
       19  9.006201e-05
       20  4.201550e-05
       21  2.353026e-06
       22  4.672332e-06
       23  9.869557e-08
       24 -2.567641e-04
       25 -8.386765e-05
       26  1.008895e-04
       27  7.249354e-06
       28 -4.451285e-05
       29  3.728552e-05
       30  4.922431e-05
       31 -7.034427e-05
       32  1.547852e-04
       33 -2.725328e-05
       34 -2.010084e-04
       35  1.340744e-04
       36 -5.712602e-09
       37 -3.154125e-06
       38 -1.051819e-08
       39 -6.277260e-05
       40  3.171694e-05
       41  2.954998e-04
       42  1.279219e-04
       43  1.532842e-04
       44 -3.056526e-06
       45 -7.443543e-05
       46  1.232220e-04
       47 -6.457295e-06
       48  1.719607e-07
       49 -8.222484e-06
       50 -2.533899e-05
       51  5.230016e-06
       52  3.576418e-05
       53  1.607711e-06
       54  6.057074e-05
       55  2.816478e-05
       56  1.289014e-04
       57 -1.245739e-05
       58  1.527697e-05
       59  1.801420e-05
       60  7.013469e-05
       61  5.083341e-04
       62  1.596195e-05
       63  1.155690e-04
       64  1.869959e-04
       65  1.676280e-04
       66  2.717046e-04
       67  1.318761e-04
       68 -2.476321e-04
       69  1.794894e-05
       70  1.927294e-04
       71 -2.963680e-05
       72 -1.662390e-06
       73 -3.169530e-05
       74  1.084140e-05
       75  5.590369e-05
       76 -3.347979e-05
       77  4.780645e-04
       78  2.236310e-06
       79  7.714372e-06
       80  7.345838e-04
       81 -3.234496e-13
       82  1.058129e-04
       83  1.673881e-04
       84  3.032785e-05
       85  1.018903e-05
       86 -4.292183e-05
       87  3.380309e-04
       88  2.391169e-04
       89  1.105398e-05
       90 -2.597770e-05
       91 -9.216288e-10
       92  4.429695e-05
       93  7.708218e-05
       94 -8.647637e-05
       95  2.703769e-04
       96  1.011767e-05
       97  3.004654e-05
       98  3.685532e-04
       99 -1.162275e-06
      100  1.265621e-04
      101 -1.567042e-06
      102  2.516194e-04
      103  1.884027e-05
      104  2.381066e-04
      105 -1.654655e-05
      106  4.071844e-05
      107 -4.902620e-05
      108  3.016494e-05
      109 -5.529773e-05
      110  6.301850e-05
      111 -9.887133e-05
      112 -1.351835e-05
      113  2.222292e-05
      114 -4.536683e-04
      115  5.348581e-05
      116 -2.765212e-06
      117 -4.157641e-04
      118  8.608923e-05
      119  3.187762e-04
      120  1.156242e-03
      121  6.362843e-04
      122  1.694704e-03
      123  1.584357e-04
      124  2.763763e-04
      125 -1.629970e-04
      126 -2.451924e-04
      127 -5.718539e-05
      128  5.695529e-06
      129 -1.757873e-04
      130 -1.619303e-04
      131 -3.363469e-05
      132  4.206130e-04
      133 -1.449660e-07
      134 -2.593563e-04
      135 -2.085918e-06
      136  4.296805e-04
      137 -2.925743e-04
      138 -1.335824e-05
      139  5.221900e-06
      140  7.654806e-04
      141  4.317623e-05
      142  9.884415e-05
      143 -9.486046e-03
      144  2.504532e-04
      145  4.412043e-04
      146  5.944701e-04
      147  1.038238e-03
      148  7.937036e-04
      149 -2.088244e-04
      150 -2.568300e-04
      151  5.873982e-05
      152 -6.842123e-05
      153 -3.901279e-04
      154 -1.320856e-04
      155  8.767487e-05
      156  1.727901e-05
      157  3.728575e-06
      158 -7.234366e-05
      159 -2.760933e-05