pos          info
        0  2.177657e-05
        1 -6.830661e-05
        2  2.296388e-04
        3  2.893357e-04
        4  3.376723e-04
        5  4.478162e-05
        6  1.713670e-05
        7  4.907267e-05
        8  4.410172e-05
        9  3.642854e-05
       10 -5.729016e-05
       11  4.627994e-05
       12  7.717153e-05
       13  2.120853e-04
       14  1.331596e-04
       15  1.167224e-04
       16  4.550521e-05
       17  9.895842e-05
       18  2.037531e-04
       19  1.881666e-04
       20  1.287332e-04
       21  9.144367e-05
       22  9.380057e-05
       23  2.317329e-05
       24 -4.387623e-05
       25  5.605265e-06
       26  5.712111e-05
       27  5.704438e-05
       28  3.723043e-05
       29  1.573409e-05
       30  5.893638e-05
       31  2.670708e-05
       32 -1.102124e-04
       33  6.258330e-06
       34 -8.487350e-05
       35  7.894101e-05
       36 -9.052333e-05
       37  5.370931e-07
       38  2.757804e-04
       39  3.386091e-04
       40  3.495223e-04
       41  8.014675e-05
       42  2.115195e-04
       43  2.141647e-04
       44  1.968702e-04
       45  6.387181e-06
       46 -1.190754e-05
       47 -4.854951e-07
       48 -4.391342e-06
       49 -2.453041e-05
       50 -5.986819e-05
       51 -5.020673e-05
       52 -8.271365e-05
       53 -4.753232e-05
       54 -5.175106e-05
       55  5.240193e-06
       56  6.304247e-06
       57  2.933517e-07
       58  1.132478e-04
       59  1.548370e-04
       60  1.575312e-04
       61  7.685186e-05
       62  5.317341e-05
       63  8.591723e-05
       64  1.392725e-04
       65  3.341840e-04
       66  3.560936e-04
       67  2.829121e-04
       68  6.919741e-05
       69  3.009330e-05
       70  8.841292e-06
       71 -1.512745e-06
       72  1.301985e-05
       73  2.525961e-05
       74  7.162160e-06
       75 -1.675555e-05
       76 -3.094252e-05
       77  1.951611e-04
       78  3.046119e-04
       79  3.299927e-04
       80  3.356438e-05
       81  1.806588e-04
       82  1.774924e-04
       83  2.882540e-04
       84 -5.263971e-05
       85 -3.837391e-05
       86  2.461127e-05
       87  1.082492e-04
       88  8.368848e-05
       89 -2.018627e-06
       90 -8.140042e-06
       91  1.106300e-05
       92  3.110161e-05
       93  2.888213e-05
       94 -1.954811e-06
       95 -1.071497e-05
       96  1.838267e-04
       97  1.841180e-04
       98  1.300613e-04
       99 -6.365776e-05
      100 -1.853264e-05
      101  8.738247e-06
      102  1.504829e-05
      103 -4.556224e-05
      104  4.482173e-05
      105 -2.951407e-05
      106 -8.298221e-05
      107 -1.454080e-04
      108 -5.106371e-05
      109 -5.320894e-05
      110 -1.890905e-04
      111 -1.586245e-04
      112 -2.605152e-04
      113 -1.263739e-04
      114 -2.831551e-04
      115 -1.748881e-04
      116 -2.582381e-05
      117  1.336128e-04
      118  7.910407e-04
      119  8.077908e-04
      120  1.791409e-03
      121  1.230947e-03
      122  1.065675e-03
      123 -2.419215e-05
      124 -1.390980e-04
      125 -1.724426e-04
      126 -1.260890e-04
      127 -2.657578e-05
      128 -9.294815e-05
      129 -9.320733e-05
      130 -8.557076e-05
      131  1.060071e-04
      132  1.308814e-05
      133 -1.811359e-05
      134 -9.498368e-05
      135 -2.011414e-05
      136 -1.132896e-04
      137 -1.288401e-04
      138  9.600663e-05
      139  2.371768e-04
      140  2.358443e-04
      141 -2.898330e-03
      142 -2.682681e-03
      143 -2.425606e-03
      144  6.216231e-04
      145  7.766424e-04
      146  8.446655e-04
      147  7.112172e-04
      148  1.833731e-04
      149 -1.936606e-04
      150 -1.886358e-04
      151 -1.733095e-04
      152 -1.029026e-04
      153 -1.533466e-04
      154 -6.467322e-05
      155  1.837494e-05
      156  9.527820e-05
      157  0.000000e+00
      158  0.000000e+00
      159  0.000000e+00