pos      val_A      val_C      val_G      val_T
   0  -0.023266   0.004453   0.018359   0.000454
   1   0.003043   0.003764   0.006556  -0.013362
   2   0.002236  -0.017368   0.005936   0.009196
   3   0.005009  -0.015258   0.004149   0.006100
   4  -0.001027   0.004745   0.006464  -0.010182
   5  -0.018292   0.021849  -0.000143  -0.003414
   6   0.017139  -0.005647  -0.006325  -0.005168
   7   0.007670  -0.003825  -0.007917   0.004072
   8  -0.002720  -0.003241   0.012563  -0.006602
   9   0.003437  -0.003331   0.005404  -0.005511
  10   0.016334   0.003958  -0.011001  -0.009290
  11   0.005648  -0.008158   0.011846  -0.009336
  12  -0.007084  -0.009458   0.010518   0.006024
  13  -0.008461   0.006333   0.004742  -0.002614
  14   0.005534  -0.015554   0.002585   0.007435
  15   0.002433  -0.002420   0.004051  -0.004063
  16  -0.016750   0.001777   0.008980   0.005992
  17   0.003058  -0.003113  -0.011407   0.011463
  18  -0.002874  -0.001246   0.003932   0.000188
  19  -0.001234  -0.001584  -0.006747   0.009564
  20  -0.009041   0.013481  -0.003543  -0.000897
  21  -0.012058   0.006051   0.000059   0.005948
  22  -0.002954  -0.000525   0.021746  -0.018268
  23   0.004263  -0.003460  -0.005576   0.004773
  24   0.001960   0.020713  -0.028304   0.005631
  25  -0.008491   0.017257  -0.003999  -0.004767
  26  -0.010667   0.007094  -0.013411   0.016984
  27  -0.014353   0.026739  -0.001516  -0.010870
  28   0.006479   0.027121  -0.005420  -0.028180
  29  -0.007304   0.017384   0.000000  -0.010080
  30  -0.008559  -0.017601   0.015572   0.010589
  31  -0.003048   0.016182  -0.004289  -0.008845
  32  -0.002931   0.003982  -0.011981   0.010931
  33   0.003060   0.012652  -0.015084  -0.000628
  34   0.001287   0.017103   0.005034  -0.023423
  35   0.004034  -0.005206   0.021495  -0.020323
  36  -0.011807  -0.000936  -0.005564   0.018307
  37   0.001117   0.021991  -0.027013   0.003904
  38  -0.011671  -0.018882   0.013560   0.016992
  39  -0.002696   0.000576  -0.002704   0.004824
  40   0.015193  -0.009485  -0.001252  -0.004456
  41  -0.010290  -0.005259   0.000206   0.015343
  42   0.002931   0.003821   0.007038  -0.013790
  43   0.005255  -0.008542   0.004215  -0.000928
  44   0.006150   0.002861  -0.006960  -0.002051
  45   0.002918   0.011649  -0.003958  -0.010609
  46  -0.000937   0.011143  -0.014336   0.004130
  47  -0.006933  -0.016201   0.030424  -0.007290
  48   0.003387  -0.000846  -0.006671   0.004130
  49   0.010399  -0.003954  -0.001837  -0.004608
  50   0.006239  -0.005438   0.003916  -0.004717
  51   0.008480   0.008554   0.004560  -0.021594
  52   0.010115  -0.004730   0.009888  -0.015273
  53  -0.003415  -0.005599   0.000222   0.008793
  54   0.012408   0.003712  -0.003855  -0.012264
  55   0.006327  -0.001418  -0.013552   0.008643
  56  -0.005376   0.018503  -0.003416  -0.009710
  57   0.026910   0.003489   0.008625  -0.039024
  58   0.001602   0.002489  -0.018634   0.014543
  59  -0.023520   0.015178  -0.015882   0.024224
  60   0.009084  -0.012689   0.014378  -0.010773
  61  -0.015749  -0.010268   0.018958   0.007059
  62  -0.010045  -0.009849   0.007538   0.012356
  63  -0.015105   0.016221   0.001860  -0.002975
  64  -0.007894   0.001506  -0.003180   0.009568
  65   0.002443  -0.015165   0.023803  -0.011082
  66  -0.009053   0.021631  -0.003127  -0.009451
  67  -0.002072   0.016451  -0.012987  -0.001393
  68  -0.003981   0.008086   0.001747  -0.005852
  69  -0.007394  -0.000389  -0.006970   0.014753
  70   0.012621  -0.005454  -0.020303   0.013136
  71  -0.005703   0.003836   0.007241  -0.005374
  72  -0.007334   0.008003  -0.001885   0.001216
  73   0.008397  -0.015309  -0.005695   0.012606
  74   0.000925   0.013017  -0.005259  -0.008683
  75  -0.016236   0.011316  -0.005297   0.010218
  76   0.021803  -0.005441  -0.008112  -0.008250
  77  -0.011179  -0.024689   0.060115  -0.024247
  78  -0.009004  -0.007946   0.024296  -0.007346
  79  -0.019988   0.021042   0.005361  -0.006415
  80  -0.020841   0.057797  -0.021786  -0.015171
  81  -0.032415  -0.031867  -0.032864   0.097145
  82  -0.010981  -0.020302  -0.040475   0.071758
  83  -0.039898  -0.028799   0.071887  -0.003190
  84   0.021968  -0.000221  -0.020843  -0.000905
  85  -0.023943  -0.005249  -0.009669   0.038861
  86  -0.020583  -0.004704  -0.038819   0.064107
  87  -0.018956  -0.010866  -0.022291   0.052112
  88  -0.013454  -0.002435  -0.027321   0.043209
  89  -0.000796  -0.016580  -0.021657   0.039033
  90  -0.000389  -0.006519   0.019198  -0.012289
  91   0.018316  -0.001359   0.006790  -0.023748
  92   0.013085  -0.005427   0.006393  -0.014051
  93  -0.008217   0.002428  -0.001451   0.007239
  94  -0.000387  -0.029115   0.014680   0.014823
  95  -0.009958  -0.012272   0.005793   0.016437
  96  -0.009694   0.003176  -0.007413   0.013931
  97   0.027894  -0.014106  -0.001165  -0.012624
  98   0.038361  -0.033541   0.021173  -0.025992
  99   0.013298   0.021770  -0.024742  -0.010326
 100  -0.009550   0.040531  -0.006678  -0.024303
 101  -0.019883   0.045971  -0.022022  -0.004066
 102  -0.015382   0.046127  -0.033354   0.002609
 103  -0.007679   0.049130  -0.045021   0.003570
 104   0.069560  -0.017269  -0.031203  -0.021088
 105  -0.017187   0.022826  -0.018289   0.012650
 106   0.011358   0.002149   0.002767  -0.016273
 107   0.008019   0.011760  -0.023161   0.003382
 108   0.010035  -0.006104  -0.010925   0.006994
 109   0.009208  -0.004281  -0.019930   0.015003
 110   0.018723  -0.007746  -0.006306  -0.004670
 111   0.007570  -0.010865  -0.008702   0.011997
 112   0.008628  -0.019911   0.002368   0.008915
 113  -0.003285  -0.002370   0.003982   0.001674
 114  -0.012318  -0.023054   0.007212   0.028160
 115  -0.003787  -0.004393  -0.004625   0.012805
 116   0.001657  -0.018852   0.015597   0.001597
 117   0.004164   0.007028   0.015316  -0.026508
 118  -0.016773  -0.018255   0.039788  -0.004760
 119  -0.005466   0.015912   0.013277  -0.023723
 120  -0.005767  -0.012706  -0.027090   0.045563
 121  -0.010352   0.003691   0.001471   0.005189
 122  -0.005654  -0.031807   0.062598  -0.025136
 123   0.005863   0.004690  -0.005411  -0.005142
 124   0.003866  -0.004909   0.010662  -0.009619
 125   0.010667  -0.027512  -0.002935   0.019780
 126   0.030306  -0.038117   0.009657  -0.001845
 127   0.006744   0.001158   0.000928  -0.008831
 128  -0.008164  -0.008239   0.005608   0.010795
 129  -0.018670   0.016109   0.013003  -0.010442
 130   0.011695  -0.011868   0.002921  -0.002748
 131   0.001921   0.009562   0.014994  -0.026478
 132  -0.009925   0.019427   0.004218  -0.013721
 133  -0.017202   0.011703   0.014189  -0.008690
 134   0.011117   0.003262   0.015993  -0.030373
 135   0.005960   0.004570   0.000211  -0.010741
 136  -0.022188  -0.008669   0.003382   0.027475
 137   0.016291   0.004671  -0.018688  -0.002274
 138  -0.005986  -0.002600   0.001123   0.007462
 139   0.002076   0.007760  -0.005936  -0.003900
 140   0.007377  -0.011366   0.033546  -0.029556
 141  -0.010382  -0.005100   0.006618   0.008864
 142  -0.000266   0.026749  -0.029807   0.003324
 143  -0.083541   0.023189  -0.010395   0.070748
 144   0.004455  -0.009840  -0.001047   0.006432
 145  -0.005271  -0.013244  -0.000684   0.019198
 146   0.042627  -0.020422  -0.018120  -0.004085
 147   0.034217   0.002431  -0.021419  -0.015229
 148  -0.013207  -0.029595   0.003000   0.039802
 149   0.006869   0.002657   0.002315  -0.011841
 150   0.022808  -0.014482   0.028818  -0.037144
 151   0.019629  -0.014983   0.000275  -0.004920
 152   0.003023  -0.035539   0.009958   0.022558
 153   0.014207   0.018387   0.010872  -0.043466
 154   0.019978   0.004131  -0.009725  -0.014385
 155   0.013221   0.008787  -0.025808   0.003799
 156  -0.026430   0.010271   0.011937   0.004222
 157  -0.029466   0.002798   0.021330   0.005338
 158   0.035272   0.019510  -0.043612  -0.011170
 159   0.010080   0.021297  -0.042353   0.010976
 160   0.000579   0.003112   0.000962  -0.004652
 161   0.016824   0.011338  -0.008546  -0.019615
 162   0.001423   0.004919   0.001814  -0.008157
 163  -0.007864  -0.001497  -0.008082   0.017444
 164  -0.006836   0.011329  -0.003443  -0.001050
 165   0.013350  -0.001368  -0.023665   0.011683
 166   0.003002   0.014974  -0.018752   0.000776
 167   0.010558   0.008042   0.001774  -0.020374
 168  -0.003062  -0.003656   0.009403  -0.002685
 169   0.002919  -0.016342   0.003203   0.010220
 170   0.009474  -0.003144   0.000424  -0.006754
 171   0.019584   0.004680  -0.006424  -0.017840
 172   0.013674  -0.010457  -0.008418   0.005201
 173   0.015584  -0.021546  -0.009338   0.015299
 174   0.037267  -0.016357  -0.039152   0.018243
 175   0.028103  -0.005570  -0.035845   0.013312
 176   0.033974   0.002086  -0.019834  -0.016226
 177   0.026833  -0.017141  -0.050380   0.040689
 178   0.025917   0.002663  -0.065860   0.037279
 179   0.020216   0.004257  -0.086331   0.061858
