pos          info
        0  3.256932e-05
        1  1.481040e-05
        2  1.118590e-05
        3 -4.036618e-05
        4  1.816556e-04
        5  9.793820e-06
        6 -4.628587e-07
        7  7.401659e-06
        8 -2.052263e-05
        9  9.108945e-05
       10 -6.072968e-05
       11  3.330518e-06
       12 -9.908747e-05
       13 -1.863378e-06
       14  1.204487e-06
       15  2.976109e-04
       16  2.117610e-06
       17  8.333907e-05
       18  8.316356e-06
       19 -1.666404e-05
       20  1.703435e-05
       21 -1.196287e-06
       22  3.578846e-04
       23  6.629495e-05
       24 -2.074861e-04
       25 -3.652476e-05
       26 -1.228486e-04
       27 -2.689794e-06
       28 -1.295563e-04
       29 -1.310670e-04
       30  1.470295e-04
       31 -1.031304e-04
       32  1.817994e-04
       33  1.804347e-07
       34 -1.370334e-04
       35  7.622981e-05
       36  1.501845e-06
       37  4.850690e-05
       38  1.224048e-05
       39 -9.302921e-05
       40  1.279576e-04
       41  1.787124e-04
       42  1.326400e-04
       43  1.404619e-04
       44  3.111234e-05
       45  2.429961e-05
       46 -1.131607e-07
       47  2.250276e-06
       48 -8.209397e-06
       49  1.685287e-06
       50 -8.344104e-06
       51 -2.142332e-04
       52  1.067750e-06
       53 -6.443071e-05
       54 -3.957557e-07
       55 -3.989941e-05
       56  4.533422e-07
       57 -2.453113e-07
       58 -1.843141e-06
       59 -2.509010e-04
       60  8.828392e-05
       61 -1.080393e-05
       62 -2.624258e-05
       63  2.192791e-05
       64  1.387120e-04
       65  1.502839e-04
       66  1.566911e-04
       67  6.522307e-04
       68  7.178130e-07
       69 -1.171524e-05
       70 -5.168485e-05
       71  2.114569e-05
       72  8.123251e-07
       73  1.277842e-05
       74 -1.606117e-05
       75  1.019165e-06
       76  5.185913e-06
       77  2.208497e-04
       78  7.620904e-05
       79  2.929578e-04
       80  4.411067e-04
       81  6.614513e-05
       82  7.456821e-05
       83  1.547804e-04
       84  2.484173e-06
       85  6.337848e-05
       86  1.527246e-05
       87  3.977148e-05
       88  1.800675e-04
       89  1.875602e-04
       90  3.019475e-05
       91  1.623014e-05
       92 -4.834870e-08
       93  4.789421e-06
       94 -3.676720e-04
       95 -1.793447e-05
       96 -3.499094e-05
       97  4.624431e-06
       98  3.565085e-04
       99  8.894586e-06
      100  3.162430e-05
      101 -6.707876e-05
      102 -2.287795e-06
      103  2.445571e-06
      104  6.378271e-05
      105 -1.979420e-05
      106 -2.407106e-05
      107 -8.948883e-05
      108 -1.541124e-05
      109  3.445412e-05
      110 -2.837317e-06
      111 -1.729324e-04
      112 -4.945510e-05
      113 -3.873780e-05
      114 -1.187311e-04
      115 -5.991563e-06
      116  7.691075e-06
      117  4.111702e-05
      118  3.941962e-04
      119  2.384169e-04
      120  2.055403e-03
      121  7.145635e-04
      122  2.598239e-03
      123  5.004184e-04
      124  1.314120e-04
      125 -1.985743e-04
      126 -4.072823e-04
      127  2.067513e-05
      128  4.298523e-05
      129  6.612478e-05
      130 -1.295554e-04
      131 -1.564128e-04
      132  6.066253e-07
      133  3.913041e-07
      134 -2.430710e-04
      135 -4.188762e-05
      136  9.798538e-05
      137 -1.820007e-04
      138  1.867641e-05
      139  3.036299e-05
      140  7.369845e-04
      141  2.038889e-04
      142 -6.423873e-04
      143 -1.051004e-02
      144  8.948599e-04
      145  1.061906e-03
      146  6.628558e-04
      147  1.185365e-03
      148  1.834615e-03
      149 -3.068927e-04
      150 -4.308107e-04
      151 -1.339778e-07
      152  3.935163e-06
      153 -2.205138e-05
      154  1.349458e-04
      155  1.374266e-05
      156 -5.407761e-06
      157 -2.204104e-05
      158 -8.132983e-05
      159 -8.197782e-05