pos          info
        0 -1.091005e-04
        1 -2.290642e-08
        2 -3.376633e-05
        3 -2.214701e-05
        4 -2.836109e-04
        5  2.771712e-05
        6  3.351162e-06
        7 -4.399360e-07
        8 -1.368582e-05
        9 -6.700923e-05
       10 -1.826249e-04
       11 -9.684796e-05
       12 -2.792225e-05
       13 -2.791188e-05
       14 -3.355791e-05
       15 -6.022048e-04
       16  2.368691e-06
       17  2.465506e-05
       18 -3.707568e-05
       19 -1.553744e-05
       20 -2.216955e-04
       21 -1.044727e-05
       22 -2.893778e-05
       23 -5.296904e-05
       24  6.306433e-07
       25 -1.265789e-04
       26  7.525437e-05
       27 -3.431696e-04
       28  2.324974e-04
       29  4.798134e-06
       30  2.090855e-05
       31  1.598946e-04
       32  2.110375e-05
       33  2.361149e-04
       34  3.514755e-04
       35  1.047613e-04
       36 -2.057090e-06
       37 -1.369226e-05
       38 -9.384332e-05
       39 -1.559014e-04
       40 -1.984749e-04
       41 -2.321453e-04
       42 -1.052331e-04
       43 -2.140496e-04
       44 -1.754615e-04
       45 -1.379945e-04
       46 -3.686956e-06
       47 -2.803865e-06
       48 -2.179724e-07
       49  5.018459e-06
       50 -2.183634e-06
       51  1.394116e-04
       52  1.974257e-05
       53  1.892069e-05
       54  4.595117e-08
       55  4.665399e-06
       56 -1.775265e-06
       57  1.993392e-05
       58 -4.092721e-05
       59 -4.666089e-05
       60 -1.040975e-04
       61 -1.826143e-04
       62 -2.351703e-05
       63 -1.823568e-05
       64 -9.290653e-05
       65 -4.447882e-05
       66 -2.776880e-05
       67 -1.187476e-04
       68 -3.924765e-07
       69 -9.571650e-05
       70  1.480337e-04
       71 -2.539438e-05
       72 -1.052158e-05
       73  5.457232e-08
       74  2.532928e-05
       75 -2.249945e-05
       76 -1.077031e-05
       77 -9.023012e-04
       78 -1.864594e-05
       79 -2.593922e-04
       80 -6.947185e-04
       81 -5.588695e-06
       82 -2.978055e-04
       83 -2.939952e-04
       84 -1.246907e-05
       85 -6.157297e-05
       86 -8.817651e-05
       87 -1.533104e-04
       88 -1.010785e-04
       89 -1.395207e-08
       90  2.379512e-07
       91  5.313982e-06
       92  5.587860e-05
       93  2.716686e-05
       94  5.941171e-04
       95 -7.440080e-05
       96 -3.618586e-05
       97 -3.684501e-05
       98 -2.339020e-04
       99 -2.728778e-06
      100  2.712184e-05
      101  9.386730e-05
      102 -5.048430e-05
      103 -1.551674e-05
      104 -3.872840e-05
      105  4.562799e-05
      106 -8.608807e-06
      107 -1.258831e-04
      108 -2.974586e-05
      109 -4.466124e-05
      110  1.165326e-04
      111 -3.332116e-05
      112  1.579746e-04
      113  2.176388e-04
      114  5.704029e-04
      115  5.496193e-06
      116  4.680694e-05
      117 -6.141212e-05
      118 -2.855068e-04
      119 -5.066633e-04
      120 -1.261745e-03
      121 -4.606209e-04
      122 -1.670074e-03
      123 -1.969263e-04
      124  7.132836e-06
      125  1.980042e-04
      126  4.395574e-04
      127 -5.258784e-05
      128 -1.998502e-05
      129 -4.218847e-05
      130 -3.968511e-06
      131 -1.292885e-04
      132 -9.667165e-05
      133 -2.354794e-05
      134 -5.556024e-05
      135 -6.847170e-05
      136 -1.203705e-04
      137 -2.909054e-04
      138 -2.306387e-05
      139 -6.717245e-05
      140 -6.809223e-04
      141  3.422659e-04
      142  2.257430e-04
      143  9.546245e-03
      144 -2.952119e-04
      145 -9.011034e-04
      146 -5.477022e-04
      147 -7.403157e-04
      148 -1.475067e-03
      149  2.620739e-04
      150  4.418586e-04
      151  5.076751e-05
      152  9.558928e-05
      153 -2.266274e-04
      154 -2.716835e-06
      155 -6.171369e-05
      156 -1.346248e-05
      157 -9.617332e-06
      158 -1.113712e-05
      159 -4.805857e-05