pos      val_A      val_C      val_G      val_T
   0   0.008808   0.000299   0.001063  -0.010170
   1  -0.013014   0.011222  -0.010574   0.012366
   2  -0.005365  -0.003529  -0.008534   0.017428
   3   0.009485  -0.000260  -0.016245   0.007020
   4  -0.010475   0.021014  -0.014851   0.004313
   5   0.010833   0.008960  -0.000691  -0.019102
   6  -0.000061  -0.004793   0.006560  -0.001706
   7   0.015439  -0.001282  -0.009299  -0.004858
   8   0.011806  -0.014695   0.027877  -0.024988
   9   0.023912  -0.006399   0.008212  -0.025725
  10   0.021863   0.004022  -0.032377   0.006493
  11   0.021538   0.007789   0.002883  -0.032210
  12   0.001043  -0.017288   0.026796  -0.010550
  13   0.010481  -0.000760   0.020070  -0.029791
  14  -0.015471   0.005557   0.013871  -0.003957
  15   0.034177  -0.009143   0.000116  -0.025149
  16   0.010396  -0.009690  -0.031161   0.030455
  17  -0.010894  -0.005131  -0.009121   0.025147
  18   0.013119   0.014294  -0.001862  -0.025551
  19   0.007825  -0.009842  -0.031769   0.033787
  20   0.031062  -0.003878  -0.009305  -0.017878
  21   0.008915   0.008176  -0.026337   0.009247
  22  -0.002644  -0.000738   0.001987   0.001395
  23   0.009311  -0.010991  -0.015839   0.017520
  24   0.015589  -0.010396  -0.014175   0.008983
  25  -0.017234   0.020159  -0.011983   0.009058
  26  -0.015621  -0.021059  -0.003597   0.040276
  27  -0.019556   0.036962  -0.014549  -0.002857
  28  -0.002391   0.032675  -0.018974  -0.011309
  29  -0.022067   0.022926  -0.010918   0.010059
  30  -0.010417  -0.002920   0.013650  -0.000312
  31  -0.020967   0.018931  -0.017980   0.020017
  32  -0.000292   0.037073  -0.031375  -0.005405
  33  -0.008992   0.005632  -0.008701   0.012062
  34   0.003610   0.038736   0.036413  -0.078759
  35  -0.015665   0.006452   0.038975  -0.029762
  36  -0.018788   0.006428  -0.011663   0.024023
  37  -0.000142   0.013571  -0.012217  -0.001211
  38   0.009741  -0.001400  -0.012562   0.004221
  39   0.000360   0.008096  -0.005416  -0.003040
  40   0.020695  -0.000403  -0.006894  -0.013397
  41  -0.017196   0.002586  -0.007110   0.021720
  42   0.014099  -0.018136  -0.008270   0.012307
  43   0.026166  -0.004438  -0.029494   0.007766
  44  -0.000468   0.020741  -0.032614   0.012341
  45   0.013285  -0.001702   0.001655  -0.013238
  46   0.019004  -0.003356  -0.010058  -0.005590
  47  -0.003365  -0.000135   0.014921  -0.011421
  48  -0.006866   0.008972  -0.014277   0.012171
  49   0.008524   0.005503  -0.000509  -0.013518
  50   0.025449  -0.000415   0.000445  -0.025479
  51   0.007006   0.031869   0.002171  -0.041046
  52   0.024986  -0.024385   0.004883  -0.005484
  53  -0.010432  -0.001898   0.024858  -0.012528
  54  -0.003724   0.006172   0.013378  -0.015826
  55   0.000907  -0.004610  -0.014211   0.017913
  56   0.009601   0.021588  -0.020693  -0.010496
  57  -0.003760   0.014937  -0.009716  -0.001462
  58   0.017832  -0.019798  -0.009708   0.011674
  59  -0.019263   0.018860  -0.028950   0.029353
  60   0.002177  -0.011286   0.014139  -0.005030
  61  -0.017406  -0.012266   0.020165   0.009507
  62  -0.030213   0.021266  -0.005530   0.014476
  63  -0.008160   0.009197  -0.002514   0.001477
  64  -0.021346  -0.001571  -0.007745   0.030662
  65  -0.003671   0.010060   0.010026  -0.016415
  66   0.005149   0.019911  -0.019944  -0.005115
  67   0.004209   0.025756  -0.013918  -0.016047
  68   0.026451   0.009188  -0.029787  -0.005852
  69  -0.038157   0.017594   0.024989  -0.004426
  70  -0.007737   0.014732  -0.011288   0.004293
  71  -0.009255   0.012680   0.010042  -0.013467
  72  -0.008936  -0.001738  -0.008848   0.019522
  73   0.002112   0.003811  -0.007121   0.001199
  74   0.015733   0.004935  -0.024218   0.003551
  75  -0.010335   0.023370   0.001787  -0.014821
  76   0.007702  -0.004456   0.008424  -0.011670
  77  -0.024417  -0.013676   0.055037  -0.016944
  78  -0.021309  -0.008010   0.025425   0.003894
  79   0.005117   0.000837  -0.003767  -0.002188
  80  -0.008804   0.055581  -0.030966  -0.015811
  81   0.014966   0.004099  -0.013939  -0.005126
  82   0.005051   0.016160  -0.029024   0.007812
  83  -0.027204   0.012404   0.024344  -0.009544
  84   0.013681  -0.001720  -0.040862   0.028901
  85  -0.025168  -0.001909   0.004321   0.022757
  86  -0.016152   0.000217   0.012591   0.003343
  87  -0.000684  -0.021003  -0.009416   0.031104
  88  -0.017396  -0.001255  -0.019584   0.038236
  89  -0.004703  -0.011479  -0.014512   0.030694
  90   0.011676   0.017481  -0.010820  -0.018338
  91   0.001562  -0.011763   0.010758  -0.000558
  92   0.020258  -0.018521   0.013103  -0.014840
  93   0.007371   0.015844  -0.004075  -0.019141
  94   0.016394  -0.025343   0.029483  -0.020534
  95   0.000202   0.006830   0.000014  -0.007046
  96  -0.008324   0.012675  -0.015470   0.011119
  97   0.014445   0.002036   0.009051  -0.025532
  98   0.024137  -0.017796  -0.002438  -0.003903
  99  -0.011652   0.032368  -0.039510   0.018794
 100   0.030474   0.005794  -0.009939  -0.026330
 101   0.016061  -0.020808   0.014961  -0.010214
 102  -0.009220   0.002073  -0.006561   0.013708
 103  -0.003722   0.014791  -0.044126   0.033057
 104   0.032554  -0.009434  -0.016461  -0.006660
 105  -0.014850   0.017852   0.001791  -0.004793
 106  -0.003839   0.006446   0.017903  -0.020510
 107  -0.006476   0.002341   0.016205  -0.012069
 108   0.012515  -0.004262  -0.012092   0.003839
 109  -0.014373   0.005140   0.003056   0.006178
 110   0.012470   0.002798  -0.043636   0.028369
 111   0.025581  -0.006878  -0.009891  -0.008812
 112   0.005386  -0.023284   0.049502  -0.031604
 113  -0.001167  -0.010851   0.028380  -0.016363
 114   0.001089  -0.025094   0.008768   0.015237
 115   0.009178   0.013153  -0.020863  -0.001467
 116  -0.000371  -0.016408  -0.005445   0.022224
 117   0.014226  -0.022648   0.010978  -0.002555
 118  -0.027875   0.023782   0.018643  -0.014550
 119  -0.021960   0.036334   0.028776  -0.043150
 120  -0.000041  -0.029810  -0.049288   0.079138
 121  -0.037671  -0.019262  -0.013625   0.070558
 122  -0.038839  -0.000471   0.079402  -0.040092
 123  -0.010292   0.028505  -0.024413   0.006200
 124   0.009290  -0.017223   0.032708  -0.024774
 125   0.023104  -0.008276  -0.011657  -0.003171
 126   0.047058  -0.048365   0.002454  -0.001146
 127   0.009524  -0.008401  -0.014152   0.013028
 128  -0.013560   0.006358  -0.011626   0.018829
 129  -0.021889  -0.022284   0.031941   0.012232
 130   0.009474   0.013383   0.007447  -0.030304
 131  -0.012390   0.000717   0.040630  -0.028957
 132  -0.010688   0.004904  -0.005863   0.011647
 133  -0.026397   0.010481   0.008811   0.007105
 134  -0.005729   0.034845   0.002174  -0.031290
 135   0.003980  -0.036326   0.022028   0.010318
 136  -0.020891   0.007863  -0.012800   0.025827
 137   0.002269   0.002251  -0.012462   0.007942
 138  -0.024972   0.016236  -0.020275   0.029011
 139  -0.009936   0.000514  -0.000227   0.009649
 140   0.002791  -0.023901   0.046384  -0.025273
 141  -0.028461  -0.020292   0.001090   0.047663
 142  -0.006785   0.059261  -0.053811   0.001335
 143  -0.206003   0.081249  -0.034468   0.159222
 144   0.043171  -0.008622  -0.027901  -0.006649
 145  -0.003876  -0.035133  -0.028497   0.067506
 146   0.056272  -0.031769  -0.015877  -0.008625
 147   0.060530  -0.012057  -0.025308  -0.023164
 148  -0.019925  -0.029443  -0.027903   0.077271
 149  -0.011404   0.026774   0.035944  -0.051313
 150   0.060097  -0.027664   0.021047  -0.053480
 151   0.025387  -0.018863  -0.012876   0.006352
 152   0.001016  -0.014190   0.006672   0.006502
 153  -0.017271   0.027020   0.023609  -0.033359
 154   0.007274   0.004475  -0.009408  -0.002341
 155   0.010076   0.009624   0.001903  -0.021603
 156  -0.029780   0.021806   0.004343   0.003631
 157  -0.005625  -0.019118   0.027138  -0.002395
 158   0.042533   0.008863  -0.022058  -0.029337
 159   0.000322   0.016364  -0.000117  -0.016569
 160  -0.025370   0.007364   0.033889  -0.015883
 161   0.008968   0.006745   0.009040  -0.024753
 162  -0.015371   0.018333  -0.000243  -0.002719
 163  -0.014101  -0.005804   0.016818   0.003086
 164  -0.007243   0.007330   0.023763  -0.023851
 165  -0.000475   0.006686   0.016663  -0.022874
 166  -0.014643   0.008160   0.007702  -0.001219
 167   0.008371   0.012554  -0.002068  -0.018857
 168   0.004192   0.003131   0.016175  -0.023498
 169   0.010972   0.002970  -0.006280  -0.007662
 170   0.003542  -0.008920   0.011861  -0.006483
 171   0.004155   0.013017   0.016839  -0.034011
 172   0.013376   0.012499  -0.007267  -0.018608
 173  -0.004892   0.011465  -0.022632   0.016059
 174   0.036571  -0.032794  -0.013570   0.009793
 175   0.010007  -0.002567   0.003159  -0.010598
 176  -0.007684  -0.006263   0.011415   0.002532
 177   0.006603   0.022440  -0.024102  -0.004941
 178   0.035685   0.008019  -0.025095  -0.018609
 179   0.026979  -0.005128  -0.062876   0.041025
