pos          info
        0  3.461233e-05
        1  4.617929e-04
        2 -7.117490e-08
        3 -8.183236e-08
        4 -9.499759e-06
        5 -7.683323e-05
        6  2.373041e-05
        7 -8.376791e-04
        8 -1.168058e-05
        9  3.953187e-05
       10  5.699697e-06
       11  3.827853e-06
       12  1.537589e-04
       13 -1.134313e-04
       14  1.653667e-05
       15  2.872777e-05
       16 -1.063493e-05
       17  4.231918e-08
       18 -6.700047e-05
       19  1.135621e-04
       20  4.579492e-07
       21 -1.452527e-04
       22  5.481986e-06
       23  9.694109e-06
       24  8.462404e-05
       25 -7.306518e-05
       26 -6.665409e-05
       27 -4.407319e-05
       28 -4.114636e-05
       29 -9.903816e-06
       30 -2.643763e-07
       31  4.072488e-05
       32  1.391314e-04
       33 -2.252285e-05
       34  2.642417e-05
       35 -1.723846e-05
       36  7.393784e-05
       37 -9.725547e-05
       38 -3.711037e-06
       39  7.183204e-05
       40 -5.870912e-05
       41  1.470208e-04
       42  3.318278e-05
       43 -2.205807e-04
       44 -8.545612e-05
       45  6.829229e-05
       46  4.745148e-05
       47 -1.648634e-05
       48  4.235985e-04
       49  1.473217e-04
       50  1.925819e-04
       51  1.976488e-04
       52  5.188777e-05
       53 -1.600191e-04
       54  4.961780e-05
       55 -2.605180e-05
       56  1.217020e-04
       57 -7.460810e-09
       58 -2.051822e-04
       59 -3.385127e-05
       60 -2.509636e-05
       61  1.536799e-05
       62  1.001712e-04
       63 -1.877962e-05
       64 -3.641309e-06
       65  1.643608e-05
       66 -9.993555e-05
       67  2.374429e-05
       68 -1.792752e-05
       69  2.361884e-05
       70 -3.508849e-06
       71 -1.694218e-06
       72 -8.294442e-05
       73  1.035359e-04
       74  4.250890e-04
       75 -2.254029e-05
       76  6.032712e-06
       77  9.758569e-05
       78 -1.863601e-04
       79 -1.156441e-05
       80 -6.114958e-05
       81  4.712319e-12
       82 -3.185842e-04
       83 -2.245751e-05
       84 -6.454185e-06
       85 -6.071871e-06
       86  2.677732e-05
       87 -6.003916e-08
       88  2.076082e-04
       89 -2.738464e-06
       90 -7.297199e-05
       91 -1.605421e-05
       92 -5.095899e-04
       93  7.265100e-04
       94  1.060505e-04
       95  1.729584e-05
       96 -3.319786e-05
       97  2.270579e-06
       98 -5.994532e-05
       99 -2.425856e-05
      100 -2.024970e-05
      101  5.055561e-05
      102  7.606198e-05
      103  1.427294e-04
      104 -5.812495e-04
      105 -2.709632e-05
      106 -1.595255e-04
      107 -3.866671e-05
      108  3.530679e-04
      109 -2.078632e-06
      110 -1.843914e-04
      111  1.418240e-04
      112 -1.225743e-04
      113 -1.420698e-04
      114 -9.078829e-05
      115  3.691500e-05
      116 -3.234714e-03
      117  4.218398e-04
      118  2.405593e-05
      119  5.760348e-05
      120 -8.676832e-04
      121  1.269628e-04
      122  2.598848e-05
      123 -5.326808e-04
      124 -9.623153e-04
      125  2.433928e-04
      126  1.143556e-06
      127 -6.482389e-05
      128  6.361759e-04
      129  1.595812e-03
      130 -2.942691e-03
      131  6.836942e-04
      132  4.284538e-04
      133  1.947136e-03
      134  1.296427e-03
      135 -8.033837e-05
      136 -4.814544e-04
      137  2.604456e-04
      138  1.207070e-03
      139  2.509658e-04
      140  2.677069e-04
      141  2.824547e-04
      142 -1.576359e-04
      143  2.238167e-04
      144  1.643981e-04
      145  7.517550e-05
      146 -3.175590e-06
      147  2.406129e-06
      148 -1.937152e-04
      149  1.307218e-04
      150  3.252020e-05
      151 -1.231283e-03
      152 -1.184053e-04
      153  2.556311e-04
      154  4.809057e-04
      155 -1.190186e-04
      156 -1.531082e-06
      157  3.011016e-04
      158  1.019791e-04
      159 -2.515931e-05