pos          info
        0 -5.975068e-05
        1 -5.493496e-04
        2 -1.381271e-04
        3  4.946189e-07
        4  2.516723e-05
        5  9.465706e-07
        6 -5.847533e-05
        7  7.142158e-04
        8  7.037336e-05
        9 -1.085417e-05
       10 -6.390613e-06
       11  3.711011e-05
       12 -2.325801e-04
       13  3.804888e-05
       14 -3.607006e-05
       15 -2.464496e-06
       16  1.559109e-07
       17  3.236075e-07
       18  8.577681e-05
       19 -1.647743e-04
       20  6.440895e-06
       21  1.227887e-04
       22  1.964003e-04
       23 -8.903037e-05
       24 -7.397882e-05
       25 -6.056252e-07
       26  4.501860e-05
       27 -1.033636e-05
       28  3.676908e-05
       29  2.389604e-05
       30  8.335094e-06
       31 -7.847521e-05
       32  7.210754e-07
       33  8.251220e-05
       34 -4.979461e-05
       35  2.671763e-05
       36 -1.291535e-04
       37  8.874757e-05
       38 -1.798240e-05
       39 -3.558057e-05
       40  4.368589e-06
       41 -1.473772e-04
       42 -1.792882e-05
       43  3.750249e-05
       44  2.134515e-04
       45 -3.908062e-05
       46  9.917270e-07
       47 -1.316757e-05
       48 -4.791926e-04
       49 -8.563195e-05
       50 -1.176793e-04
       51 -2.032450e-04
       52 -1.509756e-05
       53  2.419967e-04
       54 -1.052573e-04
       55 -1.127606e-05
       56 -1.699612e-05
       57 -1.356328e-04
       58 -1.755376e-05
       59  1.393106e-05
       60  2.025615e-05
       61 -1.807589e-04
       62 -2.614561e-04
       63  2.371538e-07
       64 -5.456934e-08
       65 -3.687602e-07
       66  1.648400e-04
       67 -1.003508e-04
       68 -4.324007e-05
       69 -8.434006e-05
       70  1.427769e-05
       71 -3.213849e-05
       72  1.632126e-04
       73 -1.329187e-04
       74 -3.554342e-04
       75 -1.146683e-04
       76 -4.494491e-06
       77 -1.235301e-04
       78  5.271893e-04
       79  6.962542e-06
       80  4.759441e-04
       81 -9.665585e-06
       82  3.147912e-04
       83 -9.535682e-06
       84 -5.010434e-05
       85  1.036531e-06
       86 -1.103781e-08
       87  7.659662e-05
       88 -3.852139e-04
       89  6.187386e-06
       90 -2.326818e-07
       91  3.344281e-04
       92  1.451138e-03
       93 -1.298340e-03
       94 -5.662833e-04
       95 -8.102484e-05
       96 -3.203764e-05
       97 -5.023687e-05
       98  9.396408e-05
       99  1.924476e-06
      100  1.509834e-05
      101 -2.489498e-05
      102  1.770707e-05
      103 -4.014915e-04
      104  6.372833e-04
      105  2.033495e-05
      106  4.720664e-04
      107  1.484611e-05
      108 -5.515123e-04
      109  7.857538e-06
      110  1.729133e-04
      111 -1.912208e-04
      112  3.345743e-05
      113  2.630492e-04
      114  1.063461e-04
      115  7.818134e-06
      116  3.333547e-03
      117 -1.014643e-03
      118 -6.201922e-06
      119 -4.833081e-04
      120  1.387000e-03
      121 -7.766395e-04
      122 -1.380649e-06
      123  2.903662e-04
      124  7.232868e-04
      125 -4.099444e-04
      126 -3.168501e-07
      127  1.601714e-04
      128 -6.310622e-04
      129 -5.948018e-04
      130  1.293705e-03
      131 -1.217136e-04
      132 -1.759438e-04
      133 -8.377805e-04
      134 -6.626696e-04
      135  9.879514e-06
      136  1.340868e-04
      137 -4.691356e-05
      138 -7.673059e-04
      139 -4.152188e-05
      140  5.147925e-06
      141 -1.086793e-04
      142  5.653069e-06
      143 -2.463757e-04
      144 -1.082133e-04
      145 -2.995261e-04
      146  3.161361e-06
      147 -8.129709e-06
      148  3.143639e-04
      149 -2.873566e-04
      150  4.320064e-06
      151  3.715697e-04
      152  9.698913e-05
      153 -9.269040e-05
      154 -2.456824e-04
      155  3.036745e-05
      156 -1.266839e-06
      157 -1.262840e-04
      158 -1.525781e-04
      159  3.558284e-04