pos          info
        0  6.000240e-06
        1  1.163420e-04
        2  4.525743e-04
        3 -2.885775e-06
        4  9.256377e-06
        5 -7.569054e-08
        6  4.708739e-06
        7 -4.307213e-04
        8 -7.454552e-05
        9  2.524028e-05
       10  5.464525e-05
       11  5.105977e-05
       12  1.665103e-04
       13 -1.863271e-04
       14  3.335825e-05
       15  5.259544e-05
       16 -1.252283e-05
       17 -1.319799e-05
       18 -2.356900e-04
       19  3.489983e-04
       20 -3.234781e-06
       21 -2.416376e-04
       22 -6.690720e-05
       23  4.533325e-09
       24 -5.386541e-06
       25  2.162419e-04
       26 -6.998718e-05
       27  9.001260e-05
       28  5.128787e-05
       29  6.140314e-05
       30 -1.188938e-04
       31  8.715040e-05
       32  1.173156e-04
       33 -8.071283e-05
       34  3.101262e-06
       35  2.223546e-06
       36  1.288436e-04
       37  3.131948e-06
       38 -2.678898e-09
       39  3.073279e-05
       40 -2.077303e-05
       41  1.700489e-04
       42  2.197066e-08
       43 -3.986856e-05
       44 -3.050990e-04
       45 -5.020887e-07
       46  9.090199e-05
       47  1.452565e-04
       48  8.233956e-04
       49  2.887505e-05
       50 -1.233305e-06
       51  1.448417e-04
       52  2.122073e-05
       53 -7.444434e-05
       54  4.350120e-04
       55  1.014543e-04
       56 -9.346078e-06
       57  3.127540e-05
       58  1.431864e-05
       59 -1.702225e-04
       60 -1.567443e-04
       61  2.659889e-04
       62  2.731005e-05
       63  3.654281e-05
       64 -1.569883e-05
       65 -7.744356e-05
       66 -9.374591e-05
       67 -8.452897e-07
       68  1.698528e-04
       69  2.882519e-04
       70  2.933546e-06
       71 -4.967560e-06
       72 -6.809349e-06
       73  2.573077e-04
       74  2.736772e-04
       75  6.533403e-04
       76 -5.607838e-07
       77  2.735749e-04
       78 -2.055825e-04
       79 -1.116391e-05
       80 -4.254392e-04
       81  3.396453e-05
       82 -4.025383e-04
       83  2.624862e-04
       84 -2.281179e-06
       85  3.565460e-06
       86 -2.197134e-05
       87 -5.385526e-05
       88  1.138549e-03
       89 -9.225499e-06
       90  7.120976e-05
       91 -7.412998e-05
       92 -8.060035e-04
       93  1.382307e-03
       94  2.074786e-04
       95  4.058603e-04
       96  3.521579e-05
       97  2.075294e-04
       98 -5.486190e-05
       99  2.244970e-05
      100 -2.521757e-05
      101 -1.495563e-06
      102 -1.107814e-05
      103  5.458278e-04
      104 -3.505382e-04
      105  3.983173e-06
      106 -3.392007e-04
      107 -3.348034e-04
      108  4.201668e-04
      109  3.375634e-07
      110 -1.568363e-04
      111  1.190593e-05
      112 -1.857104e-06
      113 -5.807438e-04
      114  1.763841e-07
      115 -1.272444e-04
      116 -3.671216e-03
      117  1.450888e-03
      118  2.096499e-05
      119  6.567342e-04
      120 -1.344853e-03
      121  5.613029e-04
      122 -4.381491e-06
      123 -7.059584e-05
      124 -5.188223e-04
      125  3.883829e-04
      126  2.577964e-05
      127 -4.242633e-04
      128  1.288725e-04
      129  9.721844e-05
      130 -3.832176e-04
      131 -2.889944e-06
      132 -1.378377e-05
      133  1.634401e-04
      134  7.278180e-05
      135 -3.527758e-07
      136  1.250624e-04
      137 -8.236768e-05
      138  1.766913e-04
      139  2.309902e-06
      140  4.611514e-06
      141  3.561691e-05
      142 -4.344566e-06
      143  3.115158e-04
      144  6.986871e-05
      145  2.005752e-04
      146  5.494419e-06
      147  3.982717e-06
      148 -2.169551e-04
      149  4.536908e-05
      150 -3.033343e-07
      151 -2.873276e-06
      152 -2.309044e-04
      153  9.145300e-05
      154  1.470339e-04
      155  1.271260e-05
      156  6.968851e-05
      157  9.200171e-06
      158  1.484753e-04
      159 -3.399648e-04