pos          info
        0  4.718343e-05
        1  4.302057e-05
        2  6.918045e-06
        3  3.098963e-06
        4  9.897134e-06
        5 -4.783627e-05
        6 -7.422508e-05
        7 -9.114107e-05
        8 -3.770612e-05
        9 -3.239412e-05
       10 -1.253266e-05
       11 -2.113582e-05
       12  2.503850e-06
       13 -1.691716e-05
       14  1.862317e-06
       15  4.849329e-07
       16 -3.523855e-05
       17 -3.724757e-06
       18 -4.324386e-06
       19  8.745391e-06
       20 -2.271492e-05
       21 -1.691295e-05
       22  2.269291e-05
       23  2.268269e-05
       24  9.149386e-06
       25 -6.532178e-05
       26 -6.525420e-05
       27 -5.003646e-05
       28  6.832684e-06
       29  7.350621e-06
       30  2.374487e-05
       31  1.819625e-05
       32  1.965418e-05
       33 -5.061724e-06
       34  2.643730e-05
       35 -3.224615e-06
       36 -1.706794e-07
       37 -1.387187e-05
       38  1.174155e-05
       39  3.609954e-05
       40  3.309166e-05
       41  2.714950e-05
       42 -3.042548e-05
       43 -2.590377e-05
       44 -1.568858e-06
       45  3.010855e-05
       46  8.577983e-05
       47  7.463178e-05
       48  8.199477e-05
       49  1.552382e-05
       50  1.442990e-05
       51  8.639769e-07
       52  7.024523e-06
       53  1.190385e-05
       54  3.200947e-05
       55  2.314262e-05
       56  6.330025e-06
       57 -5.233498e-05
       58 -5.213390e-05
       59 -4.422792e-05
       60  1.413990e-07
       61 -2.668285e-07
       62  5.611118e-06
       63  4.638325e-06
       64  5.914818e-07
       65 -3.682650e-06
       66 -7.850509e-06
       67 -5.104711e-06
       68 -1.509456e-05
       69 -1.482176e-05
       70 -5.853416e-05
       71 -4.067711e-05
       72 -2.997627e-05
       73  3.230049e-05
       74  1.531554e-05
       75  1.128906e-05
       76 -5.524847e-06
       77  1.974070e-06
       78 -4.917735e-07
       79 -2.065040e-06
       80 -1.995535e-05
       81 -2.044479e-05
       82 -3.331660e-06
       83  1.456935e-05
       84  1.743580e-05
       85 -2.639170e-05
       86 -1.376056e-05
       87 -1.496497e-05
       88 -1.550028e-05
       89 -4.706400e-05
       90 -1.222500e-04
       91 -6.433687e-05
       92 -2.948780e-06
       93  7.482548e-05
       94  4.238930e-05
       95  2.160127e-06
       96 -8.964174e-07
       97 -5.517798e-06
       98 -2.938890e-05
       99 -2.901094e-05
      100 -1.347866e-05
      101  3.503079e-05
      102  9.829383e-06
      103  5.456326e-06
      104 -2.947859e-05
      105  2.064080e-06
      106  4.533076e-05
      107  5.300159e-05
      108  6.020908e-06
      109 -2.725630e-05
      110 -6.039116e-05
      111 -3.080012e-05
      112 -5.523519e-05
      113 -2.102142e-05
      114 -3.887444e-04
      115 -3.529131e-04
      116 -3.556962e-04
      117  4.144779e-05
      118 -8.111893e-05
      119 -5.740859e-05
      120 -7.125098e-05
      121 -7.616235e-05
      122 -1.216995e-04
      123 -1.020071e-04
      124 -1.161534e-06
      125  3.646844e-06
      126  1.418253e-04
      127  1.964786e-04
      128 -4.611124e-05
      129 -1.617026e-04
      130 -1.864138e-04
      131  2.757403e-04
      132  3.310462e-04
      133  2.758956e-04
      134  7.645787e-06
      135 -4.466230e-05
      136  6.423117e-05
      137  2.160062e-04
      138  2.187825e-04
      139  1.413698e-04
      140  5.303895e-05
      141  1.137936e-04
      142  1.093113e-04
      143  1.558380e-04
      144  4.915868e-05
      145  5.499098e-05
      146 -1.199712e-05
      147 -9.618920e-06
      148 -1.307917e-05
      149 -7.135807e-05
      150 -9.154449e-05
      151 -2.442912e-05
      152  1.076990e-04
      153  3.009433e-05
      154 -4.516405e-05
      155 -5.728492e-05
      156  3.275796e-05
      157  0.000000e+00
      158  0.000000e+00
      159  0.000000e+00