pos      val_A      val_C      val_G      val_T
   0  -0.021113  -0.008361   0.026940   0.002534
   1   0.026278  -0.027616  -0.011880   0.013218
   2   0.034712  -0.023674  -0.028360   0.017323
   3   0.030778  -0.005319  -0.016767  -0.008692
   4  -0.032340   0.037495   0.001371  -0.006525
   5   0.026818  -0.009863  -0.004957  -0.011998
   6   0.012145   0.004009  -0.001057  -0.015097
   7  -0.010804  -0.018896   0.033097  -0.003398
   8   0.018347  -0.005849  -0.011481  -0.001017
   9   0.006779  -0.022037   0.028074  -0.012815
  10  -0.013593  -0.013122   0.067858  -0.041143
  11   0.018949  -0.021251   0.009359  -0.007057
  12  -0.016037  -0.019132   0.047141  -0.011972
  13   0.017738  -0.005539   0.019066  -0.031265
  14  -0.048347   0.018126   0.035350  -0.005129
  15  -0.007195  -0.005353   0.008856   0.003691
  16  -0.014002   0.017025   0.010836  -0.013859
  17   0.008282   0.012900  -0.005571  -0.015611
  18   0.008200  -0.015458  -0.001677   0.008936
  19  -0.028293   0.021373  -0.000720   0.007640
  20  -0.018444  -0.003979  -0.000395   0.022819
  21   0.033571  -0.002614  -0.009110  -0.021847
  22   0.005713   0.017093  -0.013918  -0.008887
  23  -0.000245  -0.014124  -0.009359   0.023727
  24  -0.024504  -0.005847  -0.025769   0.056121
  25   0.015884  -0.032791   0.019461  -0.002554
  26  -0.014370  -0.030597   0.010015   0.034952
  27  -0.005070  -0.035131   0.037249   0.002952
  28   0.000059   0.007804  -0.000197  -0.007666
  29   0.005375   0.017332  -0.020607  -0.002100
  30   0.079983  -0.044856  -0.011312  -0.023815
  31   0.003236   0.041607  -0.033447  -0.011396
  32  -0.008161  -0.004596   0.004886   0.007870
  33  -0.035702  -0.002105   0.013836   0.023971
  34  -0.023879   0.012065   0.000732   0.011083
  35   0.020887  -0.005443  -0.029245   0.013801
  36  -0.015188  -0.010382  -0.006554   0.032124
  37  -0.013670  -0.045625   0.013920   0.045375
  38  -0.001319  -0.023940   0.021208   0.004051
  39  -0.003498  -0.007670   0.012965  -0.001796
  40  -0.001500   0.006338  -0.007860   0.003023
  41   0.003723   0.018368  -0.023539   0.001448
  42  -0.020925   0.002439   0.042459  -0.023973
  43  -0.001176   0.016762  -0.004147  -0.011439
  44   0.013335  -0.033645   0.020115   0.000194
  45  -0.004847   0.007856   0.018895  -0.021905
  46   0.009077   0.014900  -0.000552  -0.023426
  47   0.016683   0.003620  -0.003156  -0.017148
  48  -0.000914  -0.006029  -0.014373   0.021316
  49   0.017181  -0.035102   0.005609   0.012312
  50  -0.005705   0.022189  -0.011371  -0.005113
  51   0.034132   0.001075  -0.024129  -0.011078
  52  -0.010938  -0.005751   0.022628  -0.005939
  53  -0.027711  -0.009936   0.011374   0.026273
  54   0.011424  -0.013137   0.026496  -0.024783
  55   0.026988  -0.034288   0.018620  -0.011320
  56   0.038319  -0.026274  -0.028460   0.016414
  57  -0.004512  -0.020066   0.008837   0.015741
  58  -0.006288   0.018988   0.004777  -0.017477
  59  -0.006648   0.008111  -0.010036   0.008572
  60  -0.036643   0.028185   0.033968  -0.025510
  61   0.010830  -0.034394   0.017714   0.005849
  62  -0.019740  -0.011834  -0.001584   0.033159
  63  -0.020281   0.016832  -0.015840   0.019289
  64   0.001044  -0.002262  -0.020486   0.021704
  65   0.028238  -0.005961  -0.018508  -0.003769
  66   0.043418   0.011019  -0.033228  -0.021209
  67   0.005648  -0.002462  -0.012366   0.009179
  68   0.029608  -0.008782   0.010328  -0.031154
  69  -0.019567  -0.033572   0.046058   0.007081
  70  -0.016303  -0.000194  -0.023954   0.040450
  71   0.007354  -0.017731   0.005582   0.004795
  72  -0.013006   0.008075   0.022208  -0.017278
  73   0.003632  -0.023312   0.009018   0.010662
  74   0.018270   0.018699   0.014221  -0.051190
  75  -0.018672   0.028103  -0.008488  -0.000943
  76  -0.001233  -0.028446   0.000457   0.029222
  77   0.008828   0.017086  -0.000890  -0.025025
  78  -0.009532  -0.000182  -0.012125   0.021839
  79   0.005497  -0.002786  -0.015783   0.013072
  80   0.029637  -0.009358   0.005959  -0.026238
  81  -0.013850  -0.016944   0.037142  -0.006348
  82  -0.006044   0.009954  -0.019740   0.015830
  83   0.009963   0.017927  -0.014789  -0.013101
  84  -0.012901  -0.021403   0.001774   0.032530
  85  -0.002784   0.006889   0.006845  -0.010950
  86  -0.005556  -0.005912   0.014571  -0.003103
  87   0.007706   0.008328  -0.034232   0.018198
  88   0.013546  -0.006658   0.006244  -0.013132
  89   0.060669  -0.023288  -0.039096   0.001715
  90   0.014086   0.000876   0.010056  -0.025018
  91   0.006813  -0.016980  -0.023355   0.033523
  92  -0.009417   0.004204   0.006122  -0.000908
  93  -0.020785  -0.009675   0.030766  -0.000306
  94   0.005997  -0.007241  -0.036253   0.037497
  95  -0.024362   0.012137   0.016904  -0.004679
  96  -0.002690  -0.006699   0.033019  -0.023630
  97  -0.019224  -0.035202   0.027300   0.027126
  98   0.000596  -0.000560   0.010345  -0.010381
  99   0.065828  -0.027586  -0.033529  -0.004713
 100  -0.021261  -0.005742  -0.006245   0.033247
 101  -0.024070  -0.005280   0.039428  -0.010078
 102   0.023154  -0.039963  -0.025759   0.042567
 103   0.009522  -0.036087  -0.004428   0.030994
 104  -0.002294  -0.020407  -0.019860   0.042560
 105   0.038554  -0.014970  -0.002238  -0.021346
 106   0.010704   0.040065  -0.027502  -0.023268
 107  -0.042105  -0.073372  -0.023063   0.138540
 108   0.006943  -0.023445   0.004755   0.011747
 109  -0.019245  -0.003382   0.005162   0.017464
 110   0.031807   0.050022  -0.053287  -0.028541
 111   0.016907  -0.007330   0.016935  -0.026512
 112   0.004877   0.002856  -0.021606   0.013873
 113   0.000023  -0.000556  -0.009922   0.010455
 114  -0.022182  -0.025272   0.006034   0.041420
 115  -0.026478   0.006284   0.020140   0.000053
 116   0.035073  -0.056166   0.026602  -0.005509
 117   0.011405  -0.028501   0.018408  -0.001312
 118   0.008821   0.005543   0.012827  -0.027191
 119   0.038616  -0.032151   0.031242  -0.037707
 120   0.045457  -0.016274  -0.046800   0.017617
 121   0.012198  -0.015491  -0.040475   0.043769
 122   0.013914  -0.037930   0.012889   0.011126
 123   0.026797  -0.039275  -0.004225   0.016702
 124   0.064894  -0.028246  -0.038983   0.002336
 125   0.008995  -0.025081  -0.010267   0.026354
 126   0.068271  -0.029789   0.013521  -0.052003
 127  -0.021936   0.010470  -0.027980   0.039446
 128  -0.003704  -0.043868   0.013782   0.033790
 129  -0.011190  -0.000654  -0.028787   0.040631
 130  -0.034977   0.029001  -0.029401   0.035377
 131   0.024274   0.001698  -0.003777  -0.022195
 132   0.023751  -0.038656  -0.011302   0.026208
 133   0.000650   0.021498  -0.023807   0.001659
 134   0.007709   0.017016  -0.039556   0.014831
 135   0.016793  -0.000971  -0.026525   0.010703
 136   0.009223  -0.009946   0.003745  -0.003023
 137   0.034530  -0.000236  -0.042500   0.008206
 138  -0.019062  -0.017546   0.002540   0.034068
 139  -0.014488   0.023037   0.008467  -0.017016
 140   0.011729  -0.037471   0.009678   0.016065
 141  -0.011969  -0.013178   0.033388  -0.008241
 142   0.006929  -0.052735   0.026110   0.019696
 143  -0.000073  -0.024972   0.002809   0.022235
 144   0.027167  -0.014571   0.007654  -0.020250
 145   0.014875  -0.020187  -0.018541   0.023852
 146   0.047414  -0.015112  -0.018571  -0.013731
 147   0.014490  -0.018996  -0.014593   0.019099
 148  -0.082987  -0.044960  -0.007343   0.135290
 149  -0.014944  -0.003483  -0.009298   0.027725
 150   0.039770  -0.021476   0.006260  -0.024554
 151  -0.011493  -0.008299  -0.004145   0.023937
 152  -0.030400  -0.025330   0.049542   0.006189
 153  -0.020321  -0.012256   0.026699   0.005878
 154   0.012846  -0.011319   0.016251  -0.017778
 155   0.023087  -0.050369   0.021985   0.005297
 156   0.008724  -0.048696   0.031674   0.008298
 157   0.023648  -0.012650  -0.006731  -0.004266
 158  -0.010648   0.065544  -0.020284  -0.034613
 159   0.039018  -0.008273  -0.013438  -0.017307
 160  -0.011749   0.003718   0.014239  -0.006207
 161  -0.006572  -0.007655   0.018929  -0.004702
 162   0.001147  -0.000809  -0.014386   0.014048
 163   0.028631  -0.014697   0.021736  -0.035670
 164   0.016931  -0.006283  -0.012301   0.001653
 165   0.036511  -0.063401   0.028578  -0.001687
 166   0.057006  -0.013830  -0.016408  -0.026768
 167   0.011402   0.019025  -0.025990  -0.004437
 168   0.002491  -0.015381  -0.010430   0.023319
 169   0.053078  -0.045820   0.002396  -0.009654
 170   0.012276   0.006393  -0.016625  -0.002045
 171   0.016906   0.001598  -0.019868   0.001365
 172   0.039276  -0.022461  -0.030306   0.013490
 173   0.047664   0.009295  -0.044252  -0.012707
 174   0.034128   0.002874  -0.018239  -0.018764
 175   0.034342   0.008067  -0.035686  -0.006722
 176   0.024583  -0.014259  -0.019331   0.009006
 177   0.041009  -0.010358  -0.060584   0.029933
 178   0.040394  -0.027125  -0.047918   0.034649
 179   0.019440   0.002738  -0.060379   0.038201
