pos          info
        0  1.511231e-04
        1  1.451369e-04
        2  2.958849e-04
        3 -7.758965e-06
        4  6.488144e-07
        5 -8.072086e-07
        6  1.792682e-06
        7  2.395404e-04
        8 -2.729267e-05
        9 -9.663819e-05
       10 -4.583760e-04
       11 -1.072966e-04
       12  5.328977e-04
       13 -8.251808e-06
       14 -1.009833e-06
       15 -1.857045e-05
       16 -4.688534e-05
       17  2.246762e-05
       18  6.230633e-06
       19  8.355302e-05
       20  1.259685e-04
       21 -9.814333e-05
       22  6.271434e-05
       23  1.409564e-04
       24  6.860052e-04
       25  8.460528e-05
       26 -2.964822e-04
       27 -7.826219e-06
       28 -5.747475e-09
       29  7.530692e-05
       30 -5.611002e-04
       31  3.839011e-04
       32  3.143848e-06
       33  2.601356e-05
       34  5.306679e-05
       35 -2.232590e-04
       36  2.381234e-04
       37 -3.487911e-05
       38  1.814061e-06
       39 -5.887780e-06
       40  7.189843e-06
       41  2.156648e-07
       42  4.410792e-04
       43  6.001602e-05
       44  8.127128e-05
       45  3.147700e-05
       46  3.252517e-05
       47 -7.301841e-05
       48 -1.304601e-06
       49  1.114960e-05
       50  1.335124e-04
       51 -1.515978e-04
       52  1.316946e-04
       53 -1.890418e-04
       54 -1.167133e-04
       55  8.977039e-05
       56 -1.672866e-04
       57  2.422162e-05
       58  6.760779e-06
       59 -2.673000e-06
       60  1.403194e-04
       61 -2.997440e-04
       62 -2.159999e-05
       63  5.091578e-05
       64  9.641562e-05
       65 -1.195227e-06
       66 -9.605908e-05
       67 -1.069863e-06
       68 -2.999468e-05
       69 -8.289446e-05
       70  3.584263e-07
       71  1.711202e-05
       72  6.753544e-06
       73  1.336609e-05
       74 -5.773109e-04
       75  1.433303e-04
       76 -3.792046e-08
       77  1.053642e-04
       78 -4.414090e-05
       79 -8.017381e-06
       80  1.835589e-04
       81 -8.660649e-05
       82  5.027379e-05
       83  8.597368e-05
       84  2.397446e-04
       85 -4.285758e-05
       86  5.885623e-05
       87  6.273795e-06
       88  9.366965e-05
       89 -3.858922e-04
       90  1.843901e-05
       91  2.630965e-04
       92 -2.060114e-05
       93 -2.108823e-08
       94  3.977090e-04
       95  4.904180e-05
       96 -3.680262e-06
       97 -2.527272e-04
       98 -2.384538e-07
       99 -1.878477e-04
      100  1.968420e-04
      101 -2.893445e-05
      102 -1.537529e-04
      103  2.586846e-05
      104 -1.171529e-04
      105 -8.327636e-07
      106  3.640178e-04
      107 -1.157212e-03
      108  2.451431e-05
      109  6.147747e-07
      110 -7.155067e-04
      111  8.231402e-05
      112  3.289461e-05
      113  7.378528e-08
      114 -1.207826e-04
      115  7.926928e-05
      116 -8.083448e-04
      117  4.562314e-05
      118  6.911566e-06
      119  2.871148e-04
      120  7.580703e-05
      121 -3.861400e-04
      122  7.951722e-05
      123 -3.885022e-04
      124 -4.051493e-04
      125  1.761141e-04
      126 -7.205865e-04
      127  4.149399e-04
      128  4.514098e-05
      129  3.223444e-04
      130  3.278699e-04
      131  1.497767e-04
      132 -4.013766e-04
      133 -1.545881e-04
      134  1.027941e-05
      135  3.848005e-05
      136  2.051846e-05
      137 -4.730462e-04
      138  2.432038e-04
      139  4.309616e-05
      140  5.376403e-05
      141 -2.931816e-05
      142  1.078375e-05
      143  1.104787e-04
      144  2.021956e-04
      145  2.015979e-04
      146 -1.148065e-04
      147  5.519205e-05
      148 -1.645696e-03
      149  1.489970e-04
      150 -1.726207e-04
      151  1.170252e-04
      152 -2.144862e-04
      153 -8.640442e-05
      154 -3.930330e-05
      155 -5.195881e-04
      156 -6.731366e-04
      157 -1.662038e-07
      158  9.955518e-04
      159  4.457476e-04