pos          info
        0 -3.758298e-05
        1 -8.472255e-06
        2  1.167351e-05
        3  1.086031e-04
        4  1.734000e-04
        5  1.688952e-04
        6  7.046670e-05
        7 -4.854539e-07
        8 -2.298966e-05
        9 -1.809398e-05
       10 -9.609033e-06
       11  1.122305e-05
       12  1.150139e-05
       13  2.950581e-06
       14  3.833248e-06
       15 -8.974878e-06
       16  1.803457e-05
       17  9.798207e-05
       18  1.403195e-04
       19  1.057687e-04
       20  1.155612e-04
       21  1.140442e-04
       22  1.852419e-04
       23  1.908505e-04
       24  4.524522e-05
       25 -5.938347e-05
       26 -1.000413e-04
       27  1.699457e-04
       28  1.538592e-04
       29  2.886745e-05
       30 -6.815995e-05
       31  4.855575e-05
       32  1.288946e-04
       33  7.057182e-05
       34  5.174743e-06
       35 -2.313314e-05
       36  4.009972e-05
       37  3.722049e-05
       38  8.369532e-05
       39  5.362221e-05
       40  1.005537e-04
       41  7.499926e-05
       42  6.460077e-05
       43  1.178741e-04
       44  1.378371e-04
       45  8.564911e-05
       46  2.680949e-05
       47 -5.201609e-05
       48 -2.344046e-05
       49 -3.908349e-05
       50  2.249426e-04
       51  2.199633e-04
       52  1.378745e-04
       53 -7.148161e-05
       54 -9.427068e-05
       55 -2.033520e-05
       56 -1.862849e-05
       57  8.602466e-06
       58  1.278467e-04
       59 -9.232640e-05
       60 -2.051857e-04
       61 -3.176370e-04
       62 -5.540917e-05
       63  6.210147e-05
       64 -1.309389e-04
       65 -2.002835e-04
       66 -9.673442e-05
       67 -3.369739e-05
       68 -2.552316e-04
       69 -3.852695e-04
       70 -3.378970e-04
       71 -9.123189e-05
       72 -1.755587e-05
       73  9.495793e-05
       74  5.754386e-05
       75  1.211894e-04
       76  4.004530e-06
       77  1.024745e-04
       78 -3.251638e-05
       79  5.138012e-05
       80  5.712998e-05
       81  3.127140e-05
       82  3.186298e-05
       83 -3.291287e-05
       84 -1.690896e-05
       85 -3.962531e-05
       86  1.379060e-04
       87  1.595365e-04
       88  7.435517e-05
       89 -1.405057e-04
       90 -1.336010e-04
       91  7.537895e-05
       92  1.219485e-04
       93  1.228628e-04
       94  1.637664e-04
       95  1.533914e-04
       96  2.069499e-04
       97 -4.851941e-05
       98  1.079403e-04
       99  1.627556e-04
      100  1.874637e-04
      101  7.026291e-07
      102 -7.544946e-05
      103  2.778500e-05
      104  2.169463e-04
      105  1.659551e-04
      106  4.454574e-04
      107  2.955556e-04
      108  2.013975e-04
      109  2.924695e-05
      110 -5.704895e-05
      111  1.758809e-04
      112 -1.507949e-04
      113 -9.168626e-05
      114 -1.594494e-04
      115  9.240513e-05
      116  1.112060e-04
      117  5.796111e-05
      118 -2.099247e-06
      119 -2.792624e-05
      120 -2.504041e-05
      121 -1.817523e-05
      122 -1.585469e-05
      123  4.808224e-04
      124  4.849509e-04
      125  5.100592e-04
      126  4.869079e-05
      127  2.613449e-04
      128  3.394670e-04
      129  2.998602e-04
      130 -3.832704e-05
      131 -4.103596e-05
      132 -4.283148e-05
      133  8.986426e-05
      134 -5.619933e-05
      135 -4.844191e-05
      136 -1.011109e-04
      137 -3.550987e-05
      138 -3.848063e-05
      139 -4.954184e-05
      140 -1.047920e-04
      141 -1.047346e-04
      142 -2.233326e-06
      143  1.145892e-04
      144  1.168585e-04
      145  7.817773e-05
      146 -1.770083e-05
      147 -2.351298e-05
      148  4.945714e-05
      149  1.743471e-04
      150  1.780688e-04
      151 -5.772761e-06
      152 -2.888266e-04
      153 -3.117969e-04
      154 -2.199783e-04
      155  2.983023e-05
      156  1.721902e-04
      157  0.000000e+00
      158  0.000000e+00
      159  0.000000e+00