pos          info
        0  5.891681e-06
        1  2.108985e-04
        2  1.010263e-04
        3 -7.042478e-05
        4 -4.230651e-05
        5  2.077171e-05
        6  3.191350e-06
        7  2.894167e-04
        8 -2.271863e-05
        9  5.934770e-08
       10 -7.785245e-05
       11 -8.470049e-06
       12  2.192999e-04
       13  4.977049e-05
       14 -9.369792e-05
       15  5.846683e-05
       16 -6.149825e-06
       17  2.143491e-05
       18 -7.958698e-06
       19  2.882953e-05
       20  3.081575e-05
       21 -1.294398e-05
       22  2.838603e-05
       23  6.639134e-05
       24  2.265827e-04
       25  4.745161e-04
       26 -1.849428e-04
       27 -2.640552e-05
       28 -7.545799e-06
       29  2.997156e-04
       30 -3.997178e-04
       31  7.094017e-05
       32  5.988837e-05
       33  1.949110e-05
       34  3.403774e-05
       35 -1.574963e-04
       36  7.859981e-05
       37 -1.350399e-05
       38 -1.772528e-05
       39  8.037409e-09
       40  9.141824e-06
       41 -2.654310e-07
       42  2.159834e-04
       43  6.801394e-05
       44  2.833789e-04
       45  2.823582e-06
       46 -4.214657e-07
       47 -5.860644e-05
       48 -1.730522e-04
       49 -3.539111e-05
       50  2.015160e-06
       51 -2.933844e-04
       52  1.122829e-04
       53 -1.118823e-04
       54 -2.626108e-04
       55 -3.929419e-06
       56 -4.237111e-04
       57  4.965511e-06
       58  3.833794e-05
       59  9.912810e-05
       60  1.328224e-04
       61 -1.056151e-04
       62  5.903630e-05
       63  6.119825e-05
       64  1.449233e-04
       65 -1.887652e-07
       66 -1.136592e-05
       67 -6.269778e-05
       68 -1.083691e-05
       69 -3.570680e-04
       70  8.273130e-06
       71  9.795959e-05
       72  3.647004e-05
       73  3.550681e-05
       74 -4.554466e-04
       75  9.875045e-05
       76 -1.008171e-05
       77  2.523253e-04
       78 -9.398015e-05
       79 -2.773216e-05
       80  5.374988e-04
       81 -6.965449e-06
       82  2.312441e-04
       83  3.082371e-07
       84  3.334022e-04
       85 -1.179033e-04
       86  2.099692e-05
       87  3.712293e-05
       88  1.153309e-04
       89 -6.575830e-04
       90 -2.289810e-07
       91  1.404132e-04
       92 -2.640990e-04
       93  1.734969e-05
       94  2.767680e-04
       95  1.878048e-05
       96  1.458729e-04
       97 -5.241439e-05
       98  3.603255e-06
       99 -2.679315e-04
      100  1.773259e-04
      101  2.577056e-05
      102 -1.792519e-04
      103 -9.744024e-05
      104 -1.853000e-06
      105  9.422329e-06
      106  5.876079e-04
      107 -1.729967e-03
      108  1.723305e-04
      109  6.575181e-05
      110 -8.099004e-04
      111  3.664144e-06
      112  6.483826e-05
      113  4.299890e-05
      114 -4.675280e-05
      115  9.685301e-05
      116 -4.560722e-04
      117  2.652053e-06
      118  3.445805e-06
      119  3.138000e-04
      120  1.250556e-04
      121 -2.780458e-04
      122  9.738477e-05
      123 -1.789218e-05
      124 -7.142343e-04
      125  2.476571e-04
      126 -1.975589e-04
      127  2.624283e-04
      128  1.070584e-04
      129  6.352991e-04
      130  1.616968e-04
      131  2.552893e-04
      132 -2.002881e-04
      133 -7.844327e-05
      134 -1.006708e-05
      135  1.807950e-05
      136  1.841719e-05
      137 -2.206113e-04
      138  8.567390e-05
      139 -2.992112e-04
      140  4.467997e-06
      141 -1.473204e-04
      142 -1.405744e-04
      143  1.297280e-04
      144  2.039946e-04
      145  3.352268e-04
      146 -1.024124e-04
      147  8.653854e-05
      148 -1.262322e-03
      149  2.883378e-04
      150 -1.190551e-04
      151  1.727457e-04
      152 -1.262469e-04
      153 -3.426953e-05
      154 -8.132180e-05
      155 -1.052333e-03
      156 -9.329953e-04
      157  2.996240e-05
      158  9.403389e-04
      159  8.003168e-05