pos          info
        0 -1.209282e-05
        1 -3.915198e-05
        2 -1.127128e-04
        3 -7.825496e-05
        4 -4.776933e-05
        5  1.916174e-05
        6 -1.105404e-04
        7 -2.081054e-04
        8 -2.480224e-04
        9 -1.155133e-04
       10 -7.640515e-05
       11 -1.485925e-06
       12  1.474502e-05
       13  1.978946e-05
       14 -1.215679e-05
       15 -1.843822e-04
       16 -1.513207e-04
       17 -1.501854e-04
       18  6.669037e-05
       19  6.858758e-05
       20  7.807387e-05
       21  2.026048e-04
       22  1.998419e-04
       23  1.844291e-04
       24 -2.349782e-06
       25 -2.164380e-06
       26 -6.876738e-05
       27 -2.287354e-05
       28 -7.732614e-06
       29  1.244513e-04
       30  7.885203e-05
       31  2.622269e-04
       32  1.553954e-04
       33 -3.554744e-04
       34 -8.455662e-04
       35 -8.860536e-04
       36 -3.567505e-04
       37 -6.460673e-05
       38  2.109129e-05
       39 -1.774272e-06
       40  6.343258e-06
       41 -7.450238e-06
       42 -1.284747e-05
       43  1.798034e-05
       44  3.452047e-05
       45  3.617530e-05
       46 -4.081577e-06
       47 -9.698624e-06
       48  1.583134e-04
       49  1.593724e-04
       50  2.673324e-04
       51  1.762089e-04
       52  2.432553e-04
       53  1.999135e-04
       54  4.487233e-04
       55  6.664687e-04
       56  6.016669e-04
       57  2.700980e-04
       58  4.106525e-05
       59  6.110874e-05
       60  2.647852e-04
       61  2.217463e-04
       62  2.075947e-04
       63 -2.493725e-05
       64 -1.109322e-04
       65 -8.752449e-05
       66  1.461186e-05
       67  7.115921e-05
       68  4.166815e-05
       69 -3.411921e-05
       70 -2.115155e-05
       71  2.158869e-05
       72  3.766474e-05
       73  9.777730e-05
       74  5.606395e-05
       75  6.380377e-05
       76  7.735969e-06
       77 -2.807627e-05
       78  7.935760e-05
       79 -2.405389e-04
       80 -1.569111e-04
       81 -3.625617e-04
       82 -3.872825e-05
       83 -8.954846e-05
       84  4.685436e-06
       85 -1.510936e-07
       86  4.317990e-05
       87 -6.102056e-05
       88 -7.925558e-05
       89 -1.357771e-04
       90 -3.492708e-05
       91 -1.308907e-04
       92 -1.952406e-04
       93 -1.623068e-04
       94 -2.773564e-05
       95  5.383381e-06
       96 -1.011759e-05
       97 -2.183497e-05
       98  1.392996e-04
       99 -7.029430e-04
      100 -7.038040e-04
      101 -7.413569e-04
      102  3.854080e-04
      103  3.433856e-04
      104  6.332279e-04
      105  5.219691e-04
      106  7.789579e-04
      107  4.131119e-04
      108  2.610508e-04
      109  4.366777e-05
      110  4.292241e-05
      111 -3.419081e-04
      112 -3.463937e-04
      113 -3.873908e-04
      114 -7.071723e-05
      115 -6.480697e-05
      116 -1.355103e-04
      117 -1.272939e-04
      118 -4.396289e-04
      119 -1.416712e-04
      120  2.533622e-04
      121  5.564666e-04
      122  3.880851e-04
      123  4.329339e-05
      124  4.549783e-05
      125 -7.854972e-05
      126 -4.739501e-04
      127 -4.746804e-04
      128 -3.883729e-04
      129 -2.465201e-05
      130 -1.237608e-05
      131  9.099773e-06
      132  3.314642e-05
      133 -1.253571e-04
      134 -1.271080e-04
      135 -7.455864e-05
      136  7.281866e-05
      137  2.827109e-05
      138  2.734594e-05
      139  3.259112e-05
      140  1.640006e-04
      141  6.171515e-05
      142  3.950676e-05
      143 -1.340535e-04
      144 -1.382166e-04
      145 -1.436575e-04
      146 -4.588663e-05
      147  2.456657e-05
      148  4.664618e-05
      149  3.731186e-05
      150 -5.417739e-05
      151  1.415341e-04
      152  6.242711e-05
      153  1.171396e-04
      154 -7.699615e-05
      155  2.372827e-05
      156 -1.865848e-05
      157  0.000000e+00
      158  0.000000e+00
      159  0.000000e+00