pos      val_A      val_C      val_G      val_T
   0   0.014095  -0.009148  -0.003871  -0.001076
   1   0.018887   0.003620  -0.014667  -0.007840
   2  -0.004235  -0.001370   0.006024  -0.000419
   3   0.004977  -0.000437   0.021976  -0.026516
   4  -0.021039   0.004030   0.020036  -0.003027
   5   0.002067  -0.004074   0.000954   0.001053
   6  -0.015242   0.008837  -0.007701   0.014106
   7   0.020579   0.023764  -0.037813  -0.006529
   8   0.041041   0.027630  -0.030320  -0.038351
   9   0.007098   0.011398  -0.001438  -0.017058
  10   0.012818  -0.025081  -0.008088   0.020351
  11   0.002173  -0.024494   0.002654   0.019667
  12   0.002420  -0.035009   0.015680   0.016909
  13  -0.013607   0.013787   0.007285  -0.007466
  14   0.013606  -0.002144  -0.008237  -0.003225
  15   0.020161   0.006269  -0.023046  -0.003384
  16   0.017324   0.002391  -0.021965   0.002251
  17  -0.007309   0.042314  -0.038594   0.003589
  18   0.015077   0.004024  -0.010013  -0.009088
  19  -0.010065   0.026891   0.011193  -0.028019
  20  -0.002264  -0.014192   0.014259   0.002196
  21  -0.016308   0.010281   0.035200  -0.029173
  22  -0.002879   0.004775   0.013046  -0.014942
  23  -0.005166  -0.025457  -0.014395   0.045019
  24   0.016149  -0.022161  -0.001244   0.007257
  25  -0.005343  -0.020051   0.007137   0.018257
  26  -0.002463  -0.011394   0.011918   0.001939
  27  -0.010892   0.036915  -0.017735  -0.008287
  28   0.037327  -0.008292  -0.008274  -0.020761
  29   0.022805  -0.041569  -0.003899   0.022663
  30   0.006679   0.006093   0.016537  -0.029310
  31   0.003112  -0.017661   0.032354  -0.017805
  32  -0.011241   0.015177  -0.005034   0.001098
  33  -0.021655  -0.012417  -0.013213   0.047284
  34  -0.023089  -0.039909   0.053847   0.009151
  35  -0.095994   0.020380   0.083235  -0.007621
  36  -0.066144   0.047363   0.037816  -0.019035
  37   0.011977   0.037814  -0.035044  -0.014747
  38   0.011594   0.007398   0.012864  -0.031855
  39  -0.002952  -0.000548  -0.024087   0.027586
  40   0.013090  -0.017008   0.014535  -0.010617
  41   0.003013   0.001465  -0.012498   0.008021
  42  -0.027585   0.005594   0.009251   0.012740
  43   0.008889  -0.038960   0.032874  -0.002803
  44  -0.014277  -0.010610   0.019286   0.005600
  45   0.001198   0.016779   0.011321  -0.029298
  46   0.004835   0.004464   0.012049  -0.021348
  47  -0.014663   0.003442  -0.045221   0.056442
  48  -0.006584  -0.005912   0.007650   0.004846
  49   0.002320  -0.002204  -0.000278   0.000161
  50  -0.016075   0.041749  -0.045203   0.019529
  51  -0.044681  -0.003688   0.002479   0.045890
  52   0.026688  -0.041193   0.046221  -0.031716
  53  -0.011579  -0.020791  -0.010211   0.042581
  54   0.006526  -0.001280   0.034796  -0.040042
  55  -0.003597   0.022853   0.017043  -0.036299
  56  -0.037158  -0.027530  -0.019938   0.084625
  57   0.083424  -0.045439  -0.024374  -0.013611
  58  -0.001792  -0.023967   0.015394   0.010365
  59  -0.003792  -0.008236   0.024047  -0.012019
  60   0.019047   0.003225   0.030367  -0.052639
  61  -0.030062   0.016340  -0.010901   0.024622
  62   0.051238  -0.007188  -0.017901  -0.026149
  63   0.003275  -0.008239   0.014273  -0.009309
  64  -0.004293  -0.014694   0.013082   0.005905
  65   0.010381  -0.021519   0.023891  -0.012753
  66   0.010181  -0.023885  -0.025170   0.038874
  67   0.014179   0.014038   0.000139  -0.028356
  68   0.028219  -0.000760   0.002678  -0.030136
  69  -0.001128  -0.009330  -0.000166   0.010624
  70   0.048080  -0.007997  -0.002794  -0.037289
  71   0.016340  -0.011002  -0.018237   0.012899
  72  -0.016578  -0.011056   0.006209   0.021425
  73   0.045915  -0.009204  -0.024434  -0.012278
  74   0.020323  -0.027971   0.010248  -0.002600
  75   0.015463  -0.028414  -0.016135   0.029086
  76   0.010129   0.015329  -0.034292   0.008834
  77  -0.007871  -0.001155   0.022031  -0.013005
  78   0.017335  -0.024368   0.002443   0.004590
  79  -0.004831   0.011360   0.041849  -0.048378
  80  -0.021403  -0.022942   0.004341   0.040004
  81  -0.057648   0.009704  -0.020307   0.068250
  82   0.006254  -0.025543   0.019988  -0.000699
  83   0.075781  -0.033445   0.011976  -0.054313
  84  -0.001092  -0.011982   0.015057  -0.001983
  85   0.006984  -0.007980  -0.011676   0.012672
  86   0.011667  -0.022863   0.008039   0.003157
  87  -0.036342  -0.001031   0.041350  -0.003977
  88  -0.013785  -0.005633   0.020308  -0.000890
  89  -0.044121   0.019361   0.014374   0.010387
  90   0.000543   0.010387   0.005234  -0.016164
  91  -0.000915   0.007383   0.001510  -0.007977
  92   0.040318  -0.006871   0.011538  -0.044985
  93   0.037498  -0.039474  -0.008412   0.010388
  94  -0.000780   0.023980   0.002445  -0.025645
  95   0.027266  -0.044705   0.011719   0.005720
  96   0.023465   0.016746  -0.034998  -0.005214
  97   0.028413  -0.013672   0.011225  -0.025966
  98  -0.009956   0.000777   0.016858  -0.007680
  99   0.002716  -0.008574  -0.007512   0.013370
 100  -0.024759  -0.029434   0.035388   0.018806
 101  -0.102417  -0.043573  -0.002844   0.148834
 102  -0.017432   0.004373  -0.013089   0.026148
 103  -0.018411  -0.036452   0.020568   0.034295
 104   0.068888   0.004513  -0.039884  -0.033516
 105   0.012574  -0.032445  -0.008571   0.028442
 106   0.076727  -0.050086  -0.011880  -0.014760
 107  -0.020587   0.046607  -0.029090   0.003071
 108  -0.033398  -0.023351   0.004688   0.052061
 109  -0.002708  -0.034049  -0.003914   0.040671
 110  -0.000119   0.007164   0.017315  -0.024360
 111   0.023620  -0.042924   0.009461   0.009843
 112  -0.012447   0.013409  -0.007940   0.006978
 113  -0.071360   0.005204  -0.013151   0.079307
 114   0.003372  -0.004839   0.011190  -0.009723
 115  -0.013840   0.032452   0.000002  -0.018613
 116  -0.008934   0.007591   0.024928  -0.023585
 117   0.005230   0.001858  -0.017227   0.010138
 118  -0.011244   0.030399   0.016797  -0.035952
 119  -0.028655   0.001528  -0.008475   0.035602
 120  -0.015948   0.033999   0.047314  -0.065365
 121   0.002716  -0.039542  -0.011610   0.048436
 122  -0.024945  -0.030097   0.086893  -0.031850
 123  -0.010291  -0.009142   0.017497   0.001935
 124  -0.023018   0.022456  -0.010558   0.011120
 125   0.022168  -0.027346   0.017834  -0.012656
 126  -0.006965   0.002808   0.019784  -0.015626
 127   0.055378  -0.007689  -0.007834  -0.039855
 128   0.026669   0.029473   0.016843  -0.072985
 129  -0.003041   0.011217   0.003488  -0.011664
 130  -0.018351   0.014423   0.049464  -0.045537
 131  -0.003609   0.005547   0.020632  -0.022570
 132  -0.015756  -0.017477   0.015981   0.017252
 133  -0.006780   0.001383   0.019595  -0.014198
 134  -0.013741  -0.016826   0.012474   0.018092
 135   0.031159  -0.029228   0.001205  -0.003135
 136  -0.004497   0.027765   0.008430  -0.031698
 137  -0.006331  -0.010325  -0.018500   0.035156
 138  -0.007277   0.010138   0.006371  -0.009232
 139   0.013377  -0.014863   0.027437  -0.025950
 140   0.035434   0.007070  -0.006289  -0.036215
 141   0.001772   0.002336   0.007938  -0.012046
 142  -0.012131  -0.048478   0.044118   0.016492
 143   0.024500  -0.013569   0.008720  -0.019652
 144   0.036693   0.011584  -0.020211  -0.028066
 145   0.035602  -0.032261   0.004086  -0.007427
 146   0.007618  -0.023651   0.001699   0.014334
 147   0.006218  -0.016918  -0.001065   0.011764
 148   0.004768  -0.021560   0.005141   0.011650
 149  -0.008389  -0.004271   0.036750  -0.024091
 150  -0.014864   0.003946  -0.006080   0.016998
 151  -0.006332  -0.009269  -0.016210   0.031811
 152   0.008638  -0.000746   0.015784  -0.023677
 153   0.008425  -0.038304   0.057000  -0.027121
 154  -0.021134   0.006928   0.007889   0.006316
 155  -0.016225  -0.005148   0.009809   0.011564
 156   0.009132  -0.025813   0.005546   0.011135
 157  -0.036622   0.020277   0.030392  -0.014048
 158  -0.011225   0.017782   0.025571  -0.032127
 159   0.005617   0.009751   0.001281  -0.016649
 160  -0.010776  -0.020426   0.038256  -0.007054
 161  -0.004788  -0.000991   0.017444  -0.011665
 162  -0.001439   0.006929   0.024629  -0.030119
 163  -0.015407  -0.003952   0.027704  -0.008346
 164   0.014556  -0.002216  -0.001967  -0.010373
 165  -0.008734   0.018349   0.014399  -0.024014
 166   0.018942  -0.007917  -0.005285  -0.005740
 167   0.004291  -0.008167   0.020578  -0.016702
 168  -0.005390   0.007713   0.026434  -0.028758
 169  -0.001334   0.001843   0.019629  -0.020138
 170   0.007930  -0.004931   0.011132  -0.014131
 171   0.025691  -0.015020  -0.008826  -0.001845
 172   0.013825  -0.003487   0.003866  -0.014204
 173  -0.002934  -0.011692   0.014360   0.000266
 174   0.018699  -0.009883   0.012624  -0.021441
 175   0.003203  -0.006085  -0.003629   0.006511
 176   0.008135  -0.011935   0.003231   0.000569
 177   0.020992  -0.015407  -0.010479   0.004894
 178  -0.011081   0.019186  -0.016688   0.008583
 179   0.019700  -0.014888  -0.013760   0.008949
