pos      val_A      val_C      val_G      val_T
   0  -0.002046   0.003673   0.007255  -0.008882
   1  -0.001944  -0.007397  -0.006644   0.015985
   2   0.011093  -0.004575   0.000789  -0.007307
   3  -0.002360   0.008468  -0.024905   0.018797
   4   0.020196  -0.005138  -0.005656  -0.009402
   5  -0.005174  -0.008119   0.000153   0.013140
   6   0.003847  -0.009907   0.007046  -0.000986
   7  -0.008657  -0.015642   0.013545   0.010754
   8  -0.028390  -0.023209   0.014189   0.037410
   9   0.007842  -0.020287  -0.007654   0.020098
  10  -0.007891   0.006937  -0.000463   0.001417
  11   0.003587   0.008375   0.004419  -0.016381
  12  -0.006661   0.019469  -0.006008  -0.006801
  13   0.011563  -0.003025  -0.004046  -0.004492
  14   0.007153  -0.000996  -0.007441   0.001284
  15  -0.015202  -0.007352   0.009361   0.013193
  16  -0.008888  -0.001513   0.011313  -0.000912
  17  -0.016795  -0.026830   0.046832  -0.003208
  18  -0.020599   0.001819   0.009114   0.009665
  19  -0.003376  -0.015180  -0.005255   0.023811
  20  -0.007462   0.015505  -0.008288   0.000245
  21   0.006253  -0.001853  -0.012513   0.008113
  22   0.004500  -0.002066  -0.004296   0.001861
  23   0.013703   0.025784   0.005891  -0.045378
  24  -0.023224   0.015410  -0.007135   0.014949
  25  -0.001864   0.013038   0.001650  -0.012824
  26  -0.008119   0.013362  -0.001604  -0.003640
  27  -0.002976  -0.011632   0.006259   0.008349
  28  -0.041075   0.000512   0.012392   0.028171
  29  -0.012257   0.036163  -0.001605  -0.022301
  30  -0.024941  -0.008520  -0.000820   0.034281
  31  -0.017470   0.024420  -0.016102   0.009151
  32  -0.002286  -0.000855   0.011222  -0.008082
  33   0.016844   0.016963   0.025710  -0.059517
  34   0.003419   0.016323  -0.020008   0.000266
  35   0.051882  -0.002207  -0.052227   0.002552
  36   0.053776  -0.018636  -0.034137  -0.001002
  37  -0.013234  -0.005992   0.013485   0.005741
  38  -0.011961  -0.006105  -0.004756   0.022822
  39   0.008756  -0.020658   0.024462  -0.012560
  40  -0.013504   0.007546  -0.006962   0.012919
  41  -0.007827   0.007139   0.008085  -0.007396
  42   0.008557   0.010114  -0.007735  -0.010936
  43  -0.011477   0.018554  -0.029774   0.022698
  44   0.013690   0.014124  -0.008293  -0.019521
  45  -0.003725   0.010443  -0.035280   0.028562
  46  -0.008790  -0.003120  -0.008945   0.020855
  47   0.005428   0.001797   0.043304  -0.050529
  48   0.012274  -0.009260  -0.013479   0.010465
  49  -0.028018  -0.001290   0.011577   0.017731
  50   0.017736  -0.044995   0.041080  -0.013821
  51   0.043187   0.003703  -0.006935  -0.039955
  52  -0.025083   0.037251  -0.032315   0.020146
  53   0.018773   0.006923   0.013752  -0.039448
  54  -0.026555   0.017014  -0.031788   0.041329
  55   0.027483  -0.026233  -0.015839   0.014589
  56   0.026692   0.017706   0.013657  -0.058055
  57  -0.060877   0.020402   0.032072   0.008403
  58  -0.000199   0.026583  -0.014486  -0.011899
  59   0.001642   0.023913  -0.025275  -0.000280
  60  -0.035012  -0.000868  -0.011621   0.047500
  61   0.024337  -0.019958   0.017854  -0.022234
  62  -0.030130   0.007552   0.008440   0.014137
  63  -0.021041   0.002578   0.008761   0.009702
  64  -0.000813  -0.000502   0.004306  -0.002991
  65  -0.021575   0.021608  -0.010433   0.010401
  66  -0.000904   0.027672   0.012515  -0.039283
  67  -0.020634   0.005442  -0.001811   0.017003
  68   0.003119  -0.015309   0.003680   0.008510
  69   0.012465   0.007352  -0.005996  -0.013820
  70  -0.021952   0.010307  -0.002252   0.013896
  71   0.005166   0.009960   0.007116  -0.022242
  72   0.008925   0.003146   0.000410  -0.012481
  73  -0.035111   0.009172   0.030779  -0.004840
  74   0.000473   0.019001  -0.031123   0.011649
  75   0.002015   0.015228   0.000357  -0.017600
  76   0.005562  -0.022741   0.017442  -0.000263
  77  -0.007789   0.003580  -0.001982   0.006191
  78  -0.009799   0.022676  -0.006122  -0.006755
  79   0.018426  -0.002404  -0.043560   0.027537
  80   0.020020   0.029789   0.005365  -0.055174
  81   0.057040  -0.009668   0.010615  -0.057987
  82  -0.001039   0.006044  -0.029376   0.024371
  83  -0.066967   0.022617   0.000523   0.043827
  84   0.007958   0.003083  -0.007700  -0.003341
  85  -0.000846   0.011692  -0.011059   0.000213
  86  -0.005699   0.025185  -0.004372  -0.015114
  87   0.030158  -0.001557  -0.028692   0.000092
  88   0.008514  -0.003130  -0.007618   0.002233
  89   0.016267  -0.025360  -0.000857   0.009950
  90  -0.012457  -0.016325  -0.008513   0.037295
  91   0.011307  -0.014045   0.010505  -0.007767
  92  -0.029838  -0.005644   0.004250   0.031232
  93  -0.022203   0.035098   0.003143  -0.016038
  94  -0.013539  -0.016024   0.006155   0.023408
  95  -0.035619   0.033645   0.010954  -0.008980
  96  -0.019038  -0.007803   0.032148  -0.005306
  97  -0.007683  -0.000584  -0.006559   0.014826
  98   0.024910  -0.013681  -0.013845   0.002616
  99   0.005271  -0.000987   0.013798  -0.018083
 100   0.025867   0.011465  -0.029976  -0.007356
 101   0.092692   0.016333  -0.000753  -0.108271
 102   0.006191   0.000205   0.011410  -0.017807
 103   0.016569   0.024696  -0.003313  -0.037951
 104  -0.063254   0.009919   0.030722   0.022612
 105   0.002426   0.024837   0.002556  -0.029818
 106  -0.061743   0.037743  -0.001702   0.025702
 107   0.013016  -0.053984   0.030086   0.010883
 108   0.033303   0.038864  -0.011069  -0.061098
 109   0.004601   0.035640   0.005826  -0.046067
 110  -0.004912   0.003397  -0.009204   0.010720
 111  -0.014110   0.027594  -0.010321  -0.003164
 112   0.001573  -0.009484   0.007437   0.000474
 113   0.070379  -0.002235   0.010159  -0.078303
 114  -0.005527   0.001113   0.001850   0.002564
 115   0.038937  -0.059532  -0.004413   0.025009
 116   0.009361   0.004794  -0.007074  -0.007082
 117  -0.001821   0.002458   0.007391  -0.008027
 118   0.008214  -0.022555  -0.009105   0.023445
 119   0.008321   0.000572   0.005782  -0.014676
 120  -0.005544  -0.021503  -0.029651   0.056698
 121  -0.002446   0.024899   0.018373  -0.040826
 122  -0.015343   0.031118  -0.036981   0.021206
 123  -0.000285  -0.005552  -0.014774   0.020611
 124   0.000994  -0.009869   0.008059   0.000816
 125  -0.018958   0.014362  -0.004049   0.008646
 126  -0.000885   0.005959  -0.019442   0.014367
 127  -0.020995   0.010293  -0.003999   0.014701
 128  -0.049871  -0.012328  -0.026648   0.088847
 129  -0.003006  -0.006036  -0.002669   0.011712
 130   0.005862  -0.003273  -0.056952   0.054364
 131  -0.001480   0.006359  -0.019175   0.014296
 132   0.032438   0.028590  -0.005925  -0.055103
 133  -0.016397   0.021908  -0.013483   0.007972
 134  -0.002861   0.038425  -0.006668  -0.028897
 135  -0.070039   0.065472   0.004216   0.000351
 136  -0.017151  -0.039183   0.032665   0.023669
 137   0.004534   0.007774   0.013283  -0.025591
 138   0.005051   0.000240  -0.012294   0.007003
 139  -0.022823   0.007489  -0.027790   0.043125
 140  -0.025780  -0.005023   0.019310   0.011493
 141  -0.026673   0.008661  -0.001451   0.019463
 142  -0.016144   0.029124  -0.001625  -0.011355
 143  -0.024477   0.002146  -0.004447   0.026778
 144  -0.036352  -0.008821   0.021801   0.023371
 145  -0.023194   0.053751  -0.015651  -0.014906
 146  -0.010563   0.002531   0.028312  -0.020280
 147  -0.024894   0.015899   0.007145   0.001850
 148  -0.013549   0.010631  -0.006611   0.009528
 149   0.012815  -0.006515  -0.015750   0.009451
 150   0.013091  -0.005661  -0.001378  -0.006052
 151   0.018099   0.012755   0.001324  -0.032178
 152  -0.002271   0.010573  -0.022823   0.014520
 153  -0.014042   0.038311  -0.036784   0.012514
 154   0.017522  -0.000969  -0.015887  -0.000667
 155   0.016791   0.020606  -0.035556  -0.001841
 156  -0.018241   0.012175  -0.001876   0.007941
 157   0.017478  -0.003415  -0.011321  -0.002742
 158   0.014491  -0.009781  -0.022410   0.017700
 159   0.001979  -0.013930  -0.000388   0.012338
 160  -0.001766   0.018587  -0.025284   0.008463
 161   0.004133  -0.006301  -0.016069   0.018237
 162  -0.021043   0.000353   0.001155   0.019535
 163  -0.012623   0.017304  -0.013626   0.008945
 164  -0.027399   0.009032   0.016143   0.002225
 165   0.013416  -0.009869  -0.002690  -0.000857
 166  -0.030640   0.016645   0.018705  -0.004711
 167  -0.021851   0.004846  -0.001462   0.018467
 168  -0.010424   0.000045  -0.002204   0.012583
 169  -0.018786   0.005248   0.005139   0.008399
 170  -0.021155   0.010446   0.008186   0.002523
 171  -0.037914   0.009708   0.026605   0.001601
 172  -0.031298   0.018645   0.016020  -0.003367
 173  -0.029104   0.027909   0.014957  -0.013762
 174  -0.042901   0.031166   0.025871  -0.014136
 175  -0.041453   0.029289   0.028342  -0.016178
 176  -0.021692   0.026045   0.020452  -0.024805
 177  -0.049006   0.035049   0.047695  -0.033738
 178  -0.009589  -0.000622   0.057265  -0.047053
 179  -0.018356  -0.002529   0.067031  -0.046146
