pos          info
        0  1.546466e-05
        1 -2.773578e-07
        2 -3.703026e-05
        3 -3.550684e-05
        4 -1.991550e-05
        5  1.272807e-05
        6 -1.023557e-04
        7 -1.411178e-04
        8 -1.889192e-04
        9 -7.321419e-05
       10 -1.509056e-04
       11 -8.500973e-05
       12 -7.110687e-05
       13 -1.350484e-05
       14 -2.816956e-05
       15 -1.658784e-04
       16 -1.289818e-04
       17 -1.194644e-04
       18  2.021069e-05
       19  3.508233e-05
       20  3.867814e-05
       21  1.802270e-04
       22  1.761763e-04
       23  1.298231e-04
       24 -2.877232e-05
       25 -5.908386e-05
       26 -5.946690e-05
       27 -1.639068e-05
       28  1.293160e-05
       29  1.301133e-04
       30  7.744289e-05
       31  2.471677e-04
       32  1.224927e-04
       33 -6.257440e-04
       34 -1.156148e-03
       35 -1.216724e-03
       36 -4.539642e-04
       37 -9.673918e-05
       38  2.184131e-05
       39  1.758129e-05
       40  3.021231e-05
       41  1.237549e-05
       42  2.915158e-06
       43  5.665916e-07
       44  2.612341e-06
       45 -2.911009e-06
       46 -1.135070e-05
       47 -1.293633e-05
       48  1.438366e-04
       49  1.411710e-04
       50  1.986014e-04
       51  1.977828e-04
       52  2.955747e-04
       53  2.799588e-04
       54  6.840638e-04
       55  1.120187e-03
       56  1.078167e-03
       57  5.213994e-04
       58  1.705888e-05
       59  6.464627e-05
       60  2.790606e-04
       61  2.668012e-04
       62  2.334305e-04
       63 -7.526717e-06
       64 -6.866365e-05
       65 -6.699941e-05
       66  3.299151e-05
       67  7.061550e-05
       68  5.452367e-05
       69 -1.681308e-05
       70 -3.123507e-05
       71  1.331379e-04
       72  1.421005e-04
       73  2.312248e-04
       74  8.715846e-05
       75  8.258533e-05
       76  1.676884e-05
       77 -4.882457e-06
       78  1.246560e-04
       79 -1.391234e-04
       80 -1.045735e-04
       81 -3.153783e-04
       82 -6.527980e-05
       83 -1.089346e-04
       84 -2.179388e-05
       85 -1.118373e-05
       86  3.279113e-05
       87 -1.257155e-04
       88 -1.454583e-04
       89 -1.786441e-04
       90 -2.443314e-05
       91 -1.298537e-04
       92 -1.826463e-04
       93 -1.194793e-04
       94  5.078955e-05
       95  5.069345e-05
       96  1.366677e-05
       97 -1.600226e-05
       98  1.386004e-04
       99 -6.955890e-04
      100 -6.563951e-04
      101 -6.653881e-04
      102  5.111802e-04
      103  3.725875e-04
      104  7.327322e-04
      105  5.412625e-04
      106  8.360099e-04
      107  3.828875e-04
      108  2.332461e-04
      109  3.214972e-05
      110  2.023264e-05
      111 -4.082972e-04
      112 -4.158977e-04
      113 -4.189736e-04
      114 -5.925386e-05
      115 -5.784926e-05
      116 -1.470910e-04
      117 -1.666642e-04
      118 -5.178838e-04
      119 -2.294155e-04
      120  4.232104e-04
      121  7.724378e-04
      122  5.982620e-04
      123  4.891038e-05
      124  4.921979e-05
      125 -8.445145e-05
      126 -5.591238e-04
      127 -5.706485e-04
      128 -4.731449e-04
      129 -3.493369e-05
      130 -5.709509e-07
      131  2.214907e-05
      132  4.547023e-05
      133 -4.730042e-05
      134 -3.787627e-05
      135  3.309232e-05
      136  9.554645e-05
      137  3.647273e-05
      138  3.731032e-05
      139  4.924321e-05
      140  2.609661e-04
      141  1.332518e-04
      142  9.556128e-05
      143 -1.473380e-04
      144 -1.168611e-04
      145 -1.074022e-04
      146 -1.191480e-05
      147  9.517873e-05
      148  1.010251e-04
      149  8.728897e-05
      150 -6.495760e-05
      151  2.116290e-04
      152  1.786554e-04
      153  2.026452e-04
      154 -4.648580e-05
      155  2.226881e-05
      156 -4.033177e-05
      157  0.000000e+00
      158  0.000000e+00
      159  0.000000e+00