pos      val_A      val_C      val_G      val_T
   0  -0.004409   0.001532   0.011186  -0.008308
   1  -0.021796   0.021637  -0.012257   0.012416
   2  -0.006338   0.025064  -0.013581  -0.005145
   3   0.013900   0.010787  -0.039069   0.014382
   4   0.015236  -0.008655  -0.013869   0.007288
   5  -0.006718   0.003943   0.001882   0.000893
   6   0.014816  -0.017287   0.018705  -0.016233
   7  -0.019499  -0.010103   0.032472  -0.002870
   8  -0.033152  -0.027830   0.039226   0.021756
   9  -0.005635   0.000656  -0.000431   0.005410
  10  -0.002857   0.007856   0.002081  -0.007079
  11  -0.000130   0.019590   0.000811  -0.020271
  12   0.005112   0.017291  -0.011870  -0.010534
  13   0.013923  -0.018626   0.001623   0.003080
  14  -0.012836  -0.014603   0.007981   0.019459
  15  -0.028384  -0.008134   0.032170   0.004349
  16  -0.018504  -0.005079   0.028458  -0.004875
  17   0.004062  -0.049128   0.051106  -0.006040
  18  -0.003312  -0.002211   0.010613  -0.005091
  19  -0.010742  -0.002407  -0.008269   0.021417
  20  -0.011643   0.007713   0.005786  -0.001856
  21   0.010941   0.002950  -0.032867   0.018977
  22  -0.000785  -0.001404  -0.005903   0.008092
  23   0.024569   0.015099   0.021141  -0.060809
  24  -0.015711   0.019299  -0.006774   0.003186
  25  -0.013078   0.018336   0.000069  -0.005327
  26  -0.004145   0.011772  -0.001606  -0.006020
  27  -0.008504  -0.023271   0.031742   0.000034
  28  -0.033518  -0.003726   0.007568   0.029676
  29  -0.030914   0.039776   0.011115  -0.019978
  30  -0.031149   0.006022  -0.005168   0.030295
  31   0.005255   0.012028  -0.021144   0.003861
  32   0.010213  -0.008300   0.009020  -0.010932
  33   0.013916   0.014834   0.027741  -0.056490
  34   0.021224   0.027426  -0.041440  -0.007210
  35   0.074134  -0.009706  -0.082639   0.018211
  36   0.057626  -0.051045  -0.020923   0.014342
  37  -0.001405  -0.028537   0.018253   0.011689
  38  -0.011539  -0.002639   0.004285   0.009893
  39   0.013319  -0.006288   0.024102  -0.031133
  40  -0.021643   0.016140  -0.004377   0.009879
  41  -0.006991   0.014247  -0.007963   0.000708
  42   0.001756  -0.009820   0.014172  -0.006109
  43  -0.022383   0.019554  -0.019329   0.022158
  44   0.022242   0.012595  -0.020296  -0.014541
  45   0.013256  -0.009447  -0.024566   0.020756
  46  -0.021122   0.010932  -0.014598   0.024788
  47  -0.015172   0.000487   0.043072  -0.028387
  48  -0.006021   0.013979  -0.003060  -0.004898
  49  -0.001190   0.007437   0.017464  -0.023711
  50   0.025538  -0.047221   0.047480  -0.025797
  51   0.048991  -0.026548   0.017835  -0.040279
  52  -0.033726   0.044157  -0.034896   0.024465
  53   0.021430   0.013018   0.036932  -0.071380
  54  -0.013937   0.033142  -0.053415   0.034210
  55   0.004108  -0.029542  -0.008406   0.033841
  56   0.045254   0.033270   0.026003  -0.104526
  57  -0.096295   0.033342   0.040006   0.022947
  58   0.000652   0.022134  -0.008353  -0.014433
  59   0.020663   0.007323  -0.015350  -0.012636
  60  -0.042399  -0.000201  -0.023012   0.065613
  61   0.040107  -0.023765   0.030369  -0.046711
  62  -0.067394   0.016829   0.023798   0.026768
  63  -0.019943   0.003694  -0.004198   0.020447
  64  -0.010608   0.030859  -0.002978  -0.017274
  65  -0.031923   0.035467  -0.005742   0.002198
  66   0.003415   0.042983   0.017384  -0.063782
  67  -0.004071  -0.000181  -0.002871   0.007122
  68  -0.016933  -0.001106   0.000764   0.017275
  69   0.005854   0.011843  -0.005404  -0.012293
  70  -0.036242   0.003319  -0.010154   0.043078
  71   0.004123   0.010470  -0.001402  -0.013191
  72   0.017065  -0.001115  -0.001777  -0.014173
  73  -0.048178   0.011134   0.023189   0.013856
  74  -0.010475   0.028851  -0.022515   0.004139
  75   0.007172   0.013749   0.010912  -0.031833
  76  -0.004718  -0.009960   0.026243  -0.011565
  77   0.002467   0.003057  -0.012582   0.007057
  78  -0.038815   0.034157   0.000679   0.003979
  79   0.014144  -0.008779  -0.034032   0.028668
  80   0.022670   0.030541  -0.009416  -0.043796
  81   0.036029  -0.009685   0.022659  -0.049003
  82  -0.004498   0.019958  -0.023175   0.007715
  83  -0.083233   0.032431   0.005662   0.045140
  84   0.002513   0.010418  -0.030771   0.017840
  85  -0.007677  -0.002666   0.009173   0.001170
  86  -0.000968   0.011898  -0.006058  -0.004873
  87   0.049316  -0.017029  -0.036652   0.004364
  88   0.008722   0.011932  -0.021437   0.000782
  89   0.043077  -0.019440  -0.011908  -0.011729
  90  -0.003451  -0.000838  -0.014241   0.018530
  91   0.003977  -0.009257   0.007235  -0.001955
  92  -0.045483  -0.003715  -0.009673   0.058870
  93  -0.031325   0.033162   0.011342  -0.013179
  94  -0.006213  -0.034355  -0.001658   0.042226
  95  -0.032468   0.042465  -0.008257  -0.001741
  96  -0.008570  -0.024672   0.031832   0.001411
  97  -0.013026   0.013779  -0.017590   0.016836
  98   0.010538   0.004591  -0.013636  -0.001493
  99   0.004690  -0.013533   0.002845   0.005998
 100   0.008125   0.001635  -0.017725   0.007965
 101   0.096453   0.029444  -0.015468  -0.110429
 102   0.008209  -0.012229  -0.006842   0.010862
 103   0.003703   0.020881   0.020706  -0.045291
 104  -0.075881   0.007157   0.032464   0.036260
 105  -0.016959   0.040056   0.012803  -0.035900
 106  -0.051974   0.050418  -0.008336   0.009892
 107  -0.003653  -0.038032   0.032567   0.009117
 108   0.001284   0.023134  -0.007280  -0.017139
 109  -0.013155   0.023843   0.001119  -0.011808
 110  -0.001298   0.001538  -0.010680   0.010441
 111  -0.019781   0.026113  -0.008636   0.002304
 112   0.004079  -0.013934   0.011314  -0.001459
 113   0.073236   0.006642   0.005257  -0.085135
 114   0.009410   0.007309  -0.017783   0.001064
 115   0.026707  -0.018826  -0.030097   0.022216
 116   0.010639   0.022956  -0.028560  -0.005035
 117   0.010337  -0.013386   0.005302  -0.002253
 118   0.018672  -0.062638  -0.004036   0.048002
 119   0.024527   0.005662  -0.001741  -0.028448
 120   0.007826  -0.017657  -0.048968   0.058799
 121  -0.010125   0.038072   0.019206  -0.047152
 122   0.002862   0.023456  -0.057560   0.031242
 123   0.007124  -0.014804  -0.003838   0.011518
 124   0.023059  -0.024062  -0.008007   0.009010
 125   0.005335   0.015013  -0.025296   0.004949
 126  -0.015101  -0.010033  -0.006533   0.031667
 127  -0.037851   0.012171   0.005328   0.020353
 128  -0.052111  -0.019815  -0.019413   0.091340
 129   0.006436  -0.010010  -0.017916   0.021490
 130   0.035430  -0.012527  -0.058105   0.035202
 131  -0.015558   0.012748  -0.013201   0.016011
 132   0.034388   0.024533  -0.023326  -0.035594
 133  -0.009977   0.015180  -0.005360   0.000157
 134   0.013510   0.024090  -0.014272  -0.023328
 135  -0.025754   0.040169  -0.011186  -0.003229
 136  -0.012557  -0.033987   0.012429   0.034114
 137   0.000091   0.003986   0.027692  -0.031770
 138   0.000281  -0.017045  -0.006163   0.022926
 139  -0.012671  -0.002850  -0.023691   0.039211
 140  -0.020337  -0.003017  -0.001684   0.025038
 141  -0.015742  -0.012255   0.003134   0.024863
 142  -0.004264   0.039995  -0.012749  -0.022982
 143  -0.025310   0.018043   0.003592   0.003675
 144  -0.032569  -0.000102   0.014091   0.018580
 145  -0.031390   0.042352  -0.006313  -0.004649
 146   0.000695   0.009360   0.019438  -0.029493
 147  -0.018438   0.016120   0.002651  -0.000333
 148  -0.002666   0.005052   0.010056  -0.012443
 149   0.018901  -0.005129  -0.013919   0.000147
 150  -0.011316   0.000397   0.012074  -0.001154
 151   0.001973   0.025182   0.010518  -0.037673
 152  -0.002245   0.003238  -0.015516   0.014522
 153  -0.023264   0.033581  -0.031937   0.021619
 154   0.022158  -0.011782  -0.021552   0.011176
 155   0.006860   0.015706  -0.015025  -0.007541
 156  -0.012675   0.017474   0.004311  -0.009109
 157   0.023484  -0.014521  -0.027370   0.018407
 158   0.000334  -0.006504  -0.015954   0.022124
 159  -0.008070  -0.004915  -0.000977   0.013962
 160   0.005161   0.015092  -0.008581  -0.011672
 161  -0.010233  -0.007863   0.020065  -0.001969
 162  -0.016004   0.008941   0.002734   0.004330
 163  -0.005098   0.017364  -0.003613  -0.008653
 164  -0.011305   0.005017   0.011445  -0.005157
 165  -0.002014  -0.002289   0.010401  -0.006098
 166  -0.036844   0.027470   0.008439   0.000935
 167  -0.022283   0.028177  -0.003102  -0.002792
 168  -0.016410   0.016634  -0.004124   0.003900
 169  -0.025767   0.015822  -0.000512   0.010457
 170  -0.033167   0.020846   0.008402   0.003919
 171  -0.051503   0.033358   0.018426  -0.000281
 172  -0.037083   0.023363   0.026574  -0.012855
 173  -0.024004   0.012157   0.017985  -0.006137
 174  -0.036309   0.015097   0.028731  -0.007519
 175  -0.048291   0.038197   0.035478  -0.025384
 176  -0.037896   0.041742   0.028985  -0.032830
 177  -0.047869   0.037447   0.045741  -0.035320
 178  -0.036796   0.014702   0.067853  -0.045759
 179  -0.033481   0.001927   0.068216  -0.036663
