pos      val_A      val_C      val_G      val_T
   0  -0.029797   0.009610   0.006952   0.013235
   1  -0.014716  -0.005671   0.013982   0.006404
   2   0.003309   0.007335  -0.007461  -0.003183
   3  -0.009788   0.007892  -0.029530   0.031426
   4   0.015170   0.011838  -0.014550  -0.012458
   5  -0.008587   0.014822  -0.007785   0.001550
   6   0.008595  -0.013131   0.019337  -0.014802
   7  -0.021476  -0.028329   0.042766   0.007039
   8  -0.043022  -0.031657   0.035792   0.038888
   9   0.015138  -0.019896  -0.004769   0.009526
  10  -0.004390   0.009855   0.004784  -0.010249
  11  -0.002326   0.006965   0.003590  -0.008229
  12   0.004568   0.023836  -0.013337  -0.015066
  13   0.014434  -0.015213   0.001707  -0.000928
  14  -0.007093  -0.001909   0.006659   0.002343
  15  -0.024466  -0.000481   0.028419  -0.003472
  16  -0.026578   0.017420   0.017667  -0.008509
  17   0.018236  -0.059071   0.053045  -0.012211
  18  -0.020034   0.001513   0.000920   0.017601
  19  -0.005865  -0.023762   0.000618   0.029008
  20  -0.008340   0.016926  -0.001814  -0.006772
  21   0.018757  -0.015899  -0.034048   0.031190
  22   0.000861  -0.002558  -0.009740   0.011437
  23   0.011719   0.021341   0.009711  -0.042771
  24  -0.011882   0.010897  -0.000661   0.001645
  25   0.002019   0.018689  -0.011903  -0.008805
  26   0.003472   0.009893  -0.022162   0.008796
  27   0.000120  -0.029670   0.025367   0.004184
  28  -0.052050   0.008748   0.013095   0.030207
  29  -0.028460   0.050032   0.005159  -0.026731
  30  -0.024365  -0.000089  -0.003184   0.027639
  31   0.006333   0.015479  -0.029565   0.007754
  32   0.006964  -0.004173   0.003526  -0.006317
  33   0.016749   0.014164   0.018076  -0.048989
  34   0.018140   0.040140  -0.051992  -0.006288
  35   0.098000  -0.023256  -0.072955  -0.001790
  36   0.060997  -0.058609  -0.022012   0.019624
  37  -0.006740  -0.030820   0.034043   0.003517
  38  -0.018187  -0.004318   0.008365   0.014140
  39   0.008080   0.006170   0.022060  -0.036310
  40  -0.019169   0.012900  -0.010373   0.016643
  41  -0.022737   0.021445   0.004064  -0.002772
  42   0.024176   0.003318  -0.013586  -0.013909
  43  -0.009282   0.038295  -0.037682   0.008669
  44   0.018036   0.013448  -0.025983  -0.005501
  45   0.008112  -0.020543  -0.014670   0.027100
  46  -0.024718   0.004746  -0.002534   0.022506
  47  -0.016323   0.001624   0.064400  -0.049701
  48  -0.001089  -0.005300   0.002976   0.003413
  49   0.009820   0.000710  -0.006556  -0.003974
  50   0.018128  -0.047869   0.047026  -0.017285
  51   0.047161  -0.023917   0.009746  -0.032990
  52  -0.037350   0.051688  -0.052934   0.038596
  53   0.027764   0.030244   0.012514  -0.070521
  54  -0.012756   0.011897  -0.047230   0.048089
  55   0.007402  -0.022655  -0.020576   0.035829
  56   0.030794   0.045819   0.018634  -0.095248
  57  -0.092813   0.040809   0.025860   0.026144
  58   0.026644   0.008174  -0.016797  -0.018021
  59   0.014343  -0.010048  -0.022661   0.018366
  60  -0.042713   0.002093  -0.020100   0.060720
  61   0.039854  -0.026959   0.027902  -0.040796
  62  -0.061660   0.014250   0.009736   0.037674
  63   0.003206  -0.003799  -0.013892   0.014485
  64   0.015396   0.008062  -0.006620  -0.016838
  65  -0.002198   0.021340  -0.034765   0.015623
  66  -0.000624   0.020315   0.013854  -0.033544
  67  -0.010481  -0.015790  -0.003172   0.029443
  68  -0.036762   0.004774   0.003597   0.028391
  69  -0.002105   0.001504   0.014636  -0.014035
  70  -0.029839   0.000251  -0.000491   0.030080
  71  -0.013952   0.020953   0.005067  -0.012069
  72   0.022675   0.011011  -0.018019  -0.015667
  73  -0.042089   0.011643   0.019475   0.010972
  74  -0.019089   0.041282  -0.009505  -0.012687
  75  -0.002539   0.023719   0.019133  -0.040314
  76  -0.005973  -0.007511   0.025541  -0.012057
  77   0.006903   0.003835  -0.009190  -0.001548
  78  -0.006004   0.016949  -0.002933  -0.008012
  79   0.002857  -0.012490  -0.040999   0.050632
  80   0.024604   0.021118   0.001215  -0.046937
  81   0.054100  -0.016442   0.025015  -0.062673
  82  -0.011639   0.031589  -0.028624   0.008674
  83  -0.080129   0.042748  -0.008911   0.046292
  84  -0.001964   0.004512  -0.016197   0.013649
  85  -0.020005   0.005721   0.016063  -0.001778
  86  -0.002961   0.028841  -0.002767  -0.023114
  87   0.027711   0.003341  -0.038663   0.007612
  88   0.025634   0.013350  -0.023570  -0.015414
  89   0.038894  -0.017124  -0.011176  -0.010593
  90   0.006453  -0.012355  -0.004802   0.010704
  91   0.000224   0.006214  -0.000358  -0.006080
  92  -0.052019   0.018762  -0.016175   0.049432
  93  -0.022967   0.023716   0.019078  -0.019827
  94   0.001855  -0.023785  -0.008184   0.030115
  95  -0.022866   0.036838  -0.003362  -0.010611
  96  -0.023541  -0.015470   0.035890   0.003121
  97  -0.021869   0.017822  -0.021252   0.025299
  98  -0.000792  -0.005264   0.008989  -0.002933
  99   0.004617  -0.004322  -0.003747   0.003452
 100   0.023735   0.028274  -0.026414  -0.025595
 101   0.107823   0.041773  -0.004162  -0.145434
 102   0.013207   0.021921  -0.013964  -0.021163
 103   0.024756   0.027451  -0.014208  -0.037999
 104  -0.076820   0.009106   0.043348   0.024366
 105  -0.006521   0.017689   0.009674  -0.020843
 106  -0.059911   0.041986   0.005502   0.012424
 107  -0.000900  -0.034539   0.031687   0.003752
 108   0.022904   0.015652  -0.009017  -0.029539
 109  -0.012682   0.042512  -0.015638  -0.014191
 110   0.007544  -0.008716  -0.020897   0.022069
 111  -0.015969   0.033853  -0.009606  -0.008278
 112   0.013144  -0.015943   0.010277  -0.007479
 113   0.074103   0.006679   0.007787  -0.088569
 114  -0.008197   0.011440  -0.005570   0.002327
 115   0.004647  -0.013144  -0.000899   0.009396
 116   0.020313  -0.004545  -0.035148   0.019379
 117  -0.003060   0.004076   0.006205  -0.007220
 118   0.013089  -0.035244  -0.015174   0.037329
 119   0.030502   0.003653   0.013202  -0.047357
 120   0.005711  -0.021712  -0.047249   0.063250
 121   0.012175   0.023279   0.007330  -0.042783
 122   0.009298   0.022842  -0.067189   0.035049
 123   0.009289   0.002355  -0.006596  -0.005049
 124   0.035568  -0.028943   0.009859  -0.016485
 125  -0.003291   0.017673  -0.021426   0.007044
 126  -0.008424   0.002889  -0.015848   0.021383
 127  -0.053211   0.011892   0.002685   0.038633
 128  -0.031085  -0.028071  -0.016575   0.075731
 129  -0.003009  -0.010062  -0.000660   0.013730
 130   0.017504  -0.016051  -0.044813   0.043361
 131   0.006278   0.002571  -0.019555   0.010706
 132   0.006546   0.010375  -0.016937   0.000016
 133   0.006167   0.010243  -0.022694   0.006285
 134   0.010429   0.021073  -0.015996  -0.015506
 135  -0.013067   0.022468  -0.004379  -0.005023
 136   0.004341  -0.021940  -0.003563   0.021161
 137  -0.000112   0.000278   0.027341  -0.027506
 138  -0.003057  -0.012900   0.001434   0.014522
 139   0.000633   0.007326  -0.019484   0.011524
 140  -0.035337  -0.009736   0.011149   0.033923
 141   0.000931  -0.009476  -0.002774   0.011319
 142  -0.000504   0.038612  -0.026466  -0.011642
 143  -0.021774   0.004877   0.015093   0.001805
 144  -0.040732   0.001604   0.015801   0.023327
 145  -0.038424   0.025343   0.006345   0.006736
 146  -0.014174   0.009031   0.026324  -0.021181
 147  -0.016581   0.013871   0.001031   0.001680
 148  -0.008167   0.016197  -0.002339  -0.005691
 149   0.014642   0.006796  -0.020918  -0.000520
 150  -0.009031   0.003555   0.011525  -0.006049
 151   0.000947   0.004815   0.015649  -0.021411
 152  -0.010252  -0.000275  -0.020323   0.030849
 153  -0.026602   0.041490  -0.034239   0.019351
 154   0.009105   0.005547  -0.001380  -0.013272
 155   0.006731   0.011237  -0.005168  -0.012800
 156   0.003491   0.019763   0.007119  -0.030373
 157   0.042011  -0.020655  -0.021453   0.000096
 158   0.010163  -0.008031  -0.014398   0.012266
 159  -0.001922   0.004235  -0.008083   0.005771
 160  -0.004210   0.020938  -0.009542  -0.007185
 161  -0.003404   0.008375   0.012559  -0.017531
 162  -0.010405   0.000194   0.001384   0.008827
 163  -0.003140   0.008518  -0.001312  -0.004067
 164  -0.018899   0.008675   0.006655   0.003570
 165  -0.000010  -0.007253   0.003210   0.004053
 166  -0.030811   0.023267   0.017292  -0.009748
 167  -0.012386   0.007895  -0.012998   0.017489
 168  -0.001110  -0.002746  -0.005541   0.009398
 169  -0.006002  -0.005440  -0.004816   0.016258
 170  -0.019953   0.008078   0.001770   0.010105
 171  -0.039208   0.030380   0.008724   0.000104
 172  -0.021584   0.012960   0.010029  -0.001404
 173  -0.020302   0.021397   0.006336  -0.007430
 174  -0.027284   0.015683   0.005932   0.005669
 175  -0.022192   0.020891   0.012726  -0.011425
 176  -0.010400   0.018070   0.009651  -0.017321
 177  -0.019408   0.034637   0.015692  -0.030922
 178  -0.003790  -0.003074   0.036354  -0.029490
 179  -0.008548   0.009354   0.039912  -0.040718
