pos          info
        0  8.438595e-06
        1  2.124910e-05
        2 -1.491182e-05
        3 -2.885937e-05
        4 -1.149791e-04
        5 -7.503172e-05
        6  1.036008e-04
        7 -2.375825e-05
        8 -3.802141e-04
        9 -7.793824e-05
       10 -1.151183e-04
       11 -1.058309e-07
       12 -2.781770e-04
       13  3.322474e-05
       14  1.235174e-05
       15 -1.597338e-04
       16  4.832294e-06
       17 -5.063376e-04
       18 -5.453664e-05
       19  1.042694e-05
       20  3.275878e-05
       21  4.266547e-05
       22  3.883503e-05
       23  5.383630e-04
       24  4.244071e-06
       25 -4.107541e-05
       26  1.409369e-05
       27 -4.737828e-05
       28 -2.020444e-04
       29  8.333191e-05
       30  2.943028e-04
       31  1.355398e-04
       32 -8.512844e-06
       33  5.170223e-04
       34 -2.571145e-05
       35 -1.992138e-03
       36 -7.480560e-04
       37 -2.469120e-04
       38  2.319208e-05
       39 -4.003601e-08
       40  5.881619e-05
       41 -6.514919e-05
       42  3.493786e-05
       43 -2.813372e-05
       44 -3.999751e-05
       45  8.069347e-05
       46  1.560005e-06
       47  4.336858e-06
       48 -1.205085e-05
       49  2.419382e-05
       50  6.985940e-04
       51  3.150310e-05
       52  2.018843e-04
       53  8.259945e-04
       54  1.384417e-04
       55  1.223457e-04
       56  1.754593e-03
       57  1.221754e-03
       58 -1.733037e-05
       59 -5.628326e-05
       60  3.249078e-04
       61  7.949998e-05
       62  5.481008e-04
       63  1.157240e-04
       64  1.244716e-04
       65 -1.518070e-04
       66 -1.345291e-04
       67  6.381679e-05
       68  4.485838e-05
       69  5.473549e-06
       70  7.264158e-06
       71 -5.654899e-05
       72 -1.178022e-05
       73  3.367170e-04
       74  7.454630e-07
       75  2.817247e-04
       76  4.536080e-05
       77 -1.011088e-05
       78  1.616863e-06
       79  9.352825e-08
       80  3.343700e-04
       81 -8.135524e-04
       82  1.062541e-04
       83 -2.489486e-04
       84  7.678735e-07
       85 -3.845568e-05
       86  2.960291e-05
       87 -2.687434e-05
       88  1.662818e-04
       89 -5.509990e-04
       90 -7.571161e-05
       91 -2.560151e-05
       92 -2.824283e-06
       93 -4.219317e-04
       94 -2.935561e-04
       95  2.414914e-04
       96  1.210073e-04
       97 -1.694536e-04
       98  1.018817e-05
       99 -5.816303e-06
      100  1.391122e-04
      101 -3.007529e-03
      102  1.374104e-04
      103  3.889172e-04
      104  1.089872e-03
      105 -9.504601e-05
      106  1.162624e-03
      107  3.625339e-04
      108  4.439561e-04
      109  1.402283e-05
      110  3.990140e-06
      111  8.742871e-06
      112 -3.344931e-05
      113 -1.109428e-03
      114  1.555555e-05
      115 -3.485854e-05
      116 -4.089705e-05
      117  5.794325e-06
      118 -5.834560e-04
      119 -4.293492e-04
      120 -1.243779e-03
      121  5.077507e-04
      122  1.170542e-03
      123 -1.114595e-05
      124  5.335921e-06
      125  4.750841e-05
      126 -2.527739e-06
      127 -1.869178e-04
      128 -1.340234e-03
      129 -3.205519e-05
      130 -1.175232e-05
      131  1.256039e-05
      132  9.079366e-05
      133  6.304473e-06
      134  4.469431e-05
      135 -1.414013e-04
      136  1.953498e-05
      137  2.959183e-04
      138  1.424622e-05
      139 -9.391772e-05
      140  2.318814e-04
      141  2.221802e-07
      142  1.786869e-04
      143 -3.991685e-06
      144 -1.191464e-04
      145 -1.482692e-04
      146 -1.855085e-04
      147 -6.151701e-05
      148  8.663174e-06
      149  2.162576e-04
      150  1.581888e-08
      151  2.076463e-09
      152 -6.919414e-05
      153  4.201434e-04
      154 -1.890543e-04
      155  7.652836e-06
      156  3.920926e-05
      157  1.386240e-04
      158 -4.525861e-05
      159 -2.439992e-05