pos          info
        0  1.000935e-04
        1  2.286597e-04
        2 -9.894222e-05
        3 -1.043348e-04
        4  8.087356e-05
        5  8.439109e-05
        6  1.366262e-06
        7  6.401243e-07
        8  2.843031e-05
        9  1.331765e-05
       10 -2.440682e-04
       11 -4.132213e-07
       12 -2.197145e-06
       13 -2.781561e-04
       14 -7.463647e-05
       15  1.902785e-04
       16  2.193475e-04
       17  7.723209e-05
       18  7.142329e-05
       19 -2.736757e-05
       20 -4.257517e-05
       21 -5.080006e-05
       22 -6.860968e-05
       23 -3.805174e-05
       24  1.460446e-04
       25 -1.271909e-05
       26 -7.511785e-05
       27 -4.597383e-05
       28  1.906146e-06
       29  8.898857e-05
       30  8.580877e-05
       31  1.561301e-04
       32  1.842432e-04
       33  3.424253e-04
       34  4.945834e-05
       35  3.475500e-04
       36 -1.122765e-04
       37 -2.047339e-04
       38 -7.200372e-05
       39 -1.328527e-06
       40 -4.067714e-06
       41 -9.100092e-05
       42  2.149412e-05
       43  1.432113e-04
       44  3.378777e-04
       45  1.500096e-04
       46 -2.173647e-05
       47 -2.223823e-05
       48 -1.922789e-06
       49 -1.564470e-04
       50  9.207471e-06
       51  4.661870e-06
       52  1.815145e-04
       53  2.765080e-04
       54 -2.688662e-04
       55 -3.530756e-05
       56 -1.895965e-05
       57 -1.120675e-06
       58 -3.857971e-06
       59 -8.405960e-06
       60 -2.595901e-06
       61 -1.369879e-05
       62 -3.097923e-06
       63 -1.390678e-05
       64  2.931489e-04
       65  7.639440e-07
       66  7.790856e-05
       67 -1.210786e-10
       68 -7.713114e-06
       69 -1.705926e-05
       70 -1.130009e-05
       71 -1.214587e-04
       72  4.603014e-05
       73  9.971553e-06
       74  3.618580e-04
       75 -4.685293e-05
       76 -5.659054e-06
       77 -3.320028e-06
       78 -6.470752e-05
       79 -2.667230e-03
       80  1.891621e-03
       81 -5.491405e-05
       82 -7.548640e-04
       83 -1.540941e-04
       84 -1.437781e-05
       85 -3.155867e-04
       86 -2.436052e-05
       87 -4.479457e-04
       88 -6.381950e-05
       89 -2.971654e-04
       90 -2.101970e-04
       91 -1.328446e-05
       92 -2.526038e-04
       93  2.069875e-05
       94  1.083466e-05
       95 -1.662019e-04
       96 -2.698851e-10
       97 -8.850170e-04
       98  1.932066e-04
       99 -9.641334e-04
      100 -5.871280e-04
      101 -6.352249e-05
      102 -1.372700e-03
      103 -3.233122e-04
      104 -7.390804e-04
      105 -1.202961e-03
      106 -4.626317e-04
      107 -2.190763e-03
      108 -1.078584e-05
      109 -1.812889e-04
      110 -2.560696e-05
      111 -1.298426e-04
      112 -7.662890e-05
      113 -5.898345e-06
      114 -1.819147e-05
      115  3.333438e-05
      116 -7.081658e-05
      117  3.480313e-05
      118 -1.416339e-06
      119 -1.528015e-05
      120 -2.867054e-05
      121 -1.038752e-04
      122 -1.007578e-05
      123 -2.364941e-04
      124 -2.085211e-05
      125 -5.656581e-05
      126 -7.981080e-06
      127 -1.153106e-04
      128 -2.074635e-05
      129 -1.615381e-04
      130 -2.602580e-05
      131 -7.860409e-08
      132 -6.234059e-05
      133 -2.229551e-06
      134 -2.325916e-04
      135 -6.465761e-05
      136 -5.548252e-06
      137 -1.455711e-04
      138 -9.429733e-04
      139  9.913402e-06
      140  2.467242e-03
      141 -1.672875e-04
      142 -2.050142e-05
      143 -2.702248e-04
      144 -1.763783e-04
      145  1.949013e-05
      146  8.971580e-05
      147  1.509470e-05
      148  2.081714e-04
      149  2.334155e-05
      150  3.667208e-06
      151 -2.827890e-05
      152  7.047899e-06
      153  5.499466e-05
      154  9.236224e-05
      155 -6.874400e-06
      156 -7.373106e-05
      157 -1.046722e-04
      158 -1.060227e-05
      159 -6.187526e-05