pos          info
        0  1.882555e-06
        1 -2.676398e-04
        2 -1.920699e-04
        3  6.306417e-05
        4  6.236530e-05
        5 -1.577140e-05
        6  6.477571e-07
        7 -1.472127e-05
        8  6.135816e-07
        9 -1.268147e-05
       10 -2.129192e-04
       11  2.162345e-07
       12  1.664172e-06
       13  1.142835e-04
       14  1.186274e-05
       15  2.013493e-04
       16 -7.521218e-05
       17 -3.714565e-06
       18 -3.170905e-04
       19  3.140219e-05
       20  1.839404e-05
       21  2.077238e-05
       22  8.096279e-06
       23  2.922181e-05
       24 -4.738710e-05
       25 -9.985430e-05
       26 -2.544420e-04
       27  7.864206e-06
       28 -4.555621e-06
       29 -1.656625e-04
       30  1.115278e-04
       31 -2.062035e-04
       32 -2.434172e-06
       33  2.643467e-04
       34 -9.182898e-06
       35 -2.884152e-04
       36 -1.991624e-05
       37  2.301604e-04
       38  7.795526e-06
       39  2.519678e-05
       40  4.301616e-06
       41  3.419794e-05
       42 -7.813515e-06
       43  1.703746e-05
       44 -1.860717e-04
       45  2.267279e-05
       46 -1.369611e-05
       47  1.573955e-05
       48  3.048738e-05
       49  8.560051e-05
       50  8.844790e-05
       51  1.405423e-07
       52 -1.821288e-04
       53 -4.114569e-04
       54  8.839016e-05
       55 -4.426275e-05
       56  1.147790e-05
       57  2.935041e-06
       58 -4.777607e-07
       59  1.022305e-04
       60 -9.960677e-06
       61  8.548340e-06
       62  5.404280e-06
       63 -1.068177e-06
       64  2.337595e-04
       65  1.899879e-07
       66 -7.747595e-05
       67  4.622355e-06
       68  5.576065e-05
       69 -1.697158e-04
       70  2.824092e-05
       71  9.194784e-05
       72  6.056689e-05
       73 -3.580622e-06
       74 -1.388576e-04
       75 -2.239311e-06
       76 -1.109654e-05
       77 -1.112760e-05
       78  7.562499e-05
       79  1.969571e-03
       80 -1.347048e-03
       81  2.397932e-05
       82  5.867738e-04
       83  8.446689e-06
       84  3.022432e-06
       85  2.719064e-04
       86  9.304886e-05
       87  1.643720e-04
       88  4.233221e-07
       89  8.543126e-05
       90  4.775911e-04
       91  6.049141e-05
       92  5.092845e-06
       93  1.884360e-07
       94 -1.085887e-05
       95 -1.027638e-05
       96 -2.832983e-07
       97  5.187605e-04
       98  3.492855e-04
       99 -5.629323e-04
      100  2.081120e-04
      101 -4.896383e-05
      102  1.040611e-03
      103  1.471311e-04
      104 -5.471583e-04
      105  7.820218e-04
      106  1.377710e-04
      107 -1.417759e-03
      108 -1.006196e-04
      109  6.825255e-05
      110  3.479622e-05
      111  1.274111e-04
      112 -1.357955e-06
      113  3.256644e-05
      114 -3.353130e-04
      115  3.405026e-04
      116  1.552418e-05
      117  2.208228e-05
      118 -1.120168e-05
      119 -6.928098e-05
      120 -4.220484e-06
      121  3.297059e-05
      122 -9.004333e-08
      123  1.552012e-04
      124 -4.201970e-04
      125  3.531271e-04
      126  1.293957e-04
      127  2.283817e-04
      128  6.748150e-05
      129  6.311649e-04
      130  7.455376e-06
      131  4.886756e-05
      132  1.262253e-04
      133 -1.740262e-04
      134  2.909624e-04
      135 -3.976593e-05
      136  2.552683e-06
      137  1.055189e-04
      138  1.386656e-03
      139  2.020925e-05
      140 -2.931331e-03
      141  2.049178e-04
      142  9.473978e-05
      143  4.037908e-06
      144  3.603698e-04
      145  1.734337e-04
      146 -1.078633e-04
      147 -6.545221e-05
      148 -1.726603e-05
      149 -6.019804e-06
      150 -8.581108e-05
      151  2.147419e-05
      152  3.036287e-05
      153  3.238515e-09
      154 -6.089528e-06
      155 -5.742235e-06
      156 -6.187000e-05
      157  6.228887e-04
      158 -1.017577e-07
      159  4.625140e-05