pos       info
        0  -0.000146
        1  -0.000156
        2   0.000037
        3   0.000085
        4   0.000093
        5   0.000043
        6  -0.000001
        7  -0.000021
        8  -0.000039
        9  -0.000024
       10  -0.000029
       11   0.000067
       12   0.000089
       13   0.000172
       14   0.000085
       15   0.000199
       16   0.000115
       17   0.000146
       18  -0.000004
       19   0.000006
       20   0.000003
       21   0.000009
       22  -0.000083
       23  -0.000105
       24  -0.000143
       25  -0.000086
       26  -0.000056
       27  -0.000100
       28  -0.000062
       29  -0.000092
       30  -0.000044
       31   0.000119
       32   0.000141
       33   0.000165
       34  -0.000007
       35   0.000124
       36   0.000130
       37   0.000134
       38  -0.000002
       39  -0.000001
       40  -0.000004
       41   0.000026
       42  -0.000154
       43  -0.000186
       44  -0.000242
       45   0.000033
       46   0.000078
       47   0.000153
       48   0.000087
       49   0.000076
       50   0.000013
       51  -0.000158
       52  -0.000066
       53  -0.000072
       54   0.000071
       55  -0.000021
       56  -0.000019
       57  -0.000005
       58   0.000001
       59   0.000058
       60   0.000037
       61   0.000041
       62   0.000035
       63   0.000045
       64  -0.000059
       65  -0.000166
       66  -0.000187
       67  -0.000094
       68  -0.000005
       69   0.000027
       70   0.000124
       71   0.000101
       72   0.000037
       73  -0.000084
       74  -0.000071
       75   0.000011
       76   0.000037
       77   0.001252
       78   0.000538
       79   0.000615
       80  -0.000246
       81   0.000426
       82   0.000352
       83   0.000383
       84   0.000429
       85   0.000485
       86   0.000196
       87   0.000177
       88   0.000160
       89   0.000060
       90   0.000112
       91   0.000066
       92   0.000071
       93  -0.000021
       94  -0.000039
       95   0.000046
       96   0.000087
       97  -0.000210
       98  -0.000018
       99   0.000015
      100   0.000789
      101   0.000497
      102   0.000329
      103   0.000200
      104   0.000318
      105  -0.000281
      106  -0.000628
      107  -0.000730
      108   0.000003
      109   0.000101
      110   0.000081
      111   0.000063
      112  -0.000066
      113  -0.000015
      114  -0.000015
      115   0.000057
      116   0.000002
      117  -0.000029
      118  -0.000050
      119  -0.000049
      120  -0.000019
      121   0.000053
      122   0.000049
      123   0.000161
      124   0.000089
      125   0.000198
      126   0.000086
      127   0.000142
      128   0.000079
      129   0.000079
      130   0.000032
      131   0.000008
      132   0.000067
      133   0.000043
      134   0.000043
      135   0.000018
      136   0.000435
      137   0.000405
      138  -0.000113
      139  -0.000468
      140  -0.000416
      141   0.000068
      142   0.000103
      143   0.000164
      144   0.000139
      145   0.000058
      146  -0.000054
      147  -0.000144
      148  -0.000148
      149  -0.000083
      150   0.000071
      151   0.000072
      152   0.000020
      153  -0.000020
      154  -0.000022
      155   0.000022
      156   0.000029
      157   0.000000
      158   0.000000
      159   0.000000