pos      val_A      val_C      val_G      val_T
   0  -0.003200  -0.023715   0.013784   0.013131
   1   0.005056  -0.008530   0.029603  -0.026130
   2   0.003893  -0.023971   0.014906   0.005172
   3   0.026868   0.002403  -0.015191  -0.014080
   4  -0.007329  -0.001871   0.010064  -0.000864
   5  -0.003300   0.010621  -0.022157   0.014836
   6  -0.001459  -0.019429   0.058117  -0.037229
   7   0.007085  -0.006187   0.012688  -0.013585
   8   0.011979  -0.046782   0.024238   0.010566
   9   0.005414  -0.019794   0.030901  -0.016521
  10   0.005706   0.019155  -0.016806  -0.008054
  11   0.009292   0.001446   0.001260  -0.011998
  12  -0.015977   0.031390  -0.042477   0.027064
  13  -0.001375   0.016396  -0.000172  -0.014849
  14  -0.019294   0.010364   0.006368   0.002563
  15   0.010310   0.017245   0.010314  -0.037869
  16  -0.023101   0.015620  -0.023897   0.031378
  17   0.007560  -0.040546   0.006762   0.026224
  18   0.018381   0.016807  -0.002971  -0.032217
  19   0.027254  -0.000768   0.022398  -0.048884
  20   0.000684  -0.027425   0.020816   0.005925
  21   0.002391  -0.019765   0.018580  -0.001205
  22   0.009697   0.004350  -0.007658  -0.006389
  23  -0.017125  -0.002450   0.039042  -0.019467
  24  -0.005320   0.018847  -0.025270   0.011743
  25   0.032874  -0.007935  -0.002531  -0.022408
  26   0.006070  -0.021515   0.030391  -0.014946
  27  -0.010598  -0.018990   0.012962   0.016625
  28  -0.010353  -0.006382   0.014884   0.001851
  29  -0.000306   0.015190  -0.028689   0.013806
  30   0.025422  -0.003669  -0.011621  -0.010132
  31   0.022017  -0.019217  -0.016324   0.013523
  32   0.012924  -0.018260   0.021841  -0.016505
  33   0.018634   0.009832   0.003895  -0.032361
  34  -0.006548  -0.002302   0.019624  -0.010774
  35   0.000523   0.007819  -0.003686  -0.004656
  36  -0.006331   0.005664   0.026580  -0.025913
  37   0.018940   0.021462  -0.037398  -0.003004
  38  -0.021432   0.021814  -0.000430   0.000048
  39   0.003573   0.005931   0.001865  -0.011369
  40   0.000555  -0.024494   0.019293   0.004646
  41   0.002719   0.014501  -0.004988  -0.012232
  42  -0.005622  -0.026596   0.000370   0.031847
  43   0.007591  -0.012029   0.001540   0.002898
  44   0.013759   0.001942   0.008164  -0.023865
  45   0.009197  -0.015002  -0.010245   0.016050
  46   0.025480  -0.006222  -0.019326   0.000068
  47   0.002502  -0.015244   0.018873  -0.006131
  48  -0.033954   0.041211   0.007179  -0.014437
  49   0.030443   0.013478  -0.015618  -0.028303
  50   0.033067  -0.002382  -0.009636  -0.021049
  51  -0.014059   0.006166  -0.008090   0.015983
  52  -0.013306   0.005180  -0.006528   0.014654
  53  -0.005791   0.009853   0.007381  -0.011443
  54   0.003866  -0.033380  -0.008650   0.038165
  55  -0.023186   0.000636   0.018433   0.004118
  56   0.011843   0.005315  -0.036484   0.019326
  57  -0.012499  -0.006673   0.027499  -0.008326
  58  -0.011677   0.050690  -0.034060  -0.004953
  59  -0.016788   0.007900  -0.027348   0.036236
  60   0.013484  -0.016043   0.003224  -0.000664
  61  -0.027392   0.020442   0.018935  -0.011984
  62  -0.001022   0.008466  -0.018509   0.011065
  63  -0.025127   0.014682  -0.013619   0.024063
  64  -0.027900   0.015131   0.000177   0.012593
  65  -0.007459   0.001497   0.020621  -0.014659
  66  -0.008310  -0.018053  -0.022840   0.049204
  67  -0.012514   0.012494  -0.029317   0.029336
  68   0.050641  -0.046758   0.003184  -0.007067
  69   0.056821  -0.025656  -0.018321  -0.012844
  70  -0.023720   0.014794   0.005160   0.003765
  71   0.020706   0.004176   0.006131  -0.031013
  72   0.009843   0.027184  -0.032058  -0.004968
  73  -0.013847   0.016167  -0.007392   0.005072
  74   0.024643   0.006950   0.001858  -0.033451
  75   0.023290  -0.029686  -0.008835   0.015232
  76  -0.000337  -0.014257  -0.001872   0.016466
  77  -0.030145  -0.013405   0.006446   0.037104
  78  -0.016178  -0.028451  -0.012258   0.056887
  79   0.028677  -0.016909  -0.011692  -0.000076
  80   0.000592   0.002773  -0.026675   0.023310
  81   0.005374  -0.009788  -0.017721   0.022134
  82  -0.013543  -0.007694   0.057553  -0.036317
  83  -0.043381  -0.047789  -0.102241   0.193412
  84  -0.042886  -0.053034   0.002621   0.093299
  85  -0.028879  -0.016377   0.054420  -0.009164
  86  -0.005674   0.045663  -0.060442   0.020453
  87   0.033773  -0.011747   0.034180  -0.056206
  88  -0.020034  -0.024104   0.021007   0.023132
  89  -0.000991  -0.018570  -0.033196   0.052758
  90   0.208304  -0.034521  -0.137293  -0.036490
  91   0.023719  -0.039287  -0.013245   0.028814
  92   0.055647  -0.040727  -0.036080   0.021160
  93   0.061078   0.019040  -0.045140  -0.034979
  94   0.006124  -0.000542  -0.024644   0.019063
  95  -0.002907   0.016080  -0.007413  -0.005760
  96  -0.033880  -0.019664   0.078092  -0.024549
  97   0.007020  -0.019253   0.007635   0.004599
  98   0.003201  -0.020772   0.010717   0.006853
  99   0.031951  -0.032085  -0.013681   0.013815
 100   0.011955  -0.012060   0.005237  -0.005132
 101  -0.013434  -0.041200  -0.029634   0.084268
 102   0.013229   0.017883  -0.016378  -0.014735
 103  -0.011341  -0.031698   0.007310   0.035729
 104   0.009000  -0.034532   0.032565  -0.007032
 105  -0.008342   0.007765  -0.008254   0.008832
 106  -0.014154   0.012393  -0.045493   0.047254
 107   0.076374  -0.057012  -0.010935  -0.008427
 108   0.002150  -0.032148  -0.031747   0.061745
 109   0.047305  -0.010717  -0.013296  -0.023293
 110   0.025964   0.036425  -0.021462  -0.040927
 111  -0.021329  -0.027203  -0.046442   0.094974
 112  -0.012881   0.010534   0.020870  -0.018524
 113   0.021821   0.006581  -0.002231  -0.026171
 114   0.009119  -0.015021   0.014780  -0.008878
 115   0.009096  -0.002295  -0.013287   0.006487
 116  -0.010176  -0.009593   0.009119   0.010650
 117   0.023345   0.005617  -0.013385  -0.015577
 118   0.028124   0.006628   0.018749  -0.053502
 119  -0.000376  -0.026015  -0.021382   0.047773
 120  -0.008551  -0.016001  -0.008833   0.033385
 121   0.043862  -0.029715  -0.012606  -0.001541
 122   0.033297   0.007455  -0.041403   0.000651
 123  -0.002157   0.037554  -0.026029  -0.009368
 124   0.014730  -0.033445   0.007967   0.010748
 125  -0.009684  -0.012069   0.002665   0.019089
 126   0.002822  -0.032498   0.047587  -0.017911
 127   0.035563  -0.024123  -0.019981   0.008541
 128   0.019850   0.012145  -0.009390  -0.022605
 129   0.004593  -0.020200   0.008090   0.007517
 130   0.006890  -0.004580   0.008667  -0.010977
 131  -0.008322  -0.018618   0.027781  -0.000841
 132   0.031840  -0.003339  -0.013186  -0.015315
 133   0.009987  -0.009763  -0.014736   0.014512
 134   0.005523   0.023820  -0.007079  -0.022264
 135  -0.012848   0.008255   0.019505  -0.014913
 136   0.024886  -0.023139   0.005118  -0.006865
 137  -0.000520   0.019396   0.000699  -0.019575
 138  -0.003442   0.014317   0.004009  -0.014885
 139  -0.013667   0.005688   0.029225  -0.021246
 140  -0.001538  -0.035156   0.029301   0.007394
 141   0.020604  -0.022255  -0.004683   0.006333
 142  -0.076725  -0.045048  -0.047585   0.169358
 143   0.058484  -0.045843  -0.000900  -0.011741
 144   0.020279  -0.008921  -0.021674   0.010316
 145   0.002850  -0.032442   0.021351   0.008242
 146   0.055894  -0.002231  -0.006217  -0.047446
 147  -0.011114  -0.035710   0.006947   0.039876
 148  -0.002639   0.003145   0.011168  -0.011674
 149   0.015608  -0.009776   0.001446  -0.007278
 150   0.017844  -0.022056  -0.024473   0.028686
 151  -0.007323   0.002052  -0.031186   0.036458
 152  -0.013802  -0.032618   0.011083   0.035337
 153  -0.004491  -0.009015  -0.029663   0.043170
 154  -0.020360  -0.032281   0.046897   0.005744
 155   0.034359  -0.028058  -0.011795   0.005494
 156  -0.032122  -0.014356   0.024936   0.021541
 157   0.020849  -0.012697   0.001054  -0.009206
 158  -0.042087  -0.005012   0.031113   0.015986
 159  -0.008720   0.041318   0.002035  -0.034633
 160   0.012488  -0.018539  -0.000996   0.007047
 161   0.005761  -0.004910   0.004225  -0.005076
 162  -0.004434  -0.004964  -0.004668   0.014065
 163   0.000124  -0.003663  -0.007668   0.011208
 164   0.010303  -0.015536   0.000749   0.004483
 165   0.011348   0.006162  -0.011977  -0.005533
 166   0.005651  -0.008759  -0.006016   0.009124
 167   0.001869  -0.010997   0.000326   0.008801
 168   0.002011  -0.003828  -0.010997   0.012814
 169   0.004382  -0.002249  -0.004110   0.001976
 170   0.009145  -0.024913  -0.001536   0.017303
 171   0.005524  -0.017282  -0.004866   0.016624
 172   0.012702  -0.015522  -0.009623   0.012443
 173   0.000027  -0.021825  -0.004064   0.025861
 174  -0.002264  -0.004400  -0.009899   0.016562
 175   0.008756  -0.001811  -0.010966   0.004021
 176   0.013910  -0.001851  -0.018526   0.006468
 177  -0.000135   0.005663  -0.022061   0.016533
 178   0.012236  -0.009267  -0.012810   0.009840
 179   0.000063  -0.011263  -0.005522   0.016722
