pos      val_A      val_C      val_G      val_T
   0  -0.017877   0.009194   0.011545  -0.002861
   1  -0.019240   0.015375  -0.014108   0.017973
   2   0.002524   0.002882   0.007315  -0.012721
   3  -0.033241  -0.006799   0.021880   0.018160
   4   0.014026   0.005249  -0.021265   0.001989
   5   0.012622  -0.007121   0.019549  -0.025050
   6   0.003468   0.029474  -0.062917   0.029975
   7  -0.022075   0.011489   0.003507   0.007079
   8  -0.017972   0.032162  -0.008184  -0.006006
   9  -0.017100   0.017531  -0.047510   0.047079
  10   0.001686  -0.021753   0.018044   0.002023
  11  -0.009915   0.004348  -0.012143   0.017709
  12   0.010472  -0.025695   0.022062  -0.006840
  13   0.004546  -0.007278  -0.004028   0.006760
  14   0.020956   0.003738  -0.021823  -0.002872
  15   0.006221  -0.010518  -0.012379   0.016677
  16   0.010849  -0.011178   0.029618  -0.029290
  17  -0.004708   0.031263  -0.010542  -0.016013
  18  -0.007120  -0.022603  -0.002342   0.032065
  19  -0.017810  -0.002530  -0.026206   0.046545
  20  -0.001564   0.025892  -0.030350   0.006022
  21   0.010638  -0.002370  -0.016012   0.007745
  22  -0.020850   0.004506   0.019091  -0.002747
  23   0.009618  -0.003931  -0.029556   0.023869
  24   0.023977   0.000677  -0.004434  -0.020219
  25  -0.021370   0.030504  -0.003263  -0.005871
  26  -0.009441   0.022723  -0.009824  -0.003458
  27   0.004600   0.019772  -0.007211  -0.017161
  28   0.034942  -0.009318  -0.030010   0.004386
  29  -0.006499  -0.007298   0.017923  -0.004126
  30  -0.022799  -0.007138   0.013255   0.016682
  31   0.000967   0.001774  -0.002274  -0.000466
  32  -0.023637   0.016194  -0.017710   0.025153
  33  -0.011364  -0.019985  -0.000438   0.031787
  34   0.001047   0.011659  -0.006580  -0.006126
  35  -0.013152   0.007067  -0.003603   0.009688
  36  -0.000613  -0.003085  -0.018821   0.022519
  37   0.008956  -0.034204   0.042547  -0.017300
  38   0.031898  -0.028291  -0.001158  -0.002449
  39   0.013473  -0.014976  -0.000927   0.002429
  40  -0.011084   0.034930  -0.021449  -0.002396
  41  -0.013828  -0.002783   0.000577   0.016033
  42  -0.009959   0.023334   0.004267  -0.017642
  43  -0.002795   0.006378  -0.001340  -0.002242
  44  -0.013176   0.016660  -0.025902   0.022418
  45  -0.030896   0.029638   0.005586  -0.004328
  46  -0.035146   0.015522   0.016624   0.003000
  47  -0.004049   0.011169   0.000792  -0.007912
  48   0.023564  -0.033301  -0.009252   0.018990
  49  -0.021275  -0.005889  -0.002404   0.029568
  50  -0.019245   0.009069  -0.003416   0.013592
  51   0.015751   0.008888   0.002951  -0.027591
  52   0.000408  -0.012966   0.023796  -0.011238
  53   0.010766  -0.010274  -0.035829   0.035337
  54   0.007737   0.003909   0.016635  -0.028281
  55   0.036468  -0.029584  -0.014513   0.007629
  56   0.002024  -0.012739   0.028829  -0.018114
  57   0.020826   0.007630  -0.015428  -0.013028
  58   0.014182  -0.049293   0.031567   0.003544
  59   0.008815  -0.001709   0.020321  -0.027428
  60  -0.021055   0.022581  -0.012695   0.011169
  61   0.023758  -0.006351  -0.023471   0.006064
  62  -0.005364  -0.008130   0.038984  -0.025491
  63   0.010283  -0.020601   0.008673   0.001644
  64   0.008232  -0.019555   0.007067   0.004257
  65   0.028804  -0.005848  -0.030823   0.007867
  66   0.020820   0.020019   0.015947  -0.056786
  67  -0.000610   0.002759   0.017970  -0.020119
  68  -0.007490   0.033383  -0.004789  -0.021104
  69  -0.033862   0.007475   0.019812   0.006575
  70   0.040627  -0.011909  -0.020088  -0.008630
  71  -0.031537   0.007440   0.008363   0.015735
  72  -0.003929  -0.027008   0.037350  -0.006412
  73   0.009754  -0.011303   0.008576  -0.007027
  74  -0.029916  -0.006341   0.027926   0.008332
  75  -0.021114   0.033219   0.019660  -0.031765
  76   0.002365   0.013778   0.017288  -0.033432
  77   0.025363   0.000069   0.005568  -0.031000
  78   0.010001   0.023967   0.043581  -0.077548
  79  -0.023947   0.020340   0.001384   0.002223
  80   0.004911   0.003300   0.023132  -0.031344
  81  -0.027052   0.011622   0.010180   0.005250
  82   0.010315  -0.010054  -0.045650   0.045388
  83   0.058108   0.066060   0.090411  -0.214579
  84   0.036885   0.057888   0.031604  -0.126376
  85   0.033330   0.046675  -0.078309  -0.001696
  86   0.035660  -0.077295   0.084229  -0.042594
  87  -0.036820   0.060586  -0.037868   0.014102
  88   0.007761   0.014907  -0.015313  -0.007355
  89  -0.007373   0.015638   0.045465  -0.053730
  90  -0.202947   0.035761   0.135492   0.031694
  91  -0.037585   0.028949   0.023780  -0.015143
  92  -0.037535   0.041886   0.026584  -0.030935
  93  -0.040932  -0.020595   0.038681   0.022846
  94   0.009628   0.000157   0.018980  -0.028765
  95   0.002823  -0.012351  -0.006801   0.016329
  96   0.046150   0.012886  -0.084342   0.025305
  97  -0.009861   0.003451  -0.004010   0.010420
  98  -0.025619   0.033874  -0.020736   0.012480
  99  -0.021170   0.037745  -0.002896  -0.013680
 100  -0.003786   0.014225  -0.008439  -0.002000
 101   0.027711   0.039246   0.034120  -0.101076
 102  -0.012344  -0.023785   0.004404   0.031725
 103   0.024485   0.026745   0.008693  -0.059923
 104   0.013811   0.046192  -0.042107  -0.017896
 105   0.019030   0.008971  -0.016410  -0.011591
 106   0.038832   0.001537   0.055986  -0.096355
 107  -0.130898   0.077806   0.019270   0.033822
 108   0.022099   0.012403   0.042259  -0.076761
 109  -0.057106  -0.008790   0.037481   0.028415
 110  -0.065242  -0.038383   0.051419   0.052205
 111   0.053180   0.029569   0.063530  -0.146279
 112  -0.000857   0.004398  -0.024346   0.020805
 113  -0.025931   0.004547  -0.008110   0.029494
 114  -0.005094   0.014276  -0.020719   0.011537
 115  -0.006475  -0.008505   0.007171   0.007808
 116   0.008541   0.015711  -0.007020  -0.017231
 117  -0.005378  -0.009919   0.024739  -0.009443
 118  -0.020816   0.018732  -0.016796   0.018880
 119   0.013624  -0.002683   0.008761  -0.019702
 120   0.019911   0.001690  -0.007510  -0.014091
 121  -0.030020   0.013257   0.014614   0.002148
 122  -0.000524  -0.023761   0.010296   0.013990
 123   0.006296  -0.018756   0.020466  -0.008006
 124   0.002554   0.034773  -0.034194  -0.003133
 125  -0.005105   0.005859   0.024310  -0.025064
 126  -0.008870   0.016995  -0.024837   0.016712
 127  -0.037095   0.020768   0.024823  -0.008496
 128  -0.008918  -0.012644   0.009137   0.012425
 129  -0.014375  -0.001191   0.022698  -0.007132
 130   0.017981  -0.002051  -0.005361  -0.010570
 131   0.017340   0.006079  -0.017457  -0.005962
 132  -0.015554   0.002575   0.007067   0.005912
 133  -0.009109   0.019644  -0.014515   0.003980
 134   0.014283  -0.040520  -0.016067   0.042304
 135   0.002494   0.004226  -0.022622   0.015902
 136  -0.004514  -0.000900  -0.007686   0.013101
 137  -0.002159  -0.012252   0.007973   0.006438
 138   0.021699  -0.007710  -0.008808  -0.005181
 139   0.001142  -0.015300  -0.013023   0.027180
 140  -0.004693   0.033435  -0.023622  -0.005120
 141  -0.016652   0.049967  -0.038917   0.005602
 142   0.058343   0.050736   0.052166  -0.161244
 143  -0.042016   0.045636  -0.013077   0.009457
 144  -0.018762   0.010635   0.010201  -0.002074
 145   0.006902   0.007912  -0.010708  -0.004106
 146  -0.041494  -0.016455   0.026318   0.031631
 147   0.007164   0.035709  -0.010155  -0.032718
 148   0.013222  -0.014740  -0.020928   0.022446
 149  -0.028766   0.006244   0.009091   0.013431
 150  -0.010659   0.011374   0.009200  -0.009914
 151   0.013878  -0.007165   0.021099  -0.027812
 152  -0.002863   0.032949  -0.022344  -0.007741
 153   0.004159  -0.003446   0.016083  -0.016796
 154   0.007392   0.035716  -0.033385  -0.009724
 155  -0.018189   0.040751   0.008441  -0.031004
 156   0.026862   0.027504  -0.041800  -0.012566
 157   0.006420  -0.003959   0.000523  -0.002985
 158   0.028352   0.008717  -0.027539  -0.009530
 159   0.012120  -0.045453  -0.003800   0.037133
 160  -0.006031   0.012019  -0.004738  -0.001250
 161  -0.004769   0.007269  -0.005824   0.003324
 162   0.002448   0.002117   0.000688  -0.005253
 163  -0.004939   0.003687   0.001205   0.000047
 164  -0.016029   0.010259   0.003571   0.002199
 165  -0.002829  -0.004632   0.010183  -0.002722
 166  -0.010719   0.015873   0.005245  -0.010400
 167  -0.014749   0.013429   0.013272  -0.011953
 168  -0.002951   0.007350   0.002997  -0.007395
 169  -0.018567   0.009260   0.006049   0.003257
 170  -0.010106   0.019268   0.000912  -0.010074
 171  -0.016932   0.027118  -0.005994  -0.004192
 172  -0.032533   0.023273   0.022663  -0.013402
 173  -0.014998   0.021130   0.014512  -0.020645
 174  -0.020474   0.008532   0.028668  -0.016726
 175  -0.022438   0.018404   0.021074  -0.017040
 176  -0.030858   0.004580   0.036290  -0.010012
 177  -0.026106   0.011245   0.042154  -0.027293
 178  -0.028737   0.017287   0.040514  -0.029065
 179  -0.025193   0.012809   0.044202  -0.031818
