pos          info
        0 -1.106996e-04
        1 -1.321110e-05
        2 -7.532399e-08
        3 -5.128220e-06
        4 -2.546274e-05
        5 -1.972716e-04
        6 -3.510512e-04
        7 -5.944545e-05
        8 -9.870632e-05
        9  5.576127e-06
       10  5.946274e-05
       11 -2.091864e-05
       12 -1.021354e-04
       13 -4.238619e-05
       14 -1.104261e-04
       15 -1.307494e-05
       16 -4.018738e-05
       17 -4.760369e-05
       18 -2.104340e-05
       19 -5.717207e-05
       20 -1.433630e-04
       21  5.052374e-07
       22 -2.051412e-06
       23 -1.859777e-05
       24 -4.252494e-05
       25 -8.636591e-06
       26  1.056708e-04
       27  5.556964e-05
       28  7.792082e-06
       29  3.550413e-07
       30  8.086473e-07
       31  5.023028e-05
       32  4.956956e-05
       33  3.270926e-05
       34  7.742304e-05
       35  1.054453e-05
       36 -1.612997e-05
       37  3.819483e-05
       38 -2.934821e-06
       39 -1.427676e-04
       40 -1.470437e-04
       41  2.658571e-05
       42  1.508588e-05
       43  7.134064e-06
       44 -6.645037e-05
       45 -6.608563e-05
       46  1.315310e-10
       47  8.452769e-06
       48 -2.898204e-04
       49 -6.248108e-05
       50 -2.753342e-05
       51 -7.399585e-06
       52 -1.765331e-05
       53 -1.125828e-05
       54 -3.710035e-07
       55 -2.351488e-05
       56 -1.556386e-04
       57 -3.905706e-05
       58 -5.927848e-04
       59 -9.280863e-05
       60 -2.232211e-05
       61 -6.331068e-05
       62 -6.934308e-05
       63 -1.129428e-06
       64 -1.720140e-08
       65 -4.630294e-05
       66 -4.104402e-04
       67 -5.634870e-04
       68 -2.178506e-05
       69 -8.899320e-05
       70 -1.428917e-04
       71 -6.860960e-06
       72 -2.310882e-04
       73 -2.592308e-05
       74 -1.249478e-06
       75 -4.540864e-05
       76 -8.530575e-06
       77 -2.604946e-04
       78 -3.239546e-04
       79  6.330003e-05
       80  1.645543e-04
       81  4.774762e-05
       82  8.322078e-07
       83 -2.185277e-03
       84 -1.664619e-03
       85 -5.196101e-04
       86 -8.246113e-05
       87 -7.709813e-04
       88  1.927662e-04
       89  3.821645e-04
       90 -4.225331e-03
       91 -6.339431e-05
       92 -1.005347e-03
       93  5.479411e-04
       94 -1.411458e-04
       95  2.711553e-05
       96  3.186991e-05
       97  7.285649e-05
       98  7.119815e-06
       99  3.805605e-05
      100 -1.645961e-05
      101 -1.025620e-03
      102 -7.718546e-05
      103 -3.569118e-04
      104 -2.789334e-04
      105 -1.352211e-04
      106 -3.831282e-04
      107 -8.374575e-04
      108 -3.696903e-04
      109 -3.783006e-04
      110 -1.305343e-04
      111 -1.572944e-03
      112 -3.838263e-06
      113  2.151965e-05
      114 -5.523932e-05
      115 -1.913057e-05
      116 -2.177453e-04
      117 -4.564726e-05
      118 -5.411569e-04
      119 -2.055684e-04
      120 -1.314323e-04
      121 -1.455384e-05
      122 -5.834461e-04
      123 -6.962206e-04
      124  1.476884e-05
      125  1.041267e-04
      126 -2.128001e-04
      127 -1.547424e-04
      128 -7.283305e-05
      129 -9.147887e-05
      130 -3.895829e-05
      131 -1.087552e-04
      132 -2.406480e-04
      133  9.148060e-07
      134  2.560982e-06
      135  1.477541e-04
      136 -2.349418e-05
      137 -5.606765e-06
      138 -2.197115e-05
      139  9.072489e-05
      140  2.339103e-05
      141 -6.746912e-05
      142 -2.382485e-03
      143 -8.947985e-04
      144  7.562147e-05
      145  7.875423e-05
      146  1.552050e-03
      147 -2.841411e-04
      148 -1.106271e-04
      149 -8.531401e-06
      150 -1.530791e-04
      151 -1.281773e-05
      152 -3.864528e-04
      153 -2.820383e-04
      154 -3.581599e-06
      155 -2.089423e-07
      156  8.881832e-05
      157 -1.968223e-07
      158 -2.662553e-04
      159 -6.039682e-05