pos      val_A      val_C      val_G      val_T
   0  -0.010597   0.025107   0.002578  -0.017087
   1  -0.008170   0.023483   0.010119  -0.025432
   2   0.009041  -0.001964   0.025611  -0.032687
   3   0.010842   0.033414   0.003814  -0.048069
   4   0.025514  -0.037019   0.021520  -0.010014
   5   0.001715   0.006512   0.030022  -0.038249
   6   0.001676  -0.026792   0.042928  -0.017812
   7  -0.003711  -0.013833   0.026209  -0.008665
   8  -0.012736  -0.010032   0.006049   0.016719
   9   0.024471  -0.016271  -0.009982   0.001781
  10  -0.002536  -0.005456  -0.018904   0.026896
  11   0.045746  -0.005401   0.006291  -0.046636
  12   0.025407  -0.015881   0.007615  -0.017141
  13   0.007735  -0.004729  -0.009317   0.006310
  14  -0.024759   0.012144   0.023660  -0.011045
  15   0.028270   0.010517  -0.031778  -0.007010
  16  -0.045567  -0.001623  -0.001010   0.048199
  17   0.025559  -0.018986   0.002058  -0.008631
  18  -0.033449   0.000617   0.032943  -0.000111
  19  -0.021947  -0.026903  -0.001804   0.050653
  20  -0.001632  -0.019537   0.017038   0.004131
  21   0.010103   0.047891  -0.023926  -0.034067
  22  -0.000721   0.020920  -0.036776   0.016577
  23  -0.023253   0.002349   0.079362  -0.058458
  24  -0.037087   0.004845   0.013455   0.018787
  25  -0.008703   0.022065  -0.011326  -0.002036
  26  -0.065321   0.005224   0.080395  -0.020298
  27   0.025854  -0.027695   0.019958  -0.018118
  28   0.003504   0.025403  -0.002916  -0.025990
  29   0.008488  -0.016304  -0.019116   0.026932
  30   0.010651  -0.001979  -0.002792  -0.005880
  31   0.041724  -0.045241   0.003072   0.000445
  32   0.015366   0.009731  -0.008476  -0.016620
  33   0.073931  -0.003499  -0.027913  -0.042519
  34  -0.010051   0.005195   0.005030  -0.000174
  35  -0.011562   0.029977   0.000407  -0.018823
  36   0.010926  -0.002773  -0.003267  -0.004887
  37  -0.017684  -0.020570   0.048240  -0.009986
  38   0.018249   0.023238   0.002888  -0.044375
  39  -0.025616   0.006139   0.005999   0.013479
  40  -0.002029   0.019488  -0.014723  -0.002737
  41  -0.009185   0.013970  -0.009352   0.004567
  42   0.004606  -0.026391  -0.019872   0.041657
  43   0.011156   0.004020   0.007700  -0.022876
  44  -0.009788   0.018511  -0.000941  -0.007782
  45  -0.005663  -0.031244   0.030582   0.006324
  46   0.013109  -0.005622  -0.004603  -0.002884
  47  -0.007149  -0.009517   0.015917   0.000748
  48  -0.014860   0.014309  -0.012158   0.012709
  49   0.003775  -0.003765   0.006908  -0.006918
  50   0.040480   0.000101   0.000607  -0.041189
  51   0.020564  -0.003274   0.006067  -0.023358
  52   0.010949   0.001515  -0.012112  -0.000352
  53  -0.027694   0.000785   0.017835   0.009074
  54   0.030085   0.018597  -0.016072  -0.032610
  55  -0.018880   0.010081  -0.005801   0.014600
  56  -0.042878   0.018702   0.021213   0.002962
  57  -0.010837  -0.009273  -0.009810   0.029920
  58   0.002229   0.026306  -0.004845  -0.023690
  59  -0.029044   0.022799   0.016094  -0.009849
  60   0.028956  -0.058540   0.018170   0.011414
  61   0.005259  -0.014271   0.007075   0.001937
  62   0.004291  -0.028768   0.023507   0.000970
  63  -0.008655   0.017681   0.008537  -0.017563
  64  -0.003635   0.053414  -0.057523   0.007745
  65  -0.019469   0.022978   0.007027  -0.010535
  66  -0.012337   0.024672  -0.024145   0.011810
  67  -0.020517   0.016491   0.002724   0.001302
  68   0.029894  -0.015430  -0.008978  -0.005486
  69   0.029310   0.000014  -0.010622  -0.018702
  70   0.017483  -0.025717   0.007460   0.000775
  71   0.009586   0.011613   0.001035  -0.022234
  72  -0.034308   0.033660  -0.015684   0.016332
  73   0.010466  -0.007474   0.049640  -0.052632
  74  -0.019296   0.032089   0.028795  -0.041588
  75  -0.021407   0.030025   0.003263  -0.011881
  76   0.011070   0.026608  -0.018237  -0.019440
  77   0.015954  -0.006359   0.017816  -0.027412
  78  -0.031964  -0.016647   0.035752   0.012859
  79   0.014171   0.005939  -0.004040  -0.016069
  80   0.009404  -0.026616   0.049237  -0.032025
  81  -0.033269   0.043457  -0.013385   0.003197
  82   0.010021  -0.007038  -0.019294   0.016310
  83   0.038155   0.023270  -0.026914  -0.034511
  84  -0.029469  -0.002763   0.017927   0.014305
  85   0.035323  -0.014279   0.010415  -0.031459
  86  -0.004765   0.004573  -0.008907   0.009099
  87  -0.007504  -0.011463   0.018732   0.000235
  88   0.026005  -0.042635   0.027670  -0.011039
  89   0.012028   0.036184  -0.018655  -0.029557
  90   0.026806  -0.036513  -0.018060   0.027766
  91  -0.009552   0.007885  -0.023654   0.025321
  92   0.004856  -0.028119   0.002008   0.021255
  93  -0.018087   0.032171  -0.025494   0.011411
  94  -0.007156   0.038223  -0.018675  -0.012392
  95  -0.008882   0.024526  -0.020844   0.005200
  96  -0.033845   0.011941  -0.008471   0.030375
  97  -0.033610   0.024248   0.046696  -0.037334
  98   0.014191  -0.009833  -0.005653   0.001295
  99  -0.003940   0.021020  -0.025393   0.008313
 100  -0.001006   0.002588  -0.013620   0.012039
 101  -0.035885   0.039594  -0.029701   0.025992
 102   0.020185  -0.038325  -0.029558   0.047698
 103   0.005061   0.061668   0.022069  -0.088798
 104  -0.057902   0.043163   0.000351   0.014389
 105   0.014894   0.015100   0.009882  -0.039875
 106  -0.055391  -0.014793   0.027515   0.042669
 107  -0.057548   0.010100   0.021967   0.025481
 108   0.022839   0.002753   0.029718  -0.055310
 109  -0.035716   0.035567  -0.001082   0.001230
 110  -0.059788   0.032036   0.025868   0.001885
 111   0.010062  -0.016208   0.015930  -0.009784
 112  -0.018798   0.029791   0.011461  -0.022454
 113  -0.026797   0.021670   0.004095   0.001032
 114   0.046684  -0.027582   0.005391  -0.024493
 115   0.019530  -0.008179  -0.030115   0.018764
 116   0.005691  -0.004224  -0.005211   0.003743
 117  -0.020292   0.010311   0.007905   0.002076
 118  -0.043939   0.002134   0.008208   0.033597
 119   0.002162  -0.002956   0.019750  -0.018956
 120  -0.000399  -0.011724  -0.002150   0.014273
 121  -0.008288  -0.015454   0.014399   0.009344
 122   0.014236  -0.011422  -0.005982   0.003168
 123   0.005809  -0.007502  -0.015474   0.017167
 124  -0.019474   0.034044  -0.011866  -0.002703
 125   0.036558  -0.004523  -0.054583   0.022547
 126   0.012837  -0.045430  -0.000670   0.033263
 127  -0.027627   0.009908   0.030218  -0.012499
 128   0.001259   0.002163   0.008078  -0.011500
 129  -0.003938   0.010042   0.005347  -0.011450
 130  -0.032956  -0.030009   0.038028   0.024937
 131   0.003213   0.021575  -0.007816  -0.016973
 132  -0.010469  -0.005547   0.007719   0.008297
 133  -0.030595   0.028249  -0.028594   0.030940
 134   0.027341  -0.032716  -0.008513   0.013888
 135  -0.004721  -0.010467   0.008023   0.007165
 136   0.013342  -0.018061  -0.023752   0.028472
 137  -0.009313   0.049865  -0.030736  -0.009816
 138  -0.006366  -0.026864   0.014915   0.018315
 139   0.044185  -0.006805  -0.037755   0.000375
 140   0.005980  -0.030279  -0.000029   0.024328
 141   0.017192  -0.029950   0.021233  -0.008475
 142   0.000223  -0.011774   0.022646  -0.011095
 143  -0.010672  -0.032580   0.001280   0.041972
 144   0.009657  -0.023494  -0.027481   0.041317
 145   0.014098   0.035340   0.006658  -0.056097
 146   0.034027  -0.065924   0.029197   0.002700
 147  -0.014217  -0.011280  -0.027817   0.053314
 148   0.028218   0.006535  -0.053992   0.019239
 149   0.002399  -0.014853  -0.003675   0.016129
 150   0.029332  -0.014615  -0.011990  -0.002728
 151   0.003793   0.000394   0.006012  -0.010200
 152  -0.028133   0.010995   0.039508  -0.022370
 153  -0.029951   0.026537  -0.032472   0.035885
 154  -0.033330   0.015426  -0.001608   0.019513
 155  -0.003949   0.023010  -0.009306  -0.009756
 156   0.021325  -0.019353   0.003183  -0.005154
 157   0.005451   0.040424  -0.015710  -0.030165
 158  -0.022169   0.008915  -0.020990   0.034244
 159  -0.013447  -0.006547  -0.015383   0.035377
 160  -0.040202   0.048661  -0.045309   0.036850
 161   0.020354  -0.011845  -0.012581   0.004072
 162   0.012235   0.003083   0.007560  -0.022879
 163  -0.005714  -0.037612   0.037111   0.006215
 164  -0.003227   0.012475  -0.019636   0.010389
 165  -0.010070  -0.001052   0.016097  -0.004975
 166  -0.000781  -0.020589  -0.040591   0.061961
 167  -0.031721  -0.009131  -0.031484   0.072336
 168  -0.026433   0.029005  -0.015659   0.013088
 169   0.014760  -0.004724  -0.046693   0.036657
 170  -0.008927   0.029658  -0.020024  -0.000707
 171  -0.029065  -0.010584   0.000204   0.039444
 172   0.005987   0.015613  -0.031086   0.009486
 173  -0.016657  -0.013910   0.045171  -0.014604
 174  -0.055642  -0.022018   0.046495   0.031165
 175  -0.032956   0.003040   0.016198   0.013718
 176   0.028884  -0.008475  -0.007940  -0.012469
 177  -0.014403   0.033004  -0.014105  -0.004497
 178  -0.034654   0.015977   0.061130  -0.042453
 179  -0.029079  -0.029829   0.021020   0.037888
