pos      val_A      val_C      val_G      val_T
   0  -0.038788   0.027196  -0.006542   0.018134
   1  -0.002847  -0.017576   0.012307   0.008116
   2   0.003624   0.044099  -0.015367  -0.032356
   3  -0.027358   0.020781   0.018834  -0.012258
   4  -0.031917  -0.025651   0.052530   0.005037
   5  -0.016726   0.013292   0.021057  -0.017623
   6   0.006133  -0.012240   0.000409   0.005698
   7  -0.011343   0.019391   0.007779  -0.015827
   8   0.012073  -0.022933   0.009518   0.001343
   9   0.016411   0.014324  -0.032637   0.001902
  10  -0.032399   0.025269  -0.004910   0.012040
  11   0.020517   0.002456   0.000531  -0.023504
  12   0.021962  -0.011180  -0.005247  -0.005535
  13  -0.005615   0.010509   0.015068  -0.019962
  14   0.014062  -0.012423   0.015977  -0.017616
  15   0.007199   0.024809  -0.036022   0.004013
  16  -0.021187   0.024838   0.016805  -0.020456
  17   0.042786  -0.032801   0.008999  -0.018984
  18  -0.016625   0.007670   0.054541  -0.045587
  19   0.027647  -0.028424  -0.026911   0.027687
  20   0.012520  -0.040147   0.006592   0.021035
  21   0.026555   0.005384  -0.010753  -0.021185
  22   0.021049   0.008109  -0.034252   0.005094
  23   0.002326  -0.017327   0.033092  -0.018091
  24  -0.023155   0.013927   0.020184  -0.010956
  25  -0.052594   0.010994   0.024785   0.016815
  26  -0.008823   0.007892   0.012860  -0.011929
  27   0.042752  -0.013112  -0.015063  -0.014577
  28   0.015196   0.015569  -0.045414   0.014649
  29  -0.013144  -0.017438   0.015626   0.014956
  30  -0.013238  -0.006744  -0.006107   0.026089
  31   0.004650  -0.014712  -0.000643   0.010705
  32   0.014483   0.009714  -0.010141  -0.014056
  33   0.000872  -0.016438   0.046651  -0.031085
  34  -0.007150  -0.010966   0.016025   0.002092
  35  -0.032931   0.003008   0.017209   0.012715
  36  -0.001828  -0.002697   0.024300  -0.019775
  37   0.000526  -0.015905   0.002084   0.013296
  38  -0.008570   0.029886  -0.026207   0.004891
  39  -0.033582  -0.000667   0.021823   0.012427
  40  -0.021461   0.026060   0.006770  -0.011369
  41   0.003386  -0.002700   0.016552  -0.017238
  42  -0.023759   0.019940  -0.013664   0.017483
  43   0.007967   0.017061   0.001519  -0.026547
  44  -0.000164  -0.004191   0.017237  -0.012881
  45  -0.014050   0.018087   0.003750  -0.007787
  46   0.010998  -0.002794   0.013874  -0.022077
  47  -0.006358   0.007909   0.001799  -0.003350
  48  -0.023673   0.006123  -0.008063   0.025613
  49  -0.002276   0.014707   0.017361  -0.029792
  50   0.019942  -0.020223   0.022823  -0.022542
  51  -0.019247   0.005931   0.006421   0.006895
  52   0.022667  -0.036212   0.007387   0.006158
  53   0.004258   0.005184  -0.012879   0.003437
  54  -0.005072   0.022196   0.000545  -0.017669
  55  -0.006134  -0.022041   0.002334   0.025841
  56  -0.041755   0.008932   0.010798   0.022025
  57  -0.035045   0.023822   0.022119  -0.010897
  58   0.008526  -0.033946  -0.011563   0.036983
  59  -0.013757   0.017974   0.026221  -0.030438
  60   0.016418   0.000037  -0.001169  -0.015287
  61   0.012314  -0.003972  -0.000004  -0.008338
  62  -0.035849   0.010613   0.015498   0.009738
  63  -0.022716   0.021660  -0.009871   0.010927
  64   0.004490  -0.001305  -0.022315   0.019130
  65  -0.059886   0.033052   0.027402  -0.000568
  66  -0.053085   0.042792   0.009950   0.000343
  67  -0.021264   0.029566  -0.012987   0.004685
  68   0.011287  -0.012513   0.010660  -0.009434
  69   0.008221  -0.014882   0.002715   0.003947
  70   0.013666  -0.017942  -0.009817   0.014093
  71  -0.046101   0.009799  -0.021881   0.058183
  72  -0.009753   0.022255  -0.021965   0.009463
  73  -0.012436   0.048502   0.014509  -0.050575
  74  -0.016819  -0.010870   0.032173  -0.004485
  75  -0.011259   0.037662  -0.012766  -0.013637
  76   0.014424   0.014217   0.004586  -0.033227
  77  -0.004562   0.026269  -0.029442   0.007735
  78   0.000293  -0.028186   0.030734  -0.002842
  79  -0.003979   0.018361  -0.004473  -0.009908
  80   0.009404  -0.050316   0.060171  -0.019259
  81   0.013516  -0.031806   0.017271   0.001019
  82   0.019138  -0.014576  -0.004734   0.000172
  83   0.016128  -0.005624  -0.003912  -0.006592
  84   0.007305  -0.027821  -0.001769   0.022285
  85   0.003717   0.022048  -0.022689  -0.003077
  86  -0.031091   0.011007   0.017676   0.002408
  87   0.010484  -0.006115  -0.010859   0.006489
  88   0.025502   0.022951   0.010898  -0.059350
  89   0.028821  -0.034200   0.031101  -0.025722
  90   0.021102  -0.016188  -0.001597  -0.003317
  91  -0.029326   0.027325   0.012493  -0.010493
  92   0.014293  -0.003766   0.001786  -0.012313
  93  -0.010056   0.017148  -0.014103   0.007011
  94  -0.033009   0.025286  -0.011953   0.019675
  95  -0.059612   0.043581   0.001887   0.014145
  96   0.005957  -0.022843   0.001407   0.015479
  97  -0.025463   0.030566   0.003301  -0.008404
  98   0.031104   0.040447   0.000209  -0.071761
  99   0.019025   0.020802  -0.061875   0.022048
 100   0.013760   0.022751  -0.019646  -0.016865
 101  -0.036652   0.071926  -0.061811   0.026538
 102   0.036939  -0.084072  -0.000293   0.047426
 103   0.020594   0.067714   0.014945  -0.103253
 104  -0.110905   0.053681   0.019704   0.037521
 105   0.035050   0.012700   0.044057  -0.091806
 106  -0.047900   0.011323  -0.000346   0.036923
 107  -0.039981  -0.043154   0.018195   0.064940
 108   0.050333   0.042877   0.027632  -0.120843
 109  -0.020295   0.024821   0.041201  -0.045726
 110  -0.027682   0.026367  -0.006633   0.007948
 111   0.014133  -0.009208   0.013325  -0.018250
 112   0.007140   0.021071  -0.007981  -0.020231
 113  -0.006170   0.044400   0.007483  -0.045713
 114  -0.031821   0.007424  -0.007045   0.031442
 115   0.008787  -0.014077  -0.039789   0.045079
 116   0.036159  -0.010192  -0.004861  -0.021106
 117   0.004051  -0.013647  -0.007205   0.016801
 118  -0.026206  -0.033673   0.038215   0.021664
 119  -0.017099   0.035403  -0.005036  -0.013268
 120  -0.028418   0.015897  -0.007336   0.019857
 121   0.002933  -0.009093   0.002180   0.003980
 122   0.035176  -0.024192  -0.006540  -0.004444
 123   0.002931  -0.028585   0.024165   0.001489
 124  -0.022243   0.019715   0.032305  -0.029776
 125   0.035737  -0.039523  -0.026238   0.030024
 126   0.008429  -0.021081  -0.002108   0.014760
 127   0.047576  -0.030113   0.001818  -0.019281
 128   0.017073   0.017308  -0.024434  -0.009947
 129   0.007771  -0.019800   0.000523   0.011507
 130  -0.037868  -0.027568   0.046942   0.018494
 131   0.025115  -0.009485  -0.026444   0.010814
 132   0.037921  -0.008448  -0.010102  -0.019371
 133  -0.008802   0.012887   0.005960  -0.010045
 134   0.020762  -0.042472   0.013682   0.008029
 135  -0.012364   0.004017  -0.003834   0.012180
 136  -0.007664   0.012279   0.017327  -0.021942
 137   0.003499   0.032333  -0.032209  -0.003624
 138   0.022089  -0.047640   0.028292  -0.002741
 139   0.066134  -0.038712  -0.021350  -0.006071
 140   0.009077   0.012610   0.003462  -0.025150
 141   0.012827  -0.038246   0.040963  -0.015544
 142   0.000774   0.023159   0.016259  -0.040192
 143   0.021609  -0.028878  -0.026264   0.033534
 144  -0.010701   0.009313  -0.004280   0.005667
 145  -0.004429   0.004784   0.010691  -0.011046
 146  -0.023164   0.014639   0.025982  -0.017457
 147   0.002996   0.004719  -0.018028   0.010313
 148   0.052897  -0.004003  -0.076671   0.027777
 149  -0.022032   0.021302   0.012415  -0.011685
 150   0.059731   0.006060  -0.035273  -0.030518
 151   0.048171  -0.013946  -0.020299  -0.013926
 152  -0.013644  -0.011904   0.000681   0.024867
 153  -0.006666  -0.017886   0.013569   0.010984
 154  -0.027127   0.030092  -0.013664   0.010699
 155   0.003886   0.006608  -0.017845   0.007351
 156  -0.001601  -0.008716   0.008577   0.001740
 157   0.006421  -0.006624   0.028744  -0.028541
 158  -0.011319   0.003505  -0.021253   0.029068
 159  -0.013276   0.007779  -0.005349   0.010846
 160  -0.020751   0.014967  -0.001014   0.006797
 161  -0.005178  -0.008187  -0.005560   0.018926
 162  -0.023074  -0.035866   0.035846   0.023095
 163   0.014067  -0.002196  -0.001054  -0.010817
 164   0.001087  -0.006400  -0.000869   0.006181
 165  -0.024748   0.005196  -0.001107   0.020659
 166  -0.024852   0.000459   0.011330   0.013063
 167  -0.033571   0.039238  -0.005908   0.000241
 168  -0.005158  -0.005161   0.001741   0.008577
 169  -0.035912  -0.000199  -0.028038   0.064149
 170  -0.013748  -0.017935   0.017205   0.014479
 171  -0.015301  -0.015554   0.023381   0.007474
 172  -0.001416   0.013934   0.007285  -0.019803
 173  -0.012029  -0.006002   0.018183  -0.000152
 174  -0.019047  -0.006983   0.011730   0.014300
 175  -0.042342   0.005851   0.046800  -0.010309
 176   0.005194  -0.016662   0.016554  -0.005086
 177  -0.034945   0.005277   0.048404  -0.018736
 178   0.012744   0.016348  -0.009177  -0.019915
 179  -0.025404  -0.030589   0.009756   0.046237
