pos      val_A      val_C      val_G      val_T
   0  -0.024668  -0.012654   0.014962   0.022360
   1  -0.010167   0.013968  -0.021714   0.017913
   2   0.008908   0.040037  -0.020842  -0.028104
   3  -0.038789   0.008333   0.009167   0.021289
   4   0.006813  -0.009867   0.028858  -0.025804
   5   0.009514  -0.012494  -0.007526   0.010506
   6  -0.016673   0.012170  -0.014800   0.019303
   7  -0.008283  -0.006210   0.012888   0.001605
   8  -0.003336   0.006672  -0.017867   0.014531
   9  -0.006972  -0.050169   0.011197   0.045944
  10   0.042521  -0.015497  -0.027716   0.000691
  11  -0.038213   0.028323   0.022527  -0.012636
  12   0.006737   0.009317   0.026450  -0.042504
  13  -0.008693  -0.003708   0.004861   0.007540
  14   0.031818   0.009548  -0.015887  -0.025479
  15  -0.010043   0.029445   0.004678  -0.024080
  16  -0.029255   0.033760  -0.002953  -0.001552
  17  -0.012833   0.014158  -0.001537   0.000212
  18  -0.038872  -0.000343   0.040865  -0.001650
  19  -0.011793  -0.008177   0.034200  -0.014230
  20  -0.022118  -0.002538   0.026036  -0.001380
  21  -0.019419  -0.010233  -0.016667   0.046318
  22  -0.041898   0.038746   0.009831  -0.006679
  23   0.039433  -0.017364  -0.003965  -0.018104
  24  -0.012761  -0.016182   0.026583   0.002360
  25  -0.012487   0.007825   0.030365  -0.025704
  26   0.011138   0.020928  -0.013416  -0.018651
  27   0.027544  -0.014213  -0.019707   0.006375
  28   0.034765  -0.012939  -0.005519  -0.016306
  29  -0.009480  -0.003381  -0.015465   0.028326
  30   0.016724  -0.018620  -0.021038   0.022934
  31   0.014750   0.007910  -0.020268  -0.002392
  32  -0.015963   0.002533   0.014704  -0.001274
  33   0.041060  -0.003261   0.030834  -0.068633
  34  -0.006098  -0.004928   0.007710   0.003316
  35  -0.006905   0.004847  -0.008690   0.010748
  36   0.021868  -0.020447   0.010422  -0.011842
  37  -0.005166  -0.002558  -0.005973   0.013698
  38   0.004579  -0.034901   0.046372  -0.016050
  39  -0.020017   0.020724   0.008400  -0.009108
  40   0.011459  -0.017800  -0.002045   0.008385
  41   0.031255  -0.002431  -0.012855  -0.015969
  42   0.030959  -0.030027  -0.020189   0.019257
  43   0.003255   0.006528  -0.017244   0.007461
  44   0.043202  -0.003521  -0.005145  -0.034535
  45   0.002574   0.004315  -0.008964   0.002075
  46  -0.015889  -0.000522   0.039467  -0.023057
  47   0.019414  -0.018924   0.011054  -0.011544
  48   0.025388  -0.016961  -0.000073  -0.008354
  49  -0.021323  -0.025939   0.014814   0.032448
  50  -0.006380   0.031649  -0.022448  -0.002821
  51  -0.040382   0.015061   0.047517  -0.022196
  52  -0.008085  -0.000693  -0.006497   0.015275
  53   0.002999   0.019414  -0.006305  -0.016108
  54   0.004737   0.030963  -0.028046  -0.007654
  55   0.019129  -0.014948   0.000454  -0.004635
  56  -0.015412   0.022050   0.013156  -0.019794
  57  -0.003673  -0.007275  -0.005511   0.016459
  58   0.008109  -0.041763   0.044948  -0.011294
  59  -0.005305  -0.023113  -0.009208   0.037626
  60  -0.028524   0.000614  -0.014182   0.042092
  61  -0.015607  -0.016889   0.046131  -0.013635
  62  -0.033286   0.022171   0.004072   0.007044
  63   0.004286  -0.009263   0.018464  -0.013487
  64  -0.026779   0.015829   0.008343   0.002607
  65  -0.038357   0.028242   0.006979   0.003136
  66   0.014505  -0.012526  -0.006058   0.004079
  67  -0.027487   0.040290   0.022099  -0.034902
  68   0.027474   0.011490  -0.021589  -0.017375
  69  -0.003173   0.022973  -0.017721  -0.002079
  70   0.017059   0.018202  -0.021146  -0.014115
  71   0.025181   0.033120  -0.023767  -0.034534
  72  -0.016242   0.016065   0.005898  -0.005721
  73   0.008418  -0.020622  -0.010392   0.022595
  74  -0.006536   0.007037  -0.024764   0.024264
  75  -0.003957   0.017313  -0.004982  -0.008374
  76  -0.006085   0.003636   0.004614  -0.002165
  77  -0.010058  -0.009336   0.017666   0.001729
  78  -0.008393   0.003562   0.031652  -0.026822
  79  -0.042370  -0.009568   0.026163   0.025776
  80   0.017680  -0.046717   0.005718   0.023320
  81  -0.041111   0.001940  -0.004918   0.044089
  82   0.006702   0.025850  -0.047811   0.015259
  83  -0.028600  -0.027821   0.017543   0.038877
  84  -0.007362   0.001153  -0.012142   0.018351
  85  -0.014245   0.001837  -0.004954   0.017361
  86  -0.057180   0.033689   0.019413   0.004078
  87   0.014952  -0.013510   0.029440  -0.030883
  88   0.008856  -0.000836   0.013481  -0.021502
  89  -0.017828   0.053059  -0.016495  -0.018736
  90  -0.009484   0.001217  -0.009011   0.017277
  91   0.054454  -0.056973  -0.011691   0.014210
  92  -0.038790  -0.023278   0.021598   0.040470
  93   0.038301  -0.028310  -0.005289  -0.004702
  94   0.013832   0.017212  -0.029217  -0.001827
  95   0.006953  -0.019349  -0.005693   0.018089
  96   0.008094   0.005624   0.001421  -0.015139
  97   0.007970  -0.012872   0.019028  -0.014125
  98   0.015407   0.014288  -0.004545  -0.025151
  99  -0.001743   0.018815   0.004554  -0.021626
 100  -0.030119   0.019482   0.024271  -0.013634
 101   0.017220   0.011506  -0.040917   0.012191
 102   0.009777   0.004250  -0.034036   0.020009
 103  -0.037326   0.001853   0.013701   0.021773
 104  -0.006759   0.025348  -0.007581  -0.011008
 105   0.007578  -0.016255   0.005231   0.003446
 106  -0.013778  -0.022588   0.022649   0.013718
 107  -0.008327  -0.008802  -0.012502   0.029632
 108  -0.021705  -0.007647   0.058283  -0.028931
 109   0.008268  -0.000131  -0.003628  -0.004508
 110  -0.026716   0.017477  -0.031274   0.040513
 111   0.045066   0.001376  -0.012078  -0.034365
 112  -0.001739   0.004845  -0.035303   0.032197
 113  -0.012144   0.013752   0.018604  -0.020212
 114   0.013497  -0.003411   0.018311  -0.028397
 115   0.035140   0.007606  -0.038880  -0.003866
 116   0.038185  -0.017607  -0.010898  -0.009680
 117  -0.014938   0.003231   0.015440  -0.003734
 118  -0.020202  -0.026984   0.035178   0.012007
 119  -0.011878   0.012421  -0.013174   0.012631
 120   0.019579  -0.012201  -0.006464  -0.000914
 121  -0.042159   0.017253   0.032412  -0.007505
 122   0.031215  -0.004580  -0.018392  -0.008243
 123  -0.000936  -0.022064  -0.001440   0.024440
 124   0.051349  -0.033574  -0.004185  -0.013590
 125   0.011163  -0.018901  -0.001753   0.009491
 126  -0.018883  -0.055908   0.044298   0.030493
 127  -0.046312   0.020339   0.028924  -0.002952
 128   0.025449  -0.003977  -0.017747  -0.003725
 129   0.013197   0.017179  -0.024349  -0.006028
 130  -0.008039   0.034019   0.005167  -0.031147
 131  -0.015232   0.010197  -0.008720   0.013755
 132  -0.026899   0.052541  -0.002379  -0.023264
 133  -0.028458   0.011382   0.011689   0.005387
 134   0.010994  -0.007177  -0.009178   0.005361
 135  -0.022225   0.035668  -0.001557  -0.011885
 136   0.007694   0.012554  -0.019200  -0.001048
 137   0.008723   0.031288  -0.003765  -0.036247
 138   0.007324  -0.026105   0.049685  -0.030904
 139   0.007303  -0.016730   0.015529  -0.006102
 140   0.012021  -0.007461   0.007765  -0.012325
 141   0.020748  -0.009196  -0.005931  -0.005621
 142   0.001411  -0.042003   0.005908   0.034684
 143   0.030509  -0.007168   0.000228  -0.023570
 144  -0.051989   0.025721   0.024218   0.002050
 145  -0.000733   0.003624   0.046598  -0.049489
 146   0.036051  -0.013128  -0.020914  -0.002009
 147  -0.021329  -0.022144  -0.002277   0.045750
 148  -0.010028  -0.013991   0.029693  -0.005673
 149   0.036313  -0.034481  -0.007698   0.005866
 150   0.015964  -0.008497  -0.004641  -0.002826
 151  -0.017259  -0.016153   0.010089   0.023323
 152  -0.017868   0.028502   0.003796  -0.014430
 153  -0.054855   0.053962  -0.006722   0.007615
 154   0.017811   0.040650  -0.041207  -0.017255
 155  -0.028456  -0.036092   0.077109  -0.012561
 156  -0.025443   0.029736   0.008600  -0.012894
 157   0.012525   0.028329  -0.021854  -0.019000
 158  -0.029074  -0.005889  -0.002667   0.037630
 159  -0.026097  -0.010358   0.026031   0.010424
 160  -0.053307  -0.026262   0.002765   0.076804
 161  -0.047061   0.003255   0.059425  -0.015619
 162  -0.015752  -0.045500   0.019297   0.041956
 163  -0.001708   0.020980   0.000623  -0.019895
 164  -0.005277  -0.007655  -0.021888   0.034820
 165   0.002002  -0.037308   0.013624   0.021682
 166  -0.070400   0.058131  -0.022867   0.035136
 167  -0.015661  -0.043144   0.059090  -0.000285
 168  -0.012036  -0.044866   0.043983   0.012919
 169  -0.009503  -0.028041   0.011438   0.026106
 170  -0.053041   0.051589   0.015117  -0.013665
 171   0.032256  -0.072851   0.056858  -0.016263
 172   0.023475   0.025604  -0.023045  -0.026035
 173   0.040762   0.029812  -0.017672  -0.052902
 174  -0.010214   0.003438   0.018541  -0.011765
 175  -0.060640   0.006535   0.009817   0.044288
 176  -0.043112  -0.014177   0.033918   0.023372
 177   0.001286   0.020557  -0.013317  -0.008526
 178  -0.027966  -0.000154   0.024098   0.004022
 179   0.007818   0.038766  -0.060842   0.014257
