pos          info
        0 -3.246433e-05
        1 -4.750801e-04
        2 -1.346884e-08
        3  1.508671e-04
        4 -8.598955e-04
        5 -1.530842e-05
        6 -8.896264e-04
        7 -2.958815e-04
        8 -1.868832e-05
        9 -1.557388e-05
       10  3.514232e-06
       11 -3.731175e-04
       12  2.595253e-04
       13 -6.178835e-05
       14 -1.488708e-04
       15 -9.463617e-05
       16  1.974766e-04
       17  4.349799e-05
       18 -4.845334e-06
       19 -8.707855e-05
       20 -3.571756e-06
       21 -1.376237e-08
       22  1.441618e-05
       23 -3.604111e-05
       24  9.200641e-05
       25 -4.674420e-07
       26 -2.801757e-04
       27 -2.790030e-05
       28 -5.336707e-04
       29 -8.201781e-06
       30  5.679116e-05
       31 -5.911152e-04
       32 -1.963633e-06
       33 -4.094490e-04
       34 -5.508227e-05
       35  1.624066e-04
       36  5.754573e-05
       37 -8.998009e-04
       38 -4.738309e-04
       39 -4.769377e-04
       40 -2.729316e-06
       41  4.240661e-04
       42  4.432488e-05
       43  2.171893e-04
       44 -2.829066e-04
       45 -2.054867e-06
       46 -3.764238e-04
       47 -4.869807e-04
       48  6.217018e-06
       49 -1.075565e-05
       50 -1.340657e-04
       51 -2.009049e-04
       52 -3.862418e-04
       53 -2.699439e-05
       54 -8.133642e-05
       55 -5.620982e-04
       56 -1.409683e-04
       57 -1.525203e-04
       58 -2.783558e-04
       59 -2.854442e-05
       60 -2.521267e-06
       61 -2.741299e-05
       62 -5.722921e-04
       63 -1.059643e-04
       64  5.852105e-05
       65  1.736692e-05
       66 -5.241355e-05
       67 -7.299252e-06
       68 -6.311088e-04
       69 -2.921919e-07
       70  1.554240e-04
       71  3.041259e-04
       72  8.565173e-06
       73  5.162241e-04
       74 -5.175449e-04
       75 -8.797320e-07
       76 -4.821543e-06
       77 -2.980471e-04
       78 -6.441890e-05
       79 -1.721611e-06
       80 -2.942863e-05
       81 -6.712939e-06
       82  5.788649e-05
       83  1.324827e-05
       84 -2.321386e-05
       85  4.308176e-05
       86  3.033208e-05
       87  2.664980e-05
       88  5.279699e-04
       89  5.653598e-05
       90 -1.923575e-05
       91 -1.624298e-04
       92 -7.350910e-07
       93 -2.237396e-06
       94  3.501059e-05
       95  1.302665e-04
       96  6.334504e-05
       97  1.883555e-04
       98  2.334896e-05
       99 -7.525162e-07
      100 -1.510141e-05
      101 -1.576872e-05
      102 -1.243062e-04
      103  2.401674e-04
      104  2.532709e-03
      105  3.013394e-04
      106  1.299658e-04
      107  2.549416e-04
      108 -1.519945e-04
      109  3.533551e-05
      110  1.805001e-06
      111  1.971966e-08
      112 -2.493884e-05
      113  2.867482e-06
      114 -2.978204e-04
      115 -5.801081e-05
      116 -3.356464e-04
      117 -3.583268e-07
      118 -2.685561e-08
      119 -7.215700e-05
      120 -2.797966e-04
      121 -1.720455e-09
      122 -4.606049e-04
      123  1.597503e-04
      124  5.781121e-04
      125 -5.227171e-05
      126 -1.111421e-04
      127 -3.851038e-05
      128 -3.810581e-05
      129 -1.011907e-06
      130 -2.019495e-05
      131 -2.753090e-05
      132 -6.621882e-05
      133 -1.681587e-05
      134 -5.393270e-05
      135 -2.233182e-04
      136 -1.574094e-05
      137 -7.758143e-05
      138 -1.083879e-06
      139 -1.385070e-07
      140 -2.653647e-04
      141 -9.817590e-04
      142 -1.462695e-04
      143 -7.696282e-05
      144 -4.730084e-05
      145 -8.589143e-04
      146 -2.054771e-04
      147 -2.385865e-05
      148 -1.014221e-05
      149 -1.682360e-04
      150 -2.964006e-07
      151 -1.639842e-05
      152 -5.422539e-05
      153  1.139646e-05
      154 -1.979316e-04
      155  2.075848e-04
      156 -2.762757e-04
      157 -4.779549e-04
      158 -4.160714e-05
      159 -2.808148e-06