pos      val_A      val_C      val_G      val_T
   0   0.001912   0.021420   0.026238  -0.049570
   1   0.043213   0.018929  -0.016932  -0.045210
   2   0.021456   0.051904  -0.055589  -0.017770
   3   0.045580  -0.036822  -0.022893   0.014135
   4  -0.014913   0.041753  -0.004671  -0.022169
   5   0.055474   0.075054  -0.079658  -0.050869
   6   0.036028  -0.012752  -0.054181   0.030905
   7  -0.010030  -0.019646   0.009084   0.020591
   8  -0.009279   0.013438   0.023069  -0.027228
   9   0.029933   0.007529  -0.051459   0.013997
  10   0.046273   0.025751  -0.050016  -0.022008
  11  -0.012775  -0.023805   0.022823   0.013756
  12   0.044401  -0.027788  -0.030961   0.014349
  13  -0.025160  -0.045254   0.081243  -0.010829
  14   0.033116  -0.008629   0.010157  -0.034644
  15   0.021392  -0.019247  -0.003560   0.001415
  16   0.010055   0.003782  -0.026941   0.013104
  17  -0.002039   0.050553  -0.006100  -0.042414
  18  -0.038212   0.059398  -0.015317  -0.005870
  19  -0.005290   0.027240  -0.006062  -0.015888
  20   0.042451  -0.006005  -0.039059   0.002613
  21   0.084729  -0.040037  -0.000062  -0.044630
  22   0.016460  -0.024617  -0.001958   0.010116
  23  -0.014507   0.013466   0.046709  -0.045668
  24   0.022695  -0.017346  -0.004341  -0.001008
  25  -0.024674  -0.034823   0.047098   0.012399
  26   0.003884   0.029657  -0.062277   0.028735
  27   0.017355  -0.050315   0.022205   0.010755
  28  -0.014672  -0.027889  -0.062812   0.105374
  29   0.027361  -0.009563   0.018865  -0.036664
  30  -0.012721  -0.074902   0.078749   0.008874
  31  -0.039190   0.017237   0.040395  -0.018442
  32  -0.031153  -0.074812   0.037653   0.068312
  33   0.013845  -0.040452  -0.019593   0.046201
  34   0.036299  -0.036628   0.019854  -0.019525
  35  -0.019292   0.045754  -0.029232   0.002770
  36   0.018050   0.007188  -0.018041  -0.007197
  37  -0.022535   0.034096   0.016199  -0.027761
  38  -0.036059   0.062019  -0.048683   0.022724
  39  -0.062312  -0.027073   0.077035   0.012350
  40   0.032385  -0.029319  -0.026170   0.023105
  41   0.045778  -0.049684  -0.052137   0.056043
  42  -0.035818   0.030254   0.005235   0.000329
  43  -0.019151   0.014879  -0.009016   0.013288
  44  -0.007238  -0.001631  -0.031072   0.039940
  45   0.059629  -0.041693  -0.027203   0.009267
  46  -0.003128  -0.031510   0.048449  -0.013811
  47  -0.015282   0.027151   0.010251  -0.022120
  48   0.002262  -0.033029   0.025675   0.005091
  49  -0.004917  -0.033788   0.028907   0.009797
  50   0.027203  -0.015147   0.005745  -0.017802
  51   0.023764  -0.012288   0.050242  -0.061718
  52   0.048514  -0.017876  -0.074963   0.044325
  53   0.006706   0.029581   0.005007  -0.041294
  54   0.073670   0.032129  -0.075984  -0.029815
  55  -0.018427   0.022095   0.001377  -0.005045
  56   0.061426   0.018418  -0.071480  -0.008364
  57   0.039860  -0.006771  -0.022870  -0.010219
  58   0.067760   0.001408  -0.040760  -0.028408
  59  -0.020100   0.028681   0.047259  -0.055840
  60  -0.054374   0.054924   0.068162  -0.068712
  61  -0.039239  -0.017405   0.082812  -0.026168
  62   0.041487  -0.015409  -0.010441  -0.015637
  63  -0.012573  -0.005642   0.002850   0.015365
  64   0.026659  -0.019892  -0.019209   0.012442
  65   0.050627  -0.019875   0.002814  -0.033566
  66  -0.049355  -0.020296   0.043626   0.026025
  67  -0.022297  -0.039334   0.060398   0.001233
  68   0.032329  -0.033629  -0.012224   0.013524
  69   0.048487   0.011458  -0.048089  -0.011856
  70  -0.027956  -0.017966   0.008053   0.037869
  71   0.014919  -0.063438   0.030555   0.017965
  72   0.041369   0.004488  -0.034077  -0.011780
  73   0.027354  -0.015680  -0.015706   0.004033
  74   0.050786  -0.015037  -0.020645  -0.015105
  75   0.025114  -0.026647  -0.048240   0.049773
  76  -0.015495   0.014036  -0.005978   0.007438
  77   0.029801  -0.002083  -0.014260  -0.013458
  78  -0.014558  -0.034111   0.048953  -0.000284
  79   0.039652  -0.070966   0.009658   0.021655
  80  -0.019575  -0.007664   0.062295  -0.035056
  81   0.036279   0.012601  -0.004055  -0.044825
  82  -0.009890  -0.006092  -0.001359   0.017341
  83   0.029990  -0.052918  -0.016221   0.039148
  84   0.038889   0.032210  -0.051450  -0.019649
  85  -0.026970  -0.013160   0.037833   0.002297
  86  -0.025264   0.013245   0.053550  -0.041531
  87  -0.008940   0.035663  -0.007341  -0.019382
  88   0.018374   0.052915  -0.004019  -0.067270
  89   0.003720   0.056692  -0.026890  -0.033521
  90   0.024978   0.049407  -0.016459  -0.057925
  91  -0.044662  -0.037628   0.058773   0.023517
  92   0.060741  -0.021949  -0.055163   0.016372
  93   0.045334  -0.015112   0.027359  -0.057581
  94  -0.037220   0.024456  -0.041364   0.054129
  95   0.007000  -0.039360  -0.013251   0.045612
  96  -0.063436  -0.022875   0.032005   0.054305
  97   0.024891  -0.027017   0.036293  -0.034167
  98   0.046753  -0.058582   0.032720  -0.020890
  99   0.053463  -0.009501  -0.040751  -0.003211
 100   0.035605   0.024314  -0.006791  -0.053129
 101   0.002420   0.047851  -0.007828  -0.042443
 102  -0.027796   0.018362   0.001733   0.007701
 103  -0.023484  -0.057974   0.003616   0.077842
 104  -0.044867   0.006547   0.042717  -0.004396
 105  -0.026725  -0.008813  -0.030497   0.066035
 106   0.025811  -0.004384  -0.038473   0.017046
 107   0.040431  -0.031393  -0.007513  -0.001524
 108   0.013857  -0.011913  -0.032834   0.030889
 109  -0.051440   0.017644   0.016123   0.017673
 110  -0.056793   0.036389  -0.002326   0.022730
 111  -0.010001   0.015922  -0.033900   0.027979
 112   0.013465  -0.011673  -0.006348   0.004556
 113   0.031908   0.024296  -0.009834  -0.046370
 114  -0.010386   0.035000  -0.026621   0.002007
 115   0.004488  -0.047784  -0.023310   0.066606
 116   0.013441  -0.080376   0.012000   0.054934
 117  -0.023062   0.023666   0.012727  -0.013330
 118   0.044747  -0.024504   0.013197  -0.033440
 119   0.035197  -0.056097   0.031462  -0.010562
 120  -0.029714   0.006668   0.046703  -0.023658
 121   0.040101  -0.029239  -0.032796   0.021934
 122   0.048905   0.002460  -0.055344   0.003979
 123  -0.049741   0.057755  -0.000131  -0.007883
 124   0.018852  -0.015945  -0.003940   0.001033
 125   0.057541  -0.039184  -0.044386   0.026029
 126  -0.009044  -0.027873  -0.005267   0.042184
 127   0.091711  -0.035373  -0.021200  -0.035137
 128   0.041764  -0.031456  -0.043546   0.033239
 129  -0.073906   0.037911   0.058230  -0.022235
 130  -0.007876   0.023511   0.008457  -0.024092
 131   0.024805  -0.011874   0.018788  -0.031719
 132   0.088784  -0.009517  -0.037291  -0.041975
 133  -0.021119   0.051207   0.017417  -0.047504
 134  -0.060387   0.021914   0.033806   0.004667
 135   0.041408  -0.047644  -0.000073   0.006310
 136   0.053347   0.005080  -0.068199   0.009772
 137  -0.058972   0.017646   0.019175   0.022152
 138  -0.036626  -0.003159   0.002806   0.036979
 139   0.010757  -0.034394   0.024081  -0.000443
 140   0.017880   0.039614  -0.038943  -0.018551
 141   0.037702  -0.017517  -0.014311  -0.005874
 142   0.039502   0.002492  -0.071211   0.029218
 143   0.004324  -0.038993   0.035155  -0.000485
 144  -0.016317  -0.001807  -0.004859   0.022984
 145  -0.024355   0.064886  -0.004048  -0.036483
 146  -0.000976  -0.058772   0.055824   0.003923
 147   0.000228   0.003271  -0.029607   0.026108
 148  -0.019484   0.052062   0.055399  -0.087977
 149  -0.014708   0.029531  -0.001404  -0.013419
 150  -0.007030  -0.022546  -0.015883   0.045459
 151  -0.038979   0.046536   0.009337  -0.016894
 152  -0.032314   0.039947  -0.053880   0.046247
 153   0.015115   0.026698  -0.057513   0.015700
 154   0.010866  -0.090915   0.051412   0.028638
 155  -0.002118  -0.002236  -0.009574   0.013929
 156   0.060908  -0.049266  -0.065783   0.054142
 157   0.002956   0.020350   0.009797  -0.033104
 158   0.029570  -0.038536   0.035566  -0.026600
 159   0.056395  -0.003305  -0.101548   0.048459
 160  -0.027092  -0.043075   0.019822   0.050346
 161   0.012919   0.025155   0.017656  -0.055730
 162   0.000457   0.036637   0.000771  -0.037865
 163   0.056662  -0.015851   0.009784  -0.050595
 164  -0.013196   0.037126   0.002125  -0.026055
 165   0.057654  -0.018973  -0.032720  -0.005961
 166   0.039628  -0.036932   0.021038  -0.023733
 167   0.039207  -0.008543  -0.032054   0.001390
 168   0.027639   0.009082  -0.026706  -0.010015
 169  -0.098450   0.021590   0.051964   0.024896
 170   0.028739  -0.011337  -0.033943   0.016541
 171   0.031925  -0.076207   0.003579   0.040703
 172   0.059074  -0.063547  -0.010873   0.015346
 173   0.045284   0.002869  -0.022879  -0.025274
 174   0.009189  -0.041700   0.032911  -0.000399
 175  -0.036174   0.042247   0.024474  -0.030547
 176   0.078167  -0.061601  -0.010931  -0.005635
 177   0.059226  -0.076021   0.033925  -0.017129
 178   0.030084   0.071409  -0.078634  -0.022859
 179   0.004911  -0.008739   0.008690  -0.004862
