pos      val_A      val_C      val_G      val_T
   0   0.002504   0.015580   0.001124  -0.019207
   1   0.014120  -0.015890   0.015689  -0.013920
   2   0.023637   0.019220  -0.042238  -0.000619
   3  -0.014931   0.033026  -0.021810   0.003715
   4   0.020889  -0.016738  -0.012192   0.008041
   5  -0.047059   0.028591   0.019600  -0.001132
   6   0.004680   0.006165  -0.018317   0.007472
   7  -0.005253  -0.010013   0.011332   0.003934
   8   0.011561  -0.039075   0.036353  -0.008840
   9  -0.000722  -0.018796   0.019453   0.000065
  10  -0.027891  -0.003301   0.001437   0.029755
  11   0.019952  -0.022502   0.004846  -0.002297
  12  -0.010693   0.013944   0.002268  -0.005519
  13   0.006451   0.010528  -0.013881  -0.003098
  14   0.028532  -0.037462   0.033482  -0.024552
  15   0.029971  -0.015026  -0.012714  -0.002230
  16  -0.017282   0.025211   0.003255  -0.011184
  17   0.015337  -0.004751  -0.022545   0.011959
  18  -0.026865   0.024098   0.010415  -0.007648
  19   0.004036  -0.013065  -0.009645   0.018675
  20   0.039917  -0.020593  -0.008472  -0.010853
  21   0.004977  -0.015811  -0.006378   0.017212
  22   0.012799   0.013140  -0.011276  -0.014662
  23  -0.007764  -0.021583  -0.013223   0.042570
  24   0.006418   0.067892  -0.025757  -0.048553
  25   0.004998   0.026155  -0.027006  -0.004148
  26  -0.004612   0.028844  -0.010975  -0.013258
  27  -0.029746  -0.023251   0.018280   0.034717
  28   0.011999  -0.044254   0.026254   0.006002
  29   0.025533  -0.008037   0.026330  -0.043826
  30   0.017800  -0.012465   0.011326  -0.016661
  31   0.009618  -0.012788   0.021636  -0.018465
  32  -0.035685   0.040470   0.031876  -0.036661
  33  -0.006194  -0.028834   0.006741   0.028288
  34  -0.008225  -0.004468  -0.026707   0.039399
  35   0.021364   0.009409   0.002279  -0.033051
  36  -0.013673   0.014258  -0.005523   0.004938
  37  -0.029386   0.045378  -0.005964  -0.010027
  38  -0.028539   0.031100  -0.007798   0.005237
  39  -0.004864   0.008522   0.026464  -0.030122
  40  -0.027884  -0.004245   0.035183  -0.003054
  41  -0.008328   0.044703  -0.036506   0.000132
  42   0.012214  -0.018700   0.036918  -0.030433
  43   0.012719  -0.019699  -0.036911   0.043891
  44  -0.001738  -0.009733   0.020704  -0.009233
  45  -0.014323   0.004820   0.007800   0.001704
  46  -0.017349   0.014251  -0.014974   0.018072
  47   0.031672  -0.012057   0.020080  -0.039695
  48   0.003575  -0.039441   0.008532   0.027334
  49  -0.015559   0.016209  -0.024422   0.023772
  50  -0.016382  -0.006886  -0.005124   0.028391
  51   0.023341   0.002672  -0.009035  -0.016978
  52  -0.036125   0.001854  -0.002473   0.036744
  53  -0.027542  -0.008809   0.030693   0.005659
  54   0.003467  -0.018028  -0.009079   0.023640
  55   0.042181  -0.003055  -0.028206  -0.010920
  56   0.013574   0.000383  -0.006816  -0.007140
  57   0.021224   0.003365   0.025362  -0.049952
  58   0.004718   0.006673  -0.002912  -0.008479
  59   0.036035   0.001162  -0.006720  -0.030477
  60   0.020423  -0.004484  -0.018909   0.002971
  61   0.022749   0.002051  -0.017554  -0.007245
  62   0.020984   0.020329  -0.009860  -0.031453
  63  -0.030035   0.033968  -0.019043   0.015111
  64   0.010419  -0.003479  -0.010412   0.003471
  65  -0.002074  -0.021211   0.013638   0.009647
  66   0.007030  -0.037544  -0.001618   0.032131
  67  -0.040289   0.027017   0.011486   0.001786
  68  -0.015848   0.017994  -0.038356   0.036210
  69   0.008731  -0.006087   0.005647  -0.008291
  70   0.026937  -0.013700  -0.016856   0.003619
  71   0.022829  -0.034809  -0.003499   0.015480
  72   0.024780  -0.027991  -0.036329   0.039539
  73   0.026215  -0.010054  -0.010405  -0.005755
  74  -0.008037  -0.008739  -0.002442   0.019218
  75   0.005311   0.015760  -0.028084   0.007013
  76   0.034556  -0.011834   0.014669  -0.037392
  77  -0.050917   0.007930   0.003452   0.039535
  78  -0.048316  -0.055279  -0.031914   0.135509
  79   0.023164  -0.062505  -0.014818   0.054159
  80  -0.043799  -0.088500   0.088422   0.043877
  81   0.021782  -0.001040  -0.035596   0.014853
  82   0.007353   0.057970  -0.044627  -0.020696
  83   0.039717  -0.050248  -0.037390   0.047920
  84   0.017238  -0.008424  -0.005649  -0.003165
  85   0.018777  -0.021031  -0.009261   0.011514
  86   0.041136  -0.029118  -0.000558  -0.011460
  87   0.018224  -0.029033  -0.002054   0.012864
  88  -0.045976   0.009850   0.036496  -0.000370
  89   0.045597  -0.038213   0.014904  -0.022288
  90  -0.004891  -0.016561  -0.002129   0.023581
  91   0.025868  -0.009217   0.019791  -0.036441
  92  -0.040642   0.003741   0.029442   0.007460
  93   0.020107  -0.044406   0.000585   0.023715
  94  -0.021604  -0.035956   0.017816   0.039744
  95  -0.008696  -0.014515  -0.019396   0.042606
  96  -0.025447   0.028960  -0.046460   0.042947
  97   0.006737  -0.030322   0.085631  -0.062047
  98  -0.040950  -0.052345  -0.011816   0.105111
  99  -0.038432  -0.030622   0.154728  -0.085674
 100  -0.013748  -0.022783   0.032639   0.003892
 101  -0.008737  -0.067290  -0.043367   0.119394
 102   0.146929  -0.043092  -0.062637  -0.041200
 103  -0.013758  -0.015131  -0.024885   0.053773
 104   0.014423   0.014704   0.016391  -0.045519
 105   0.051585   0.064690   0.040982  -0.157257
 106  -0.000648  -0.048061  -0.030145   0.078854
 107   0.066472  -0.034294   0.018077  -0.050256
 108   0.056828  -0.031005   0.005199  -0.031022
 109   0.015206  -0.002828  -0.000336  -0.012041
 110   0.025810  -0.024755   0.018277  -0.019332
 111  -0.034389   0.033743  -0.005331   0.005976
 112  -0.030843  -0.024574  -0.033615   0.089032
 113  -0.010390  -0.013949   0.032616  -0.008278
 114  -0.006973   0.029127  -0.040629   0.018474
 115   0.013403  -0.014128   0.008835  -0.008110
 116  -0.053533   0.000619   0.042694   0.010221
 117  -0.006998   0.024008  -0.028706   0.011696
 118   0.009300  -0.011375   0.033677  -0.031602
 119  -0.010607  -0.007016   0.015335   0.002288
 120   0.022694  -0.015514  -0.013152   0.005972
 121   0.016967  -0.031460  -0.001693   0.016186
 122  -0.020058   0.005416   0.002334   0.012308
 123   0.034128  -0.011225  -0.052364   0.029461
 124   0.019548  -0.023157  -0.006696   0.010305
 125  -0.010029   0.021690  -0.019639   0.007978
 126   0.013573  -0.000844  -0.005770  -0.006959
 127   0.001519   0.011596  -0.004086  -0.009029
 128  -0.026987   0.005789   0.023568  -0.002370
 129   0.020686  -0.041972   0.007405   0.013882
 130  -0.012606  -0.025534   0.045444  -0.007304
 131  -0.031664  -0.021035   0.051033   0.001666
 132  -0.007735  -0.013396  -0.025791   0.046922
 133  -0.017679  -0.014732   0.063371  -0.030961
 134  -0.005045  -0.014771  -0.005640   0.025456
 135  -0.028479   0.009291   0.015021   0.004167
 136   0.021739  -0.000926   0.005060  -0.025873
 137   0.004590  -0.035001   0.002003   0.028408
 138   0.044466  -0.016889  -0.005034  -0.022543
 139   0.049999  -0.023589  -0.022005  -0.004405
 140   0.003550  -0.025306   0.017889   0.003867
 141  -0.001879  -0.012909   0.020368  -0.005581
 142   0.002501  -0.033019   0.001601   0.028917
 143   0.000407   0.027841  -0.014037  -0.014212
 144   0.001308  -0.002045   0.001937  -0.001200
 145   0.090725  -0.018270  -0.047914  -0.024541
 146   0.017322  -0.003060  -0.009381  -0.004881
 147  -0.001348   0.026995  -0.025842   0.000195
 148   0.035062  -0.018376  -0.008316  -0.008370
 149   0.028760  -0.034917  -0.015818   0.021975
 150  -0.005812  -0.001004  -0.028142   0.034958
 151   0.001731  -0.021543   0.025214  -0.005403
 152  -0.013009  -0.014327   0.018229   0.009107
 153  -0.017017   0.003753   0.011481   0.001783
 154  -0.015113   0.016871  -0.005247   0.003489
 155  -0.003783  -0.012242   0.008836   0.007188
 156  -0.000753   0.023821   0.007246  -0.030314
 157   0.019693  -0.011124  -0.005966  -0.002603
 158  -0.000692  -0.016264   0.006560   0.010396
 159   0.017337  -0.009117   0.010885  -0.019105
 160   0.030256   0.013377  -0.018841  -0.024792
 161  -0.000925   0.004026   0.007355  -0.010455
 162  -0.000690   0.012099  -0.010720  -0.000689
 163   0.019408  -0.006092  -0.007062  -0.006254
 164   0.011838  -0.012249   0.007043  -0.006632
 165  -0.012482  -0.000795   0.007788   0.005489
 166   0.011660   0.008714  -0.018635  -0.001739
 167   0.028587  -0.005070  -0.019395  -0.004123
 168   0.014280  -0.008761  -0.013855   0.008336
 169   0.006271  -0.010444  -0.012412   0.016585
 170   0.005150  -0.008772  -0.011505   0.015128
 171   0.004334  -0.013676   0.009810  -0.000468
 172  -0.000006   0.005427  -0.007653   0.002232
 173   0.007403   0.013259  -0.026541   0.005879
 174   0.020588  -0.019027  -0.011128   0.009567
 175   0.032081  -0.011876  -0.014850  -0.005354
 176   0.001434  -0.010590  -0.008981   0.018136
 177   0.009015  -0.009547  -0.032303   0.032834
 178  -0.001834   0.004273  -0.005091   0.002652
 179  -0.000167   0.018354  -0.024536   0.006349
