pos          info
        0  3.276824e-05
        1  3.089100e-05
        2  2.876647e-05
        3 -8.394359e-06
        4  7.500322e-06
        5 -1.001965e-04
        6 -5.891376e-05
        7 -4.125716e-05
        8  8.561945e-05
        9  7.866675e-05
       10  6.318486e-05
       11  1.264447e-05
       12  2.006029e-05
       13  2.551642e-05
       14  4.165297e-06
       15  7.469214e-05
       16  5.638246e-05
       17  9.475213e-06
       18  2.185746e-05
       19  7.724596e-07
       20  6.090404e-05
       21 -1.769750e-05
       22 -2.716452e-06
       23  2.652008e-05
       24  2.277818e-05
       25  2.848431e-05
       26  2.219821e-06
       27 -1.154844e-05
       28 -1.525994e-05
       29  1.478625e-05
       30  2.953499e-05
       31  2.988029e-05
       32  8.656887e-06
       33  4.791764e-06
       34 -1.221639e-05
       35 -1.195508e-05
       36 -1.753016e-05
       37  7.638197e-06
       38  2.126298e-06
       39  2.797358e-06
       40 -8.450894e-06
       41  7.734364e-06
       42  1.851359e-05
       43 -2.803388e-05
       44  2.591038e-05
       45  3.515162e-05
       46  8.272183e-05
       47  7.153931e-06
       48  1.028199e-05
       49  3.307626e-05
       50  4.006025e-05
       51 -5.021430e-05
       52 -6.334226e-05
       53 -1.639123e-04
       54 -8.512106e-05
       55 -8.817683e-05
       56  8.390390e-06
       57  4.040016e-07
       58  7.316089e-05
       59  7.758055e-05
       60  1.255298e-04
       61  7.180152e-05
       62  7.217416e-05
       63 -3.789689e-05
       64 -7.375867e-05
       65  8.616542e-05
       66  1.719860e-04
       67  1.902452e-04
       68  4.123489e-05
       69  5.644082e-05
       70  9.256967e-05
       71  7.906576e-05
       72  1.092013e-04
       73  2.328709e-06
       74  2.587705e-05
       75 -5.395876e-05
       76  1.719869e-05
       77 -4.527827e-06
       78 -1.954243e-04
       79 -3.414163e-04
       80 -2.947540e-04
       81 -2.391968e-04
       82 -3.494494e-04
       83 -3.843280e-04
       84 -2.878531e-04
       85 -3.088327e-05
       86 -6.743303e-05
       87  1.949976e-05
       88 -7.232774e-04
       89 -8.595067e-04
       90 -1.038515e-03
       91 -2.670110e-04
       92 -7.783810e-06
       93  1.757888e-04
       94  9.609172e-05
       95 -2.784149e-04
       96 -4.161068e-04
       97 -3.739538e-04
       98 -1.088384e-04
       99 -1.178008e-05
      100 -6.357169e-06
      101  6.852769e-05
      102  7.508408e-06
      103 -1.035056e-04
      104 -3.250916e-04
      105 -4.456979e-04
      106 -3.479208e-04
      107 -7.033598e-05
      108  2.527886e-04
      109  2.717607e-04
      110  2.341982e-04
      111  1.037768e-03
      112  1.024489e-03
      113  9.482535e-04
      114 -1.072100e-05
      115 -7.234787e-05
      116 -3.077647e-04
      117 -2.476764e-04
      118 -1.845405e-04
      119  5.278584e-05
      120  4.964264e-05
      121  8.157390e-05
      122  2.352651e-04
      123  1.934962e-04
      124  2.166210e-04
      125  9.936996e-05
      126  1.372703e-04
      127  8.472777e-05
      128  5.471299e-05
      129  5.983170e-05
      130 -6.757382e-05
      131 -4.343636e-05
      132 -4.922417e-05
      133  7.034678e-05
      134 -1.127791e-05
      135 -4.871782e-05
      136 -3.156891e-05
      137 -3.641280e-05
      138 -3.471193e-05
      139 -3.323006e-05
      140  4.133082e-05
      141  5.540670e-05
      142  1.315851e-04
      143  1.154942e-04
      144  9.418352e-05
      145  1.994833e-06
      146  3.414475e-05
      147  4.566693e-05
      148  4.333512e-05
      149  8.776602e-05
      150  2.362064e-05
      151  8.524792e-05
      152  3.576447e-05
      153  9.146090e-05
      154  1.168334e-05
      155 -2.668899e-05
      156 -4.505335e-05
      157  0.000000e+00
      158  0.000000e+00
      159  0.000000e+00