pos          info
        0  2.052619e-05
        1 -2.219875e-05
        2 -1.213478e-04
        3  5.417940e-06
        4 -9.936375e-06
        5  1.208392e-04
        6  2.985670e-05
        7  5.658271e-05
        8 -3.528170e-07
        9 -1.508018e-04
       10 -1.710202e-04
       11  5.847262e-05
       12 -1.123885e-04
       13  2.042579e-05
       14  9.289647e-06
       15 -8.233475e-06
       16  4.721741e-05
       17 -3.790957e-05
       18 -3.134310e-05
       19  1.210260e-04
       20 -1.011022e-04
       21  3.438897e-05
       22  6.091320e-07
       23 -1.771983e-05
       24  1.883948e-05
       25 -9.029233e-05
       26 -5.865141e-05
       27 -1.012325e-05
       28  7.313369e-05
       29  7.010798e-05
       30 -2.467984e-05
       31 -8.200547e-05
       32 -2.400587e-04
       33  1.118345e-05
       34  2.647788e-06
       35 -1.828741e-05
       36  2.886197e-04
       37  2.388431e-08
       38  3.723950e-05
       39  8.775933e-06
       40 -2.606323e-05
       41  5.180818e-05
       42 -1.480051e-05
       43 -3.211165e-07
       44 -2.204218e-07
       45  1.803177e-05
       46 -4.608961e-05
       47 -7.151601e-05
       48 -5.190620e-05
       49  9.964619e-06
       50 -6.530805e-05
       51 -4.925918e-06
       52  4.543276e-05
       53  3.972953e-04
       54  3.188716e-06
       55  1.021152e-04
       56 -4.696163e-04
       57  2.956847e-06
       58  6.989927e-06
       59  3.020825e-05
       60 -2.352971e-04
       61 -4.091491e-05
       62 -5.656570e-04
       63  2.667006e-06
       64 -1.296126e-04
       65  1.883313e-04
       66  4.631735e-05
       67 -4.605321e-04
       68 -1.787165e-04
       69 -5.339814e-06
       70  4.093751e-09
       71 -7.694156e-06
       72 -1.887639e-04
       73 -7.108852e-08
       74 -1.701808e-04
       75  2.748700e-04
       76  3.942498e-06
       77  2.064004e-04
       78 -3.338857e-06
       79 -7.380521e-06
       80  4.642452e-05
       81  2.707902e-04
       82 -6.748518e-05
       83  4.467997e-04
       84  1.522568e-03
       85  6.974053e-04
       86  1.584464e-04
       87 -7.136871e-05
       88  1.317935e-04
       89  1.017415e-05
       90  4.084567e-03
       91  1.902805e-03
       92  2.667384e-03
       93 -1.975974e-04
       94 -6.542706e-04
       95 -1.716942e-04
       96  2.215963e-05
       97  3.861978e-04
       98  6.026957e-04
       99 -5.873170e-05
      100  1.476054e-04
      101 -2.832526e-06
      102 -4.506164e-05
      103 -5.847038e-06
      104  3.283010e-04
      105  9.096824e-04
      106  5.109769e-04
      107  1.657472e-03
      108  2.309276e-05
      109 -2.838861e-04
      110 -4.939288e-05
      111 -6.567700e-04
      112 -1.123396e-03
      113 -3.089770e-03
      114  8.063372e-05
      115 -2.121422e-04
      116  3.549157e-04
      117  1.198507e-03
      118  2.389078e-03
      119 -3.518298e-04
      120 -1.846882e-04
      121 -8.424443e-06
      122 -2.487409e-04
      123 -3.706970e-06
      124 -4.246849e-04
      125 -1.744674e-05
      126  2.285335e-05
      127 -8.672926e-05
      128 -5.155721e-06
      129  1.023013e-04
      130 -1.692075e-04
      131 -1.779946e-04
      132  3.110148e-04
      133 -1.122491e-04
      134 -2.056111e-04
      135 -1.876002e-06
      136  1.084367e-04
      137  1.963395e-05
      138 -6.353641e-05
      139  2.333987e-06
      140 -1.591267e-04
      141 -2.330817e-07
      142 -9.177351e-05
      143 -9.890497e-05
      144 -3.593590e-04
      145 -5.896500e-05
      146  1.451270e-05
      147  8.229446e-05
      148 -1.815558e-04
      149  4.067173e-05
      150 -1.345220e-05
      151 -4.001853e-04
      152  2.798253e-04
      153 -1.055899e-04
      154 -1.709455e-04
      155  1.388807e-04
      156  8.431924e-05
      157  2.966088e-04
      158 -3.054984e-07
      159  1.439858e-07