pos          info
        0  3.841711e-06
        1  4.955015e-06
        2  2.632866e-05
        3  9.087473e-09
        4  1.842225e-04
        5 -4.176396e-05
        6  4.685383e-08
        7 -6.606787e-05
        8  1.445278e-05
        9  2.252677e-04
       10  2.165757e-04
       11 -1.401826e-04
       12  9.495868e-05
       13  2.108231e-06
       14  1.664726e-05
       15  2.841030e-05
       16 -5.607147e-05
       17  4.887323e-06
       18  4.285321e-05
       19 -2.026384e-04
       20  3.738414e-05
       21 -5.700328e-05
       22 -1.500963e-06
       23  7.923475e-06
       24  1.283413e-05
       25 -4.376335e-07
       26  2.011006e-06
       27  1.594083e-05
       28 -4.822772e-05
       29 -8.595705e-05
       30  3.463347e-05
       31  1.191536e-05
       32  6.891289e-05
       33 -5.925854e-05
       34 -5.054161e-05
       35  3.531770e-05
       36 -2.643256e-04
       37 -3.621333e-06
       38 -2.144082e-05
       39 -1.731550e-06
       40  5.814518e-06
       41 -2.368601e-05
       42 -2.256002e-05
       43 -1.264259e-06
       44 -3.322083e-05
       45  3.928699e-08
       46  1.349876e-04
       47  1.134903e-04
       48 -4.670945e-06
       49 -2.069182e-04
       50  4.734105e-05
       51  3.554734e-05
       52 -5.556324e-06
       53 -4.541710e-04
       54  7.659756e-06
       55 -1.405205e-04
       56  6.141931e-04
       57 -7.801416e-07
       58  2.701928e-05
       59 -1.667296e-05
       60  2.755543e-04
       61  3.204610e-06
       62  4.022118e-04
       63 -6.763590e-06
       64  8.088774e-05
       65 -2.266428e-04
       66  5.994196e-07
       67  3.307929e-04
       68  2.341309e-04
       69  1.390726e-06
       70  2.426391e-05
       71  8.412319e-06
       72  2.233314e-04
       73 -9.676756e-05
       74  5.115757e-04
       75 -8.174766e-05
       76 -1.054983e-05
       77 -2.657673e-04
       78  1.549543e-05
       79 -5.994389e-07
       80 -1.658792e-04
       81 -6.302241e-04
       82  1.027010e-04
       83 -4.073719e-04
       84 -1.975033e-03
       85 -1.052613e-03
       86 -2.266174e-06
       87  4.081223e-05
       88 -7.447505e-05
       89  1.059669e-05
       90 -3.150406e-03
       91 -1.241065e-03
       92 -1.695237e-03
       93  2.098096e-04
       94  5.765311e-04
       95  8.079384e-06
       96 -2.483485e-05
       97 -4.953482e-04
       98 -4.779558e-04
       99  3.104508e-05
      100 -1.155874e-04
      101  1.201634e-04
      102  1.210618e-05
      103  3.752283e-05
      104 -6.048931e-04
      105 -5.610393e-04
      106 -2.892144e-04
      107 -1.334391e-03
      108 -6.578397e-05
      109  5.720999e-04
      110  1.196166e-04
      111  9.537646e-04
      112  8.550875e-04
      113  3.053116e-03
      114 -2.200325e-04
      115  2.640751e-04
      116 -3.607987e-04
      117 -8.619026e-04
      118 -1.877884e-03
      119  3.248315e-04
      120  5.303500e-05
      121 -3.923562e-07
      122  9.731011e-05
      123  1.403701e-06
      124  6.896218e-04
      125  1.015709e-07
      126 -5.412025e-05
      127  2.702632e-05
      128 -3.816199e-05
      129 -9.195862e-06
      130  2.082985e-05
      131  1.809802e-04
      132 -7.694175e-05
      133  1.759447e-05
      134  3.934377e-05
      135  1.970313e-05
      136 -1.022062e-04
      137 -3.112582e-07
      138  1.471847e-04
      139  7.688192e-07
      140  1.335903e-04
      141 -2.377959e-05
      142  9.314818e-05
      143  1.494377e-04
      144  4.546769e-04
      145  5.005022e-05
      146 -3.398214e-05
      147 -4.696377e-05
      148  5.392431e-05
      149 -2.231004e-04
      150  6.260638e-05
      151  6.237046e-04
      152 -2.787031e-04
      153  7.618140e-05
      154  1.378078e-04
      155 -2.402429e-05
      156 -3.786197e-08
      157 -1.686644e-04
      158 -1.836019e-05
      159  8.370126e-05