pos          info
        0 -6.333645e-06
        1 -2.246249e-04
        2 -5.700253e-06
        3 -1.771875e-04
        4 -4.588141e-05
        5 -8.429109e-06
        6  3.404378e-08
        7 -9.405755e-06
        8 -3.179957e-06
        9  4.403912e-05
       10  1.363740e-07
       11 -2.347242e-05
       12  3.954338e-06
       13  5.965240e-07
       14  2.237159e-04
       15 -7.520878e-05
       16  2.759642e-05
       17 -2.037286e-05
       18 -3.962595e-05
       19 -7.913737e-05
       20  1.023756e-04
       21 -1.018402e-07
       22 -2.163314e-06
       23  3.022634e-05
       24  1.765347e-06
       25  6.023972e-05
       26 -8.530981e-07
       27 -8.598196e-07
       28  2.611375e-04
       29  1.451069e-04
       30 -5.496271e-05
       31 -1.560533e-04
       32 -1.176419e-07
       33  2.634866e-04
       34 -1.042286e-04
       35  3.104100e-05
       36  4.937164e-05
       37  6.009976e-05
       38  1.886051e-04
       39  1.531700e-04
       40 -1.029959e-05
       41 -1.563085e-06
       42  3.997482e-05
       43 -8.698786e-08
       44 -2.279844e-05
       45 -4.033407e-04
       46 -2.209221e-05
       47  2.009928e-04
       48 -4.359379e-05
       49 -7.718173e-05
       50 -3.922614e-04
       51  1.955043e-04
       52  1.057862e-04
       53 -1.838622e-05
       54  4.692864e-06
       55  2.461127e-05
       56 -1.612727e-05
       57  2.859713e-04
       58  3.016076e-06
       59 -2.599513e-05
       60  9.431279e-06
       61  4.722351e-04
       62  1.788473e-03
       63  1.289454e-03
       64  1.384129e-03
       65  1.328753e-03
       66  3.870557e-04
       67 -3.084535e-04
       68 -1.054757e-04
       69 -9.966014e-06
       70  7.392868e-05
       71  3.715307e-06
       72  4.872039e-06
       73 -2.280698e-05
       74  5.841403e-05
       75 -7.171701e-06
       76  4.688875e-05
       77  2.308204e-05
       78  1.841971e-05
       79  7.881430e-05
       80  5.676849e-06
       81  3.552767e-03
       82  1.701638e-04
       83  2.349753e-04
       84 -2.770762e-03
       85  3.771185e-04
       86 -3.813982e-05
       87  2.228091e-03
       88  9.439907e-04
       89  1.702198e-03
       90 -8.959556e-07
       91 -1.374037e-04
       92 -4.233720e-05
       93  1.168572e-04
       94 -1.000931e-04
       95  5.189849e-04
       96 -2.524560e-07
       97  1.088866e-05
       98  1.564849e-05
       99  2.939236e-07
      100 -5.716251e-06
      101 -5.631875e-04
      102 -2.878070e-04
      103 -7.588533e-04
      104  9.478589e-04
      105  1.564549e-03
      106  4.154191e-04
      107  4.995625e-04
      108  9.540663e-04
      109  3.791319e-04
      110  9.847970e-05
      111  1.991302e-04
      112  1.654713e-04
      113  2.652569e-05
      114  1.259138e-07
      115 -4.866990e-05
      116 -2.553166e-05
      117  1.350476e-04
      118  4.724879e-05
      119 -6.007745e-05
      120 -1.390225e-04
      121  2.674310e-06
      122  2.840641e-06
      123  7.839328e-06
      124  5.662969e-06
      125  6.447978e-05
      126 -4.922593e-05
      127  5.639833e-06
      128 -9.664259e-05
      129 -1.036467e-07
      130  1.850621e-05
      131  1.388532e-05
      132 -7.333131e-06
      133  3.818707e-06
      134  8.750724e-06
      135 -6.527834e-05
      136  1.367669e-04
      137 -3.074493e-04
      138  3.221243e-07
      139 -3.387377e-04
      140  1.888452e-04
      141 -9.170824e-06
      142 -6.672443e-05
      143  1.338672e-04
      144  8.571620e-05
      145 -1.740432e-04
      146 -8.522290e-06
      147 -7.024318e-06
      148 -1.017876e-05
      149  3.506323e-05
      150 -1.385665e-04
      151 -7.403232e-08
      152  3.947092e-05
      153 -1.239620e-04
      154  2.184319e-05
      155  6.224994e-05
      156  3.164687e-05
      157  6.634867e-05
      158  3.467848e-04
      159 -2.295170e-06