pos          info
        0 -7.786800e-05
        1 -1.277491e-04
        2 -6.711813e-05
        3 -7.157594e-05
        4 -2.046848e-05
        5 -6.099224e-06
        6 -1.790090e-06
        7  5.342062e-06
        8  6.824253e-06
        9  2.869293e-07
       10 -5.413983e-06
       11 -4.682674e-06
       12  8.909934e-05
       13  6.389896e-05
       14  7.480532e-05
       15 -1.825428e-05
       16 -9.485242e-06
       17 -4.535707e-05
       18 -8.375964e-06
       19  6.569476e-06
       20  3.065860e-05
       21  6.574908e-06
       22  6.972059e-06
       23  2.219483e-05
       24  1.540722e-05
       25  1.494036e-05
       26  7.436231e-05
       27  1.185087e-04
       28  9.832346e-05
       29 -3.088429e-05
       30 -7.539164e-05
       31  2.887342e-05
       32  5.147772e-05
       33  6.132488e-05
       34 -5.828365e-06
       35  4.970080e-05
       36  9.137142e-05
       37  1.248216e-04
       38  9.999424e-05
       39  4.793912e-05
       40  1.178620e-05
       41  1.266226e-05
       42  3.584642e-06
       43 -1.436419e-04
       44 -1.502415e-04
       45 -7.371624e-05
       46  4.884382e-05
       47  3.522958e-05
       48 -1.563185e-04
       49 -7.479072e-05
       50 -1.259186e-05
       51  1.042998e-04
       52  3.875458e-05
       53  3.689839e-06
       54  6.266784e-06
       55  1.005042e-04
       56  9.514148e-05
       57  9.362026e-05
       58 -3.088418e-06
       59  1.406307e-04
       60  7.290615e-04
       61  1.175927e-03
       62  1.513465e-03
       63  1.370071e-03
       64  1.031896e-03
       65  4.427677e-04
       66 -3.115336e-05
       67 -1.455983e-04
       68 -2.109293e-05
       69  1.590716e-05
       70  2.067196e-05
       71 -3.759559e-06
       72  2.111305e-05
       73  1.770899e-05
       74  4.043467e-05
       75  2.136864e-05
       76  2.934875e-05
       77  3.433478e-05
       78  2.804980e-05
       79  1.193042e-03
       80  1.242293e-03
       81  1.313965e-03
       82 -8.058306e-04
       83 -7.539346e-04
       84 -8.359730e-04
       85  8.637833e-04
       86  1.058814e-03
       87  1.628823e-03
       88  8.767065e-04
       89  5.234428e-04
       90 -4.811793e-05
       91  1.043873e-06
       92  5.746659e-06
       93  1.778211e-04
       94  1.292229e-04
       95  1.646740e-04
       96  9.308650e-06
       97  9.378388e-06
       98  4.776729e-06
       99 -1.905711e-04
      100 -2.900905e-04
      101 -5.546567e-04
      102 -4.512789e-05
      103  5.366880e-04
      104  9.283846e-04
      105  7.592099e-04
      106  5.912598e-04
      107  5.912507e-04
      108  4.758889e-04
      109  2.231128e-04
      110  1.474417e-04
      111  1.211476e-04
      112  5.957724e-05
      113 -1.125184e-05
      114 -2.660380e-05
      115  1.286749e-05
      116  4.561962e-05
      117  3.213664e-05
      118 -5.600911e-05
      119 -6.711441e-05
      120 -4.562717e-05
      121  5.196664e-06
      122  4.304933e-06
      123  2.731757e-05
      124  1.093784e-05
      125  1.307188e-05
      126 -5.056848e-05
      127 -3.629673e-05
      128 -3.615384e-05
      129  7.710445e-06
      130  5.929432e-06
      131  2.913702e-06
      132  1.311131e-06
      133 -2.017304e-05
      134  2.958593e-05
      135 -9.074485e-05
      136 -6.689174e-05
      137 -2.186783e-04
      138 -4.264024e-05
      139 -4.827277e-05
      140  2.995868e-05
      141  1.224319e-05
      142  3.369810e-05
      143  2.476493e-06
      144 -4.369884e-05
      145 -6.203491e-05
      146 -1.076610e-05
      147  8.607647e-06
      148 -4.200626e-05
      149 -3.848785e-05
      150 -3.978553e-05
      151 -3.146739e-05
      152 -2.890787e-05
      153 -1.965527e-05
      154  3.396231e-05
      155  5.537741e-05
      156  1.515807e-04
      157  0.000000e+00
      158  0.000000e+00
      159  0.000000e+00