pos       info
        0  -0.000011
        1  -0.000398
        2  -0.000502
        3  -0.000542
        4  -0.000164
        5  -0.000047
        6   0.000061
        7   0.000031
        8   0.000022
        9  -0.000070
       10  -0.000021
       11  -0.000007
       12   0.000056
       13   0.000040
       14   0.000064
       15   0.000013
       16  -0.000006
       17  -0.000041
       18  -0.000006
       19   0.000024
       20   0.000032
       21   0.000018
       22   0.000071
       23   0.000073
       24   0.000123
       25   0.000079
       26   0.000173
       27   0.000140
       28   0.000056
       29  -0.000052
       30  -0.000072
       31   0.000057
       32  -0.000008
       33  -0.000004
       34  -0.000051
       35   0.000074
       36   0.000108
       37   0.000094
       38   0.000032
       39  -0.000050
       40  -0.000035
       41  -0.000025
       42   0.000015
       43  -0.000082
       44  -0.000074
       45   0.000077
       46   0.000157
       47   0.000061
       48  -0.000164
       49  -0.000143
       50  -0.000029
       51   0.000035
       52   0.000074
       53   0.000043
       54   0.000051
       55   0.000041
       56   0.000065
       57   0.000070
       58   0.000032
       59   0.000273
       60   0.001109
       61   0.001431
       62   0.001738
       63   0.001357
       64   0.001486
       65   0.000895
       66   0.000395
       67  -0.000044
       68   0.000013
       69   0.000056
       70   0.000100
       71   0.000072
       72   0.000110
       73   0.000061
       74   0.000058
       75   0.000094
       76   0.000133
       77   0.000262
       78   0.000174
       79   0.001086
       80   0.001002
       81   0.001066
       82  -0.002157
       83  -0.002058
       84  -0.002272
       85   0.000617
       86   0.000645
       87   0.001344
       88   0.000777
       89   0.000548
       90  -0.000085
       91  -0.000152
       92  -0.000121
       93   0.000100
       94   0.000099
       95   0.000281
       96   0.000160
       97   0.000135
       98  -0.000029
       99  -0.000474
      100  -0.000754
      101  -0.000890
      102  -0.000420
      103  -0.000003
      104   0.000143
      105   0.000159
      106   0.000247
      107   0.000282
      108   0.000230
      109   0.000123
      110   0.000113
      111   0.000120
      112   0.000016
      113  -0.000028
      114  -0.000036
      115   0.000047
      116   0.000159
      117   0.000158
      118   0.000088
      119   0.000005
      120   0.000040
      121   0.000052
      122   0.000009
      123  -0.000005
      124   0.000003
      125   0.000030
      126   0.000011
      127  -0.000021
      128  -0.000004
      129   0.000050
      130   0.000057
      131   0.000025
      132  -0.000023
      133  -0.000020
      134   0.000065
      135  -0.000118
      136  -0.000116
      137  -0.000486
      138  -0.000248
      139  -0.000248
      140  -0.000041
      141  -0.000088
      142   0.000009
      143   0.000078
      144   0.000021
      145  -0.000140
      146  -0.000112
      147  -0.000097
      148  -0.000031
      149  -0.000038
      150   0.000095
      151   0.000070
      152   0.000082
      153  -0.000016
      154  -0.000034
      155  -0.000011
      156   0.000004
      157   0.000000
      158   0.000000
      159   0.000000