pos          info
        0  1.452761e-05
        1  2.917918e-05
        2  1.335874e-06
        3  5.932671e-04
        4  1.280874e-04
        5  7.928316e-05
        6 -1.664964e-05
        7 -3.937402e-05
        8 -3.963503e-04
        9  7.621701e-05
       10  8.506162e-06
       11  8.765055e-05
       12 -1.148796e-04
       13 -1.037876e-04
       14 -6.079649e-05
       15 -7.834396e-05
       16 -6.531027e-05
       17  6.268646e-06
       18 -2.381574e-06
       19  1.614943e-04
       20  6.713900e-07
       21 -3.822177e-06
       22  1.613846e-07
       23 -5.418393e-05
       24 -1.283824e-05
       25  6.304403e-07
       26 -4.291105e-05
       27 -5.171109e-05
       28 -1.489086e-04
       29 -6.492386e-05
       30  1.066046e-04
       31  1.092973e-05
       32  1.941707e-05
       33 -5.107852e-04
       34  3.682295e-04
       35 -1.450147e-04
       36 -4.884891e-05
       37 -1.311186e-04
       38 -1.066124e-04
       39 -4.923819e-05
       40  7.868474e-05
       41  5.182244e-05
       42 -9.271056e-05
       43  1.221814e-05
       44  2.876474e-06
       45  1.364816e-04
       46  5.497658e-05
       47 -6.772465e-04
       48 -2.719601e-07
       49  7.452181e-05
       50  1.468604e-04
       51 -2.357644e-06
       52 -9.731383e-05
       53  8.823001e-05
       54 -1.283026e-04
       55  7.707039e-06
       56  2.387234e-04
       57 -9.200016e-06
       58 -3.251275e-05
       59  5.553478e-06
       60 -1.995878e-05
       61 -6.774535e-04
       62 -1.278091e-03
       63 -9.325365e-04
       64 -1.345166e-03
       65 -1.106890e-03
       66 -1.067947e-03
       67  9.880526e-05
       68  7.291258e-04
       69 -2.618098e-05
       70 -2.776712e-04
       71  6.560368e-06
       72 -4.991571e-04
       73  3.287570e-05
       74 -1.073732e-05
       75  2.038269e-04
       76 -2.678039e-05
       77 -3.461531e-04
       78 -7.698122e-05
       79 -1.887449e-04
       80  7.337985e-07
       81 -1.718954e-03
       82 -1.851555e-04
       83 -3.395523e-05
       84  7.718893e-03
       85 -2.528408e-04
       86  9.994394e-04
       87 -2.936529e-03
       88 -1.730067e-03
       89 -1.905170e-03
       90 -1.580894e-06
       91  4.532888e-04
       92  4.064412e-04
       93 -4.352873e-05
       94  5.042633e-05
       95 -7.440727e-04
       96 -7.143940e-06
       97 -4.119695e-04
       98 -2.644091e-04
       99  4.856254e-05
      100  1.032858e-04
      101  1.657436e-03
      102  5.133299e-04
      103  9.625698e-04
      104 -5.501817e-04
      105 -6.655345e-04
      106 -5.098130e-05
      107 -1.690425e-04
      108 -2.235681e-04
      109 -3.014150e-04
      110 -1.214790e-05
      111 -1.687735e-05
      112 -1.185118e-04
      113 -5.557919e-06
      114  3.261357e-05
      115 -5.095681e-07
      116 -2.693748e-06
      117 -4.045458e-05
      118 -2.104758e-04
      119  5.224664e-06
      120  1.538441e-05
      121 -6.368596e-06
      122 -5.811753e-05
      123  8.268395e-07
      124  2.689187e-06
      125 -2.996338e-05
      126  3.156322e-05
      127 -3.729659e-06
      128  9.176172e-05
      129  1.288521e-05
      130  7.552831e-06
      131 -1.247106e-05
      132  9.941734e-05
      133  2.218175e-06
      134 -3.297345e-06
      135  4.306032e-05
      136 -1.203118e-04
      137  3.660887e-04
      138 -2.295383e-05
      139  7.020125e-04
      140 -9.609980e-05
      141  2.268559e-05
      142  1.022372e-04
      143 -1.804339e-04
      144 -1.119827e-04
      145  5.023116e-04
      146  2.582797e-06
      147  9.492727e-05
      148 -1.774701e-04
      149 -8.544216e-05
      150  3.402491e-05
      151  2.823841e-05
      152  8.981051e-06
      153  1.237109e-04
      154 -6.297646e-05
      155 -9.788454e-05
      156  1.922840e-04
      157 -2.126864e-07
      158 -9.133300e-05
      159  2.084023e-04