pos       info
        0  -0.002529
        1  -0.011956
        2  -0.002694
        3   0.004579
        4   0.000148
        5   0.005011
        6   0.003050
        7  -0.010754
        8  -0.004300
        9  -0.013514
       10  -0.003038
       11  -0.001718
       12  -0.009101
       13  -0.004269
       14   0.007617
       15   0.001083
       16   0.009740
       17  -0.000130
       18  -0.005851
       19  -0.003308
       20  -0.007442
       21  -0.003100
       22  -0.008670
       23  -0.003119
       24   0.014087
       25  -0.002495
       26  -0.005975
       27  -0.012968
       28   0.000111
       29  -0.004253
       30  -0.000423
       31  -0.005673
       32  -0.002706
       33  -0.004893
       34   0.003270
       35   0.007232
       36   0.009354
       37   0.011182
       38   0.004369
       39   0.005870
       40  -0.009189
       41  -0.002419
       42  -0.006623
       43   0.004243
       44   0.005138
       45   0.004224
       46   0.001824
       47   0.013182
       48  -0.007083
       49  -0.005076
       50  -0.009360
       51   0.013845
       52   0.000636
       53  -0.007704
       54  -0.009171
       55  -0.003452
       56  -0.013357
       57   0.002674
       58  -0.002947
       59  -0.001962
       60  -0.010602
       61  -0.003620
       62  -0.001429
       63  -0.011718
       64   0.003684
       65   0.000307
       66  -0.015387
       67  -0.009156
       68   0.003194
       69  -0.001593
       70  -0.005320
       71  -0.004556
       72  -0.004689
       73  -0.001597
       74  -0.001166
       75  -0.000735
       76  -0.015373
       77   0.001628
       78   0.002178
       79   0.001533
       80  -0.002875
       81  -0.004926
       82  -0.001530
       83  -0.001575
       84  -0.010396
       85   0.001465
       86  -0.001043
       87  -0.003929
       88  -0.008233
       89  -0.002167
       90  -0.005577
       91  -0.005967
       92  -0.000786
       93   0.008105
       94   0.010304
       95   0.007991
       96   0.003186
       97  -0.007720
       98  -0.005172
       99  -0.007632
      100  -0.000496
      101  -0.014379
      102  -0.016372
      103   0.006281
      104  -0.017126
      105  -0.035938
      106  -0.016449
      107  -0.011870
      108  -0.004866
      109  -0.009319
      110  -0.000164
      111  -0.014970
      112  -0.022822
      113  -0.005308
      114  -0.017263
      115  -0.014543
      116  -0.014633
      117   0.002603
      118   0.004530
      119   0.019692
      120   0.015993
      121  -0.009160
      122   0.018714
      123   0.005255
      124   0.004370
      125   0.052728
      126  -0.010633
      127  -0.015182
      128  -0.024253
      129  -0.016658
      130  -0.027948
      131  -0.001655
      132  -0.027063
      133   0.001675
      134   0.010710
      135   0.037451
      136   0.006230
      137  -0.006133
      138  -0.000722
      139  -0.006767
      140   0.005396
      141   0.003850
      142   0.018692
      143   0.009235
      144   0.012949
      145   0.001309
      146  -0.004235
      147   0.004228
      148  -0.002096
      149  -0.003916
      150  -0.000917
      151  -0.009266
      152  -0.005140
      153  -0.012565
      154   0.006845
      155   0.009544
      156   0.020756
      157  -0.006606
      158  -0.002584
      159  -0.012648