pos      val_A      val_C      val_G      val_T
   0  -0.007846   0.019834  -0.005850  -0.006139
   1   0.018144   0.009319  -0.013215  -0.014247
   2  -0.015087  -0.011605  -0.078805   0.105496
   3   0.004052   0.006585  -0.022984   0.012347
   4   0.006763  -0.016330   0.024130  -0.014563
   5  -0.003979   0.001111  -0.016914   0.019781
   6   0.004090   0.002103   0.002981  -0.009174
   7  -0.016080   0.021726  -0.006760   0.001114
   8   0.014003   0.008215  -0.008918  -0.013299
   9   0.009235  -0.022033  -0.008205   0.021003
  10  -0.000390   0.008723  -0.004695  -0.003638
  11   0.011315  -0.020152   0.016198  -0.007361
  12   0.029595  -0.046239   0.008493   0.008151
  13   0.034072  -0.004854  -0.013824  -0.015394
  14   0.004019  -0.005949   0.015823  -0.013892
  15  -0.009569   0.005103  -0.020891   0.025357
  16   0.026174  -0.023556  -0.033923   0.031306
  17   0.005146  -0.015686   0.003138   0.007403
  18  -0.001513  -0.005244  -0.015268   0.022024
  19  -0.012535   0.019582   0.001271  -0.008318
  20   0.012662  -0.010322   0.006334  -0.008674
  21   0.003742  -0.018952  -0.015118   0.030327
  22  -0.002463   0.013456  -0.015335   0.004341
  23   0.014404   0.006007  -0.005869  -0.014542
  24   0.016938  -0.013209  -0.011190   0.007462
  25  -0.013881   0.038115  -0.017641  -0.006593
  26  -0.015502  -0.003406   0.014780   0.004128
  27  -0.006196   0.010678   0.002026  -0.006508
  28   0.007192  -0.016081   0.019614  -0.010724
  29  -0.015792  -0.009403   0.026999  -0.001804
  30   0.006872  -0.007631  -0.018013   0.018772
  31  -0.007607   0.020928   0.009291  -0.022612
  32  -0.004534   0.017469   0.004431  -0.017366
  33  -0.017479   0.016619  -0.010873   0.011733
  34  -0.002188  -0.013415  -0.000900   0.016503
  35   0.006452  -0.010882   0.002558   0.001871
  36  -0.018468   0.024132   0.014129  -0.019793
  37   0.023501  -0.003285  -0.007917  -0.012299
  38  -0.017798   0.024845  -0.002797  -0.004250
  39   0.020752  -0.044075   0.038644  -0.015321
  40  -0.003517   0.011474  -0.015831   0.007874
  41   0.005620  -0.004065   0.021579  -0.023134
  42  -0.017333  -0.020096  -0.004654   0.042083
  43   0.016745  -0.004283  -0.008482  -0.003980
  44   0.000632   0.004809  -0.028117   0.022676
  45   0.003736  -0.004254   0.005450  -0.004933
  46   0.006644  -0.032755   0.033453  -0.007342
  47   0.012392  -0.020715  -0.006980   0.015302
  48   0.021684  -0.018566  -0.006597   0.003479
  49  -0.000786   0.013250  -0.009324  -0.003139
  50   0.057426   0.026460  -0.038187  -0.045699
  51   0.003815  -0.016389  -0.002105   0.014679
  52  -0.001583   0.004492   0.001808  -0.004717
  53  -0.011860  -0.031448   0.014975   0.028333
  54   0.008035  -0.027984   0.004483   0.015466
  55   0.024739  -0.003886  -0.028689   0.007836
  56  -0.011058   0.007056   0.001943   0.002059
  57  -0.001412  -0.007768   0.014844  -0.005664
  58   0.013264   0.014494  -0.025362  -0.002396
  59  -0.017801   0.015545   0.028342  -0.026085
  60  -0.015752   0.016125  -0.006954   0.006580
  61  -0.007053   0.034942  -0.006897  -0.020992
  62   0.002908  -0.002797  -0.001131   0.001020
  63  -0.020619   0.028336   0.014316  -0.022033
  64   0.020332  -0.017670   0.023323  -0.025985
  65   0.025185  -0.002099  -0.002425  -0.020661
  66  -0.018273  -0.002587   0.007832   0.013028
  67  -0.014945   0.019250  -0.007377   0.003072
  68  -0.008461   0.002239   0.021944  -0.015722
  69  -0.006624   0.023764  -0.002248  -0.014893
  70   0.003136  -0.015999  -0.003868   0.016731
  71   0.005662  -0.013789  -0.000440   0.008567
  72   0.034889   0.001707  -0.025855  -0.010741
  73   0.004125  -0.002282   0.008875  -0.010717
  74  -0.000182  -0.011340  -0.003255   0.014777
  75  -0.013521   0.018772  -0.001475  -0.003776
  76  -0.017729   0.004852   0.013045  -0.000169
  77   0.005934   0.005572  -0.026356   0.014850
  78   0.029255  -0.016895  -0.006667  -0.005693
  79   0.016803  -0.020519   0.006682  -0.002967
  80  -0.014651   0.007671  -0.006341   0.013321
  81   0.002116   0.001561  -0.000243  -0.003434
  82  -0.011968   0.000721   0.009726   0.001521
  83  -0.000733  -0.021044  -0.008659   0.030437
  84   0.002711  -0.021680  -0.012835   0.031804
  85   0.018491   0.005129  -0.021301  -0.002319
  86   0.007100   0.004442  -0.011377  -0.000165
  87   0.008304  -0.017660   0.003915   0.005441
  88  -0.009048   0.021602  -0.014298   0.001744
  89   0.021236   0.017748  -0.029194  -0.009789
  90   0.001713  -0.017817   0.006137   0.009967
  91   0.016207  -0.018505  -0.014963   0.017261
  92   0.008075  -0.005511  -0.002637   0.000073
  93   0.007542  -0.008686   0.002932  -0.001788
  94   0.047729  -0.028293  -0.017042  -0.002394
  95   0.037867  -0.013268  -0.015955  -0.008643
  96   0.034065  -0.048245   0.002094   0.012085
  97  -0.000115  -0.038980   0.011174   0.027921
  98  -0.013934   0.000356   0.018643  -0.005065
  99  -0.006298  -0.026460  -0.052767   0.085525
 100   0.034983  -0.071799   0.002002   0.034813
 101  -0.017443  -0.004085   0.029843  -0.008315
 102   0.005694   0.021034  -0.011792  -0.014937
 103  -0.034010   0.077834  -0.013256  -0.030568
 104   0.000018   0.017028  -0.025474   0.008428
 105   0.004983   0.030240  -0.020720  -0.014502
 106  -0.006583  -0.009282  -0.013784   0.029650
 107   0.001710   0.013772  -0.040302   0.024820
 108   0.010950  -0.007006   0.002748  -0.006692
 109   0.011857  -0.004939   0.011339  -0.018257
 110   0.008872  -0.008695  -0.009682   0.009504
 111  -0.016246   0.003404  -0.002217   0.015059
 112   0.014499  -0.005215   0.005361  -0.014645
 113   0.047255  -0.034357  -0.008452  -0.004446
 114   0.046106  -0.028671  -0.026376   0.008941
 115   0.048434  -0.016288  -0.019082  -0.013064
 116   0.029299   0.000830  -0.030967   0.000838
 117  -0.042121   0.003155  -0.021744   0.060710
 118   0.037759  -0.061184   0.042088  -0.018664
 119  -0.023552  -0.025845  -0.028650   0.078047
 120  -0.018160  -0.037304   0.090289  -0.034826
 121  -0.044772   0.086891  -0.043910   0.001792
 122  -0.045412  -0.057389  -0.057375   0.160176
 123   0.135349  -0.042352  -0.033390  -0.059607
 124  -0.039804  -0.001932  -0.019723   0.061458
 125   0.081563  -0.043660  -0.020679  -0.017224
 126   0.094434   0.008020  -0.026442  -0.076012
 127  -0.033209  -0.038652  -0.047086   0.118948
 128   0.014804  -0.032160  -0.033068   0.050424
 129   0.012489  -0.005576  -0.041917   0.035004
 130   0.013772  -0.061209   0.025193   0.022243
 131   0.004854  -0.026069   0.002053   0.019161
 132  -0.006790  -0.012522  -0.009174   0.028486
 133   0.003743   0.002926  -0.010789   0.004121
 134   0.067727  -0.038399   0.026994  -0.056322
 135   0.040536  -0.024864   0.025746  -0.041417
 136   0.010263  -0.024717   0.016093  -0.001639
 137   0.011693  -0.003511  -0.017019   0.008837
 138   0.009021  -0.006139  -0.006869   0.003987
 139   0.026114   0.000200  -0.006854  -0.019460
 140   0.034155  -0.047861   0.008885   0.004821
 141  -0.011451   0.011445  -0.006088   0.006094
 142   0.014048  -0.010119  -0.024043   0.020114
 143   0.031005  -0.022409   0.003181  -0.011777
 144   0.006679   0.021249  -0.019254  -0.008674
 145   0.027922  -0.031971  -0.002961   0.007010
 146   0.032726  -0.033741   0.013238  -0.012224
 147   0.043990  -0.006233  -0.027519  -0.010238
 148   0.004963  -0.002709  -0.013386   0.011132
 149  -0.008792  -0.006439   0.017283  -0.002052
 150  -0.003882   0.004685   0.004473  -0.005276
 151   0.010731  -0.021300  -0.002057   0.012626
 152   0.006140  -0.016140   0.026987  -0.016986
 153  -0.000126   0.003299   0.006513  -0.009686
 154   0.001649  -0.018742   0.024790  -0.007697
 155  -0.002093  -0.035934   0.048907  -0.010881
 156   0.032171  -0.030462   0.005714  -0.007423
 157   0.035488  -0.035101   0.020854  -0.021240
 158  -0.016635  -0.005639   0.016443   0.005830
 159   0.005941   0.009325  -0.006026  -0.009240
 160  -0.006369   0.000083   0.027147  -0.020861
 161   0.003913  -0.012728   0.012401  -0.003586
 162  -0.001329   0.014640  -0.011936  -0.001375
 163  -0.003336  -0.011739  -0.004308   0.019383
 164  -0.018585   0.014969  -0.002964   0.006580
 165   0.008510   0.002693  -0.014487   0.003285
 166  -0.004473  -0.004985  -0.000168   0.009625
 167  -0.000602  -0.013798   0.033664  -0.019263
 168   0.005793  -0.016430  -0.009490   0.020127
 169   0.024305  -0.010569  -0.012441  -0.001296
 170   0.000928  -0.008251  -0.000079   0.007403
 171   0.009834  -0.020587   0.003354   0.007398
 172   0.047206  -0.013204  -0.044101   0.010098
 173   0.037971  -0.011614  -0.032588   0.006230
 174   0.016161  -0.012906  -0.017750   0.014495
 175   0.039215  -0.020016  -0.028483   0.009284
 176   0.027266  -0.024534  -0.034450   0.031718
 177   0.045622  -0.026275  -0.040600   0.021253
 178   0.037862  -0.021786  -0.048705   0.032630
 179   0.008527   0.036732  -0.060325   0.015067
