pos          info
        0  1.067377e-05
        1 -2.352575e-04
        2 -1.821168e-06
        3 -1.951243e-04
        4 -9.388148e-05
        5 -3.824568e-05
        6  4.044711e-05
        7 -1.200723e-04
        8  4.411964e-04
        9  1.254248e-04
       10  6.053876e-05
       11 -1.113115e-04
       12 -1.028235e-04
       13  3.935236e-06
       14  4.540953e-07
       15  3.244448e-05
       16  2.405103e-05
       17  2.620484e-04
       18 -1.210291e-05
       19 -2.108424e-06
       20 -5.352502e-05
       21 -3.922782e-06
       22 -1.653228e-04
       23 -2.791745e-04
       24 -3.900149e-04
       25 -8.397907e-05
       26 -1.729090e-04
       27 -1.263161e-07
       28 -4.133187e-05
       29 -9.694300e-07
       30 -5.731629e-05
       31  4.097165e-04
       32 -2.015460e-06
       33 -1.545887e-04
       34 -6.926898e-05
       35 -5.254064e-06
       36  1.637824e-05
       37 -1.548779e-04
       38 -2.573573e-04
       39 -1.751460e-04
       40 -1.624837e-04
       41  3.100018e-05
       42 -2.115371e-06
       43  1.684481e-04
       44 -1.979851e-05
       45  8.914656e-05
       46 -8.071856e-05
       47 -1.053390e-04
       48 -6.834078e-05
       49 -7.955783e-06
       50 -1.711945e-04
       51  3.134847e-05
       52 -1.017980e-05
       53 -1.179806e-03
       54 -1.889490e-05
       55 -8.316445e-10
       56 -4.731284e-05
       57 -1.302263e-05
       58  6.001279e-08
       59 -3.376063e-06
       60 -1.835522e-05
       61 -3.664589e-05
       62 -1.293926e-04
       63 -1.426118e-04
       64 -1.734242e-04
       65 -1.447285e-04
       66  3.841547e-04
       67  2.706792e-04
       68  5.083077e-06
       69  1.405706e-04
       70 -3.862711e-05
       71  2.789506e-05
       72  1.261817e-05
       73  9.033607e-04
       74 -6.277461e-05
       75 -2.248727e-05
       76 -2.299761e-04
       77 -6.078556e-05
       78 -6.665241e-05
       79 -8.146995e-04
       80 -2.980782e-04
       81 -6.671050e-05
       82 -3.087027e-03
       83 -1.306189e-04
       84 -1.353300e-05
       85 -8.842901e-06
       86 -1.144091e-05
       87 -1.176615e-05
       88 -6.460178e-04
       89 -2.358977e-04
       90 -3.680022e-08
       91 -1.658040e-04
       92 -1.142739e-04
       93 -5.407576e-05
       94 -7.942339e-06
       95 -3.744166e-04
       96 -2.391513e-04
       97 -7.341530e-04
       98  2.562065e-04
       99  6.654431e-04
      100 -1.097657e-05
      101 -5.701544e-05
      102 -2.108171e-04
      103 -4.543219e-04
      104 -9.859954e-04
      105 -3.924544e-05
      106 -7.954541e-06
      107 -9.939225e-04
      108 -1.351981e-03
      109 -1.333647e-05
      110 -1.423077e-05
      111 -1.721683e-04
      112  2.822842e-06
      113  4.389814e-04
      114 -2.024749e-05
      115 -1.343739e-05
      116 -1.625317e-04
      117 -1.255371e-04
      118 -1.948348e-06
      119 -1.543804e-04
      120  3.306029e-04
      121 -6.616248e-04
      122 -2.501674e-05
      123 -5.697251e-04
      124 -5.203713e-04
      125 -2.228507e-06
      126 -6.288257e-04
      127 -3.654012e-04
      128 -1.863169e-04
      129 -3.912481e-05
      130 -3.533114e-04
      131 -5.707289e-04
      132 -4.794987e-04
      133 -1.032265e-04
      134  2.169477e-05
      135 -1.564550e-04
      136 -7.597147e-06
      137 -1.692989e-04
      138 -2.637487e-04
      139 -6.726271e-06
      140 -5.347634e-05
      141 -2.486286e-04
      142 -4.073724e-05
      143 -8.141489e-06
      144 -6.091553e-07
      145  1.060126e-05
      146 -2.869602e-06
      147  2.615721e-04
      148 -7.057789e-04
      149 -1.267832e-04
      150 -4.660193e-04
      151 -4.165676e-05
      152 -2.205781e-04
      153 -7.538309e-08
      154 -3.631671e-05
      155 -5.034333e-06
      156  1.147285e-04
      157 -2.370273e-05
      158 -2.080659e-05
      159 -2.673192e-05