pos          info
        0 -9.266776e-05
        1 -3.015377e-04
        2 -2.282801e-04
        3  3.242354e-06
        4  5.020315e-06
        5  1.479850e-04
        6 -2.999209e-04
        7  1.910315e-04
        8 -3.362905e-04
        9 -1.440022e-06
       10 -1.726072e-04
       11 -4.560186e-04
       12  6.434690e-05
       13  6.174350e-06
       14  7.106367e-07
       15  2.466067e-06
       16  2.341681e-05
       17 -2.337670e-04
       18 -1.026710e-04
       19 -3.744007e-07
       20 -4.835759e-06
       21  3.983786e-05
       22 -1.068417e-04
       23  2.714907e-04
       24  3.814984e-04
       25 -1.525697e-04
       26  7.536063e-05
       27  7.736574e-06
       28  6.983250e-05
       29  2.320637e-09
       30  2.666704e-05
       31 -4.181980e-04
       32  1.034665e-05
       33 -2.786091e-04
       34  1.451874e-04
       35  8.151804e-05
       36 -8.685992e-06
       37  1.231626e-05
       38 -6.666430e-05
       39  3.440684e-05
       40  5.984487e-04
       41 -3.396011e-05
       42  1.214358e-06
       43 -2.119561e-04
       44  7.407190e-05
       45 -5.090539e-05
       46  2.241044e-04
       47 -1.243087e-04
       48 -4.301766e-05
       49  6.577028e-06
       50  2.091487e-04
       51  1.896225e-06
       52  3.898643e-05
       53 -1.229265e-03
       54  6.661210e-05
       55  9.540432e-05
       56  1.707170e-04
       57  2.800779e-05
       58 -7.438429e-05
       59  2.602111e-05
       60  2.229320e-07
       61  9.661790e-06
       62  1.331292e-04
       63 -8.602726e-05
       64  1.092937e-05
       65  1.046625e-04
       66  1.047028e-04
       67 -1.753749e-04
       68  1.481627e-08
       69 -8.665585e-05
       70  3.198634e-05
       71  8.481997e-06
       72 -9.913311e-05
       73 -8.876775e-04
       74  2.794354e-06
       75  7.612348e-06
       76  9.205066e-05
       77  2.682982e-05
       78  4.831028e-05
       79 -1.079297e-03
       80  3.893849e-04
       81  4.080162e-04
       82 -2.991207e-03
       83  3.690440e-05
       84  7.729670e-05
       85 -1.508847e-05
       86 -7.572335e-07
       87  1.078461e-04
       88  8.153560e-04
       89  2.071627e-04
       90  1.701630e-06
       91  2.215486e-04
       92 -2.766956e-05
       93  7.332472e-06
       94  1.264551e-05
       95 -3.353587e-04
       96  9.240610e-05
       97  4.927937e-04
       98 -5.020211e-04
       99 -5.922723e-04
      100  6.391637e-05
      101  1.338591e-04
      102 -1.609261e-04
      103  1.064403e-03
      104  8.190879e-04
      105 -1.846404e-05
      106  4.500812e-05
      107  1.223945e-03
      108  9.866358e-04
      109 -4.886249e-05
      110  1.909015e-07
      111  1.308907e-04
      112  2.193389e-07
      113 -1.700888e-04
      114 -8.638007e-05
      115  1.233706e-06
      116  1.263572e-04
      117  4.328503e-04
      118 -1.191616e-06
      119  5.166108e-05
      120  2.668872e-04
      121 -7.079304e-04
      122  1.040429e-04
      123  3.202233e-04
      124  8.657219e-04
      125 -2.812693e-05
      126  3.917939e-04
      127 -3.777729e-04
      128 -1.927861e-04
      129  2.110802e-05
      130  2.765484e-04
      131 -9.979715e-04
      132  2.856349e-04
      133  4.816919e-05
      134 -4.197424e-06
      135 -2.421879e-04
      136  7.177674e-05
      137  1.140403e-04
      138  2.810028e-04
      139 -3.244065e-08
      140  9.131002e-05
      141  8.106724e-05
      142 -4.203201e-05
      143  8.618327e-05
      144 -7.543798e-05
      145  4.651288e-05
      146 -5.971731e-06
      147 -1.665831e-04
      148  3.994376e-04
      149 -2.612128e-04
      150  1.864855e-04
      151 -5.992389e-05
      152 -1.278071e-04
      153 -5.644967e-06
      154 -1.019447e-05
      155 -1.231545e-06
      156 -1.415422e-04
      157  1.583076e-05
      158 -6.423182e-07
      159 -1.996041e-05