pos      val_A      val_C      val_G      val_T
   0   0.017529  -0.024181   0.005579   0.001073
   1  -0.001295  -0.019541   0.039335  -0.018498
   2   0.017431  -0.032397  -0.000837   0.015803
   3  -0.008714   0.016255  -0.022372   0.014831
   4   0.002380   0.005178   0.017463  -0.025021
   5   0.008639   0.012295  -0.031363   0.010429
   6   0.025270  -0.025779  -0.006540   0.007049
   7  -0.016351  -0.004670   0.016772   0.004249
   8   0.009812  -0.002731  -0.046005   0.038924
   9  -0.009308   0.000739   0.000205   0.008364
  10  -0.016923   0.007922  -0.014895   0.023896
  11   0.003607  -0.003480   0.022003  -0.022130
  12  -0.000193  -0.022480  -0.001451   0.024124
  13   0.028036  -0.005608  -0.023012   0.000584
  14   0.004398  -0.039067   0.002556   0.032113
  15  -0.010543   0.015374  -0.003677  -0.001154
  16  -0.015761   0.008985  -0.016917   0.023693
  17  -0.004470  -0.007021  -0.024767   0.036258
  18  -0.007519   0.033137   0.012393  -0.038011
  19   0.010255  -0.008518   0.010913  -0.012650
  20  -0.006070   0.006018   0.008616  -0.008564
  21   0.009629  -0.028974  -0.002871   0.022216
  22  -0.022348   0.014137   0.017578  -0.009367
  23  -0.018189   0.028129   0.024819  -0.034759
  24   0.008381   0.008847   0.016751  -0.033980
  25  -0.020246   0.015365  -0.014143   0.019024
  26  -0.011846  -0.038754   0.049834   0.000765
  27  -0.002930   0.015350  -0.013642   0.001222
  28  -0.034148   0.032767  -0.021422   0.022804
  29   0.015611   0.013635  -0.027585  -0.001661
  30   0.033571  -0.010042  -0.010992  -0.012537
  31   0.027796  -0.004628  -0.036708   0.013541
  32   0.012924   0.000353   0.002422  -0.015699
  33  -0.001720   0.026356  -0.029580   0.004944
  34   0.024105   0.003789  -0.005673  -0.022221
  35  -0.011018  -0.002864  -0.006421   0.020302
  36   0.024937  -0.049576   0.020201   0.004438
  37  -0.024425   0.029658  -0.008795   0.003562
  38  -0.014027  -0.013652   0.005385   0.022295
  39   0.027726   0.007794  -0.032621  -0.002899
  40   0.015342  -0.005398  -0.037588   0.027644
  41   0.009693   0.020173  -0.012906  -0.016959
  42  -0.003017  -0.004748   0.005854   0.001912
  43   0.013513   0.019972   0.007420  -0.040905
  44   0.013554   0.008670   0.000090  -0.022314
  45   0.016568   0.011363   0.015653  -0.043583
  46  -0.020893   0.031236   0.015084  -0.025426
  47   0.002287   0.019537   0.009148  -0.030972
  48   0.005641  -0.043013   0.029343   0.008028
  49  -0.013871   0.014418   0.007682  -0.008229
  50   0.018019   0.016300  -0.012644  -0.021674
  51   0.003700  -0.012523  -0.016084   0.024906
  52  -0.012707   0.022661  -0.028810   0.018855
  53   0.058491  -0.006813  -0.013054  -0.038624
  54  -0.022618   0.010238   0.020749  -0.008369
  55  -0.033346   0.027955   0.026858  -0.021467
  56  -0.031885   0.017972  -0.007062   0.020974
  57  -0.011818  -0.012756  -0.006070   0.030645
  58   0.020639  -0.010514   0.008343  -0.018468
  59  -0.002522  -0.009932   0.011801   0.000654
  60  -0.012561  -0.004785  -0.006120   0.023466
  61  -0.012049   0.011573   0.004184  -0.003708
  62   0.013627  -0.032267   0.003279   0.015361
  63   0.035232  -0.042906   0.010618  -0.002944
  64   0.009183  -0.011454  -0.006649   0.008920
  65  -0.004508  -0.009640   0.016821  -0.002673
  66   0.007273   0.021041  -0.000926  -0.027389
  67  -0.019490   0.010169   0.018591  -0.009270
  68  -0.002416   0.008939  -0.013374   0.006851
  69   0.002457  -0.016512   0.029923  -0.015869
  70  -0.002978   0.017727   0.002778  -0.017528
  71   0.017358  -0.013106  -0.003965  -0.000287
  72   0.005357   0.007928  -0.012733  -0.000553
  73  -0.010783   0.055920  -0.004754  -0.040383
  74  -0.004245   0.012524   0.022492  -0.030771
  75  -0.017859   0.023003  -0.001371  -0.003772
  76  -0.018294   0.005623  -0.018684   0.031355
  77   0.006868   0.022438   0.000138  -0.029444
  78  -0.009300   0.035056  -0.010323  -0.015433
  79   0.006952   0.011939   0.053831  -0.072722
  80   0.018328   0.007620   0.006530  -0.032478
  81   0.030741   0.040923  -0.030204  -0.041459
  82   0.089198   0.064936  -0.200771   0.046636
  83  -0.013210  -0.015852   0.028060   0.001002
  84  -0.018831  -0.010845   0.003174   0.026502
  85  -0.024524  -0.001626   0.014699   0.011451
  86   0.006831  -0.012502   0.026499  -0.020829
  87   0.011841  -0.016215   0.003335   0.001040
  88   0.013080   0.005191  -0.042063   0.023792
  89  -0.023107   0.041075  -0.012328  -0.005639
  90  -0.010333  -0.036827   0.025728   0.021432
  91   0.009903   0.001736  -0.000299  -0.011340
  92   0.041118  -0.021725  -0.011609  -0.007784
  93   0.000072   0.014159  -0.001868  -0.012363
  94  -0.003569   0.006983   0.023686  -0.027100
  95  -0.021225   0.025408   0.035535  -0.039718
  96   0.007769   0.019105  -0.010695  -0.016178
  97   0.011561   0.027624   0.013804  -0.052990
  98   0.033659   0.007374   0.017682  -0.058715
  99  -0.006205   0.060471  -0.031089  -0.023176
 100  -0.007476  -0.009026  -0.020082   0.036584
 101  -0.028708   0.029525   0.002820  -0.003637
 102   0.029261   0.017085   0.014302  -0.060648
 103   0.027302  -0.015271   0.030601  -0.042632
 104  -0.078060   0.027980   0.026264   0.023817
 105   0.020194   0.023067   0.015845  -0.059107
 106  -0.046842   0.010624   0.041279  -0.005061
 107  -0.062047   0.008402   0.028049   0.025596
 108   0.015703   0.019177   0.034641  -0.069520
 109  -0.000975   0.048198   0.008055  -0.055278
 110  -0.036221   0.007308   0.015216   0.013696
 111  -0.026653  -0.004426   0.016571   0.014508
 112   0.010583   0.007457   0.005602  -0.023642
 113  -0.005586  -0.006331   0.027688  -0.015771
 114  -0.007460   0.033296  -0.002109  -0.023726
 115  -0.010471  -0.010941  -0.002703   0.024115
 116  -0.004266  -0.015260   0.016376   0.003150
 117   0.025663  -0.002920  -0.025553   0.002810
 118   0.002360  -0.007460   0.031826  -0.026725
 119  -0.009216   0.012639  -0.022988   0.019565
 120   0.001903   0.037936  -0.029190  -0.010649
 121  -0.020768   0.053419   0.016902  -0.049554
 122  -0.005400  -0.002863  -0.010937   0.019199
 123   0.002983   0.018445   0.021577  -0.043005
 124   0.015373   0.004715  -0.031981   0.011894
 125  -0.011516   0.024877  -0.039349   0.025988
 126   0.030512   0.024143  -0.008915  -0.045741
 127  -0.114432   0.041257   0.022867   0.050308
 128   0.030842  -0.028919   0.010636  -0.012560
 129  -0.010314   0.027048  -0.007423  -0.009312
 130  -0.043959   0.016639   0.010686   0.016635
 131  -0.002163  -0.030738   0.073173  -0.040272
 132   0.023295   0.008490   0.007474  -0.039259
 133   0.000732   0.008717  -0.018168   0.008719
 134  -0.002115  -0.003976  -0.009930   0.016022
 135   0.002784  -0.024198   0.009910   0.011505
 136  -0.023916   0.009164   0.004987   0.009765
 137  -0.031437   0.004762   0.013069   0.013606
 138   0.007574   0.015965   0.016915  -0.040454
 139   0.000644   0.001332  -0.015866   0.013890
 140  -0.004172  -0.004068  -0.026218   0.034457
 141  -0.011396   0.026523   0.016308  -0.031436
 142  -0.007241   0.014626  -0.025270   0.017885
 143   0.026165   0.029290  -0.007586  -0.047869
 144   0.017588   0.017927  -0.047043   0.011528
 145   0.005615  -0.002569   0.007993  -0.011039
 146   0.010373  -0.019506   0.024462  -0.015328
 147   0.047731  -0.013760  -0.025347  -0.008623
 148   0.018371   0.010719   0.007739  -0.036829
 149  -0.007463  -0.004173   0.013793  -0.002157
 150  -0.037484   0.024636   0.005672   0.007175
 151   0.002064   0.010234   0.003343  -0.015640
 152  -0.050702   0.053026   0.022280  -0.024604
 153  -0.020386   0.000904   0.009316   0.010167
 154  -0.004205   0.019340   0.018737  -0.033871
 155  -0.014140   0.021425   0.011959  -0.019244
 156  -0.006054  -0.001250  -0.017902   0.025206
 157  -0.007287  -0.003285   0.013610  -0.003038
 158  -0.011634   0.020335   0.007609  -0.016310
 159   0.000399  -0.006362  -0.021285   0.027249
 160   0.006245  -0.001497  -0.000964  -0.003783
 161   0.002085   0.001277   0.007069  -0.010431
 162  -0.003204   0.005818   0.011612  -0.014226
 163  -0.003328  -0.002522   0.004535   0.001315
 164   0.000262   0.002663   0.014802  -0.017728
 165   0.007470  -0.001865  -0.000879  -0.004726
 166  -0.010052   0.004806   0.002559   0.002687
 167  -0.008233   0.008452   0.003110  -0.003328
 168  -0.023371   0.003377   0.017863   0.002131
 169  -0.028492   0.018646   0.004887   0.004959
 170  -0.016798   0.018652   0.009539  -0.011393
 171  -0.035761   0.020910   0.014580   0.000272
 172  -0.017022  -0.001648   0.025543  -0.006873
 173  -0.017722   0.009878   0.010530  -0.002687
 174  -0.012323   0.000087   0.025807  -0.013571
 175  -0.025016   0.005630   0.018638   0.000748
 176  -0.038531   0.006539   0.034620  -0.002628
 177  -0.029310   0.019959   0.045992  -0.036642
 178  -0.049578   0.010103   0.053125  -0.013650
 179  -0.026055  -0.004967   0.054771  -0.023750
