pos          info
        0 -7.127409e-05
        1 -4.962504e-05
        2  9.311986e-06
        3  6.630153e-05
        4  4.207989e-05
        5  7.306899e-05
        6 -2.718835e-05
        7 -1.736397e-05
        8 -1.368340e-04
        9 -1.552473e-04
       10 -1.507517e-04
       11 -5.762870e-05
       12  1.029811e-05
       13  1.733709e-05
       14  1.757863e-05
       15 -1.082078e-04
       16 -1.254017e-04
       17 -1.305490e-04
       18 -7.825999e-06
       19  6.840729e-05
       20  1.193814e-05
       21  1.961827e-04
       22  2.111889e-04
       23  2.097367e-04
       24  5.896254e-05
       25 -2.306848e-05
       26  5.066169e-05
       27  1.997138e-05
       28  3.585937e-05
       29 -6.230749e-05
       30 -6.233764e-05
       31 -1.421667e-04
       32 -2.186227e-05
       33  1.552148e-05
       34  7.647462e-05
       35  6.017438e-05
       36 -1.578368e-05
       37  1.054728e-04
       38  1.066727e-04
       39  1.299706e-04
       40  1.096621e-05
       41 -3.853138e-05
       42  1.151039e-05
       43 -2.225373e-05
       44  1.265373e-04
       45  4.868049e-05
       46  5.793124e-05
       47 -6.574679e-05
       48  6.293595e-05
       49  8.462877e-05
       50  9.715339e-05
       51 -3.491576e-04
       52 -3.340640e-04
       53 -3.424952e-04
       54  6.824495e-05
       55  6.707446e-05
       56  4.897016e-05
       57  2.684279e-05
       58  1.612891e-05
       59  3.459767e-05
       60  9.229453e-05
       61  8.631065e-05
       62  8.231263e-05
       63  6.450685e-06
       64  9.379557e-05
       65  6.021807e-05
       66  5.098342e-05
       67 -1.083096e-04
       68 -3.031268e-05
       69 -2.455795e-05
       70  4.362860e-05
       71 -2.091268e-04
       72 -2.143833e-04
       73 -2.097089e-04
       74  2.730062e-05
       75  3.701500e-05
       76  7.630490e-05
       77 -2.620189e-04
       78 -1.013421e-04
       79 -7.459469e-05
       80 -6.232309e-04
       81 -7.935340e-04
       82 -8.363671e-04
       83  2.194293e-05
       84  1.985278e-05
       85  6.035868e-07
       86  2.337418e-04
       87  2.912327e-04
       88  2.904082e-04
       89  1.037864e-04
       90  6.580217e-06
       91  8.002773e-06
       92 -3.873373e-05
       93 -1.005569e-04
       94 -1.722701e-05
       95  2.628021e-04
       96  2.410682e-04
       97  4.482303e-05
       98 -2.216943e-04
       99 -9.177740e-05
      100 -4.089910e-05
      101  2.313819e-04
      102  6.402128e-04
      103  6.979452e-04
      104  4.043988e-04
      105  2.362753e-04
      106  5.540894e-04
      107  5.443304e-04
      108  2.990012e-04
      109  4.729971e-05
      110  6.848406e-05
      111 -1.254154e-04
      112 -1.860145e-04
      113 -1.914009e-04
      114  8.695844e-05
      115  1.459850e-04
      116  1.463106e-04
      117  8.116449e-05
      118  1.511603e-04
      119 -5.650665e-05
      120 -7.661348e-05
      121 -2.087669e-05
      122  4.571893e-04
      123  4.470708e-04
      124  4.229015e-04
      125  5.136177e-05
      126 -2.000011e-05
      127 -1.835919e-04
      128  5.906382e-05
      129 -1.298770e-04
      130  1.479304e-05
      131 -1.243601e-04
      132  1.437674e-04
      133 -3.638924e-05
      134 -6.291411e-06
      135  8.448498e-05
      136  2.070179e-04
      137  1.748712e-04
      138  9.373258e-05
      139  5.594964e-05
      140  1.821137e-05
      141  1.285838e-05
      142 -4.982164e-05
      143 -1.055913e-05
      144 -1.192104e-05
      145 -1.610388e-04
      146 -1.020762e-04
      147 -1.600065e-04
      148  1.275072e-04
      149  6.052830e-05
      150  2.927737e-06
      151 -1.218873e-04
      152 -1.500639e-04
      153 -3.871780e-05
      154 -1.532019e-04
      155 -1.172351e-04
      156 -1.075777e-04
      157  0.000000e+00
      158  0.000000e+00
      159  0.000000e+00