pos      val_A      val_C      val_G      val_T
   0   0.027623  -0.031790   0.001996   0.002171
   1   0.008991  -0.028347   0.036372  -0.017016
   2   0.016942  -0.028646   0.024349  -0.012645
   3  -0.019611   0.018877  -0.009581   0.010315
   4   0.002330   0.007148   0.016480  -0.025959
   5  -0.002328   0.007429  -0.016030   0.010929
   6   0.027947  -0.016804   0.005319  -0.016461
   7  -0.019090  -0.006640   0.018338   0.007392
   8   0.010786  -0.004119  -0.045189   0.038522
   9  -0.025804  -0.002861   0.009786   0.018878
  10  -0.004227   0.004475  -0.007701   0.007453
  11   0.003748  -0.011556   0.036591  -0.028783
  12   0.000628  -0.016210  -0.021091   0.036673
  13  -0.004609   0.011283  -0.014437   0.007764
  14   0.012504  -0.031530  -0.020378   0.039404
  15   0.003836   0.002849   0.007597  -0.014281
  16  -0.001040  -0.003605  -0.014764   0.019410
  17  -0.008888   0.010795  -0.031843   0.029937
  18   0.012648   0.023203   0.012920  -0.048772
  19   0.015090  -0.001369   0.012265  -0.025986
  20  -0.013707   0.009168  -0.001514   0.006053
  21  -0.004081  -0.013456   0.000063   0.017473
  22  -0.022391   0.002145   0.016425   0.003821
  23  -0.011837   0.033083   0.026150  -0.047396
  24   0.023867   0.007222   0.011200  -0.042289
  25  -0.012240   0.014269  -0.022926   0.020897
  26  -0.011760  -0.032462   0.055775  -0.011554
  27  -0.007917   0.009154  -0.022482   0.021245
  28  -0.022854   0.025901  -0.017437   0.014390
  29  -0.003373   0.023890  -0.017650  -0.002866
  30   0.025430  -0.001341  -0.029603   0.005515
  31   0.016619  -0.007405  -0.025282   0.016069
  32   0.010196  -0.009844  -0.002668   0.002316
  33  -0.018929   0.036224  -0.029203   0.011908
  34   0.016047   0.035098  -0.030824  -0.020320
  35  -0.009864   0.009800  -0.025735   0.025799
  36   0.026867  -0.034083   0.014622  -0.007406
  37  -0.008354   0.025434   0.009153  -0.026233
  38  -0.016259  -0.016812  -0.002216   0.035287
  39   0.010340   0.010468  -0.019630  -0.001178
  40   0.025525   0.001971  -0.042436   0.014940
  41   0.012711   0.018276  -0.018393  -0.012594
  42   0.011817  -0.021762  -0.002626   0.012571
  43   0.009986   0.028081   0.006113  -0.044180
  44   0.003197  -0.001042   0.011775  -0.013930
  45   0.015576   0.006038   0.011654  -0.033268
  46  -0.020601   0.030272   0.016761  -0.026432
  47   0.015581   0.004831   0.003651  -0.024064
  48  -0.017184  -0.022138   0.019472   0.019850
  49  -0.002736   0.011149   0.005092  -0.013506
  50   0.013743   0.011164  -0.003587  -0.021321
  51   0.011632  -0.018964  -0.007913   0.015245
  52   0.012318   0.005752  -0.026795   0.008725
  53   0.060218  -0.005293  -0.009775  -0.045150
  54  -0.013093   0.007002   0.030954  -0.024863
  55  -0.035987   0.011200   0.030033  -0.005246
  56  -0.025698   0.005328   0.000213   0.020157
  57  -0.007106  -0.010030  -0.003095   0.020232
  58   0.001145   0.015844   0.015670  -0.032659
  59  -0.014385  -0.006395   0.012039   0.008741
  60  -0.023440  -0.001869  -0.004701   0.030010
  61  -0.004081   0.005604   0.011097  -0.012620
  62   0.011427  -0.028292  -0.002132   0.018997
  63   0.032489  -0.029418   0.022667  -0.025738
  64   0.002347  -0.014482   0.004302   0.007833
  65  -0.002295  -0.022091   0.016006   0.008380
  66   0.020494   0.008874   0.001117  -0.030485
  67  -0.014797   0.017527   0.022737  -0.025467
  68  -0.037580   0.027057   0.005286   0.005237
  69  -0.009016  -0.016071   0.022223   0.002865
  70  -0.010319   0.019140  -0.006652  -0.002169
  71   0.018159  -0.026404   0.009804  -0.001560
  72  -0.013626   0.013133  -0.014471   0.014965
  73  -0.005362   0.055409  -0.000862  -0.049185
  74  -0.006272   0.007132   0.019517  -0.020376
  75  -0.026488   0.034256  -0.013985   0.006218
  76  -0.024656   0.007092  -0.031467   0.049031
  77   0.002624   0.020008  -0.004794  -0.017838
  78  -0.015687   0.032770  -0.015924  -0.001159
  79   0.015918   0.002798   0.056113  -0.074829
  80   0.007273   0.007385   0.023823  -0.038481
  81   0.028525   0.029111  -0.021767  -0.035869
  82   0.100800   0.049697  -0.198408   0.047910
  83  -0.005302  -0.015186   0.012864   0.007623
  84  -0.018882  -0.008356   0.008866   0.018372
  85  -0.028544   0.019499   0.010266  -0.001221
  86   0.003456   0.005940   0.000250  -0.009645
  87   0.003074  -0.011034  -0.006852   0.014812
  88   0.012593   0.012200  -0.058871   0.034078
  89  -0.022431   0.025918  -0.010802   0.007315
  90  -0.010300  -0.038714   0.024384   0.024630
  91   0.009799   0.009570  -0.000263  -0.019105
  92   0.035154  -0.000348  -0.011783  -0.023022
  93   0.006471   0.014570  -0.017126  -0.003914
  94   0.024641  -0.001081   0.001616  -0.025176
  95  -0.022254   0.012298   0.033598  -0.023642
  96  -0.000905   0.036223  -0.001277  -0.034041
  97   0.016870   0.022713   0.005450  -0.045033
  98   0.029635  -0.001140   0.022488  -0.050983
  99   0.003215   0.047288  -0.017850  -0.032653
 100  -0.008542  -0.026366  -0.004325   0.039232
 101  -0.024181   0.011863  -0.001103   0.013422
 102   0.017170   0.027815   0.024247  -0.069232
 103   0.042963  -0.019561   0.024278  -0.047680
 104  -0.047734  -0.001234   0.022938   0.026029
 105   0.018302   0.000324   0.014492  -0.033118
 106  -0.023243  -0.008171   0.030808   0.000606
 107  -0.048554   0.015803   0.010375   0.022375
 108   0.014431   0.027258   0.020384  -0.062073
 109   0.003983   0.029340   0.022535  -0.055858
 110  -0.013527   0.019560  -0.011411   0.005379
 111  -0.015721  -0.007079   0.005135   0.017666
 112   0.030668   0.018155   0.000119  -0.048942
 113   0.006151  -0.028029   0.034300  -0.012422
 114  -0.016601   0.026005   0.000740  -0.010144
 115   0.001356  -0.027977   0.009046   0.017574
 116   0.024007  -0.044595   0.004670   0.015918
 117   0.027281  -0.005273  -0.027918   0.005910
 118   0.008382   0.025691   0.040109  -0.074182
 119  -0.012705   0.016773  -0.027389   0.023322
 120   0.007863   0.029097  -0.045411   0.008452
 121  -0.013611   0.052430   0.004761  -0.043580
 122  -0.009902   0.005470  -0.020778   0.025211
 123   0.013151   0.015548  -0.005524  -0.023175
 124   0.034002   0.005503  -0.063853   0.024348
 125  -0.005211   0.018402  -0.021316   0.008125
 126   0.040670   0.018334  -0.006984  -0.052019
 127  -0.084607   0.039039   0.013930   0.031638
 128   0.013848  -0.028618   0.014330   0.000440
 129  -0.015978   0.022935  -0.006395  -0.000562
 130  -0.028307   0.015343   0.002592   0.010371
 131   0.004343  -0.008640   0.044497  -0.040199
 132   0.006948   0.007421   0.018333  -0.032702
 133  -0.010954  -0.023252   0.006482   0.027724
 134   0.022104  -0.011769  -0.020615   0.010279
 135   0.003902  -0.028257   0.002331   0.022024
 136  -0.007455   0.006889  -0.006460   0.007027
 137  -0.032318   0.017121   0.021308  -0.006111
 138  -0.000112   0.014543   0.015003  -0.029434
 139   0.007642  -0.003147  -0.003144  -0.001351
 140  -0.003022  -0.002546  -0.015364   0.020932
 141  -0.018503   0.029693   0.016273  -0.027463
 142  -0.005965   0.027540  -0.043649   0.022073
 143   0.003952   0.027385   0.002693  -0.034030
 144   0.017890   0.007042  -0.042150   0.017218
 145   0.003748  -0.000463   0.008695  -0.011981
 146   0.033908  -0.004005   0.002997  -0.032899
 147   0.034177  -0.009836  -0.031650   0.007308
 148   0.006240   0.007184   0.031727  -0.045151
 149  -0.008097  -0.004878   0.015587  -0.002613
 150  -0.033035   0.019217   0.014894  -0.001076
 151   0.005411   0.015431   0.005841  -0.026683
 152  -0.041919   0.043422   0.008736  -0.010239
 153  -0.027051  -0.001193   0.006879   0.021365
 154   0.016625   0.002530   0.008814  -0.027968
 155  -0.014626   0.003140   0.012633  -0.001148
 156  -0.005855   0.014560  -0.022960   0.014256
 157  -0.012034  -0.002263   0.006991   0.007306
 158   0.005980   0.021526   0.002922  -0.030428
 159  -0.002320   0.008212  -0.013661   0.007770
 160   0.006009   0.000922  -0.013030   0.006098
 161  -0.010713   0.010349  -0.000518   0.000882
 162  -0.002830   0.000393   0.006902  -0.004465
 163   0.009927   0.003062  -0.008799  -0.004190
 164   0.009469   0.002918   0.011676  -0.024063
 165   0.010968  -0.006517  -0.004037  -0.000414
 166  -0.008464   0.009394  -0.005475   0.004545
 167  -0.015974   0.002679   0.007385   0.005911
 168  -0.019008   0.021328   0.001545  -0.003864
 169  -0.005839   0.013120  -0.008442   0.001160
 170  -0.008646   0.014933   0.010631  -0.016918
 171  -0.008578   0.009187  -0.005983   0.005373
 172  -0.018550  -0.000728   0.016575   0.002703
 173  -0.001764   0.008176   0.002474  -0.008887
 174   0.001042  -0.000850   0.012540  -0.012733
 175  -0.012117   0.002139   0.017025  -0.007048
 176  -0.010200  -0.013839   0.015723   0.008316
 177  -0.006060   0.004997   0.016563  -0.015500
 178  -0.032084   0.007520   0.029040  -0.004477
 179  -0.009427  -0.007157   0.028994  -0.012410
