pos      val_A      val_C      val_G      val_T
   0  -0.035555  -0.000212   0.018557   0.017210
   1  -0.014361   0.016048  -0.025798   0.024111
   2  -0.038533   0.016357   0.002624   0.019553
   3   0.034336  -0.043082   0.000819   0.007927
   4  -0.004088   0.042136  -0.042173   0.004126
   5   0.008603  -0.032859   0.002224   0.022032
   6   0.025185  -0.013560  -0.038849   0.027224
   7  -0.011058   0.021818  -0.018790   0.008029
   8   0.010845   0.000229   0.010198  -0.021272
   9  -0.009542  -0.000559  -0.006004   0.016106
  10  -0.025380   0.003604   0.058031  -0.036255
  11  -0.016422   0.018956  -0.018793   0.016258
  12   0.001174  -0.014334   0.006850   0.006310
  13  -0.013598   0.019334  -0.009764   0.004027
  14  -0.033677  -0.007707  -0.014521   0.055905
  15   0.030227   0.008195  -0.010349  -0.028072
  16   0.003280  -0.017877  -0.017420   0.032017
  17  -0.010815   0.015511   0.006829  -0.011524
  18   0.013861  -0.010501   0.044700  -0.048060
  19  -0.019941  -0.000962   0.017681   0.003222
  20  -0.044571   0.006124   0.058052  -0.019605
  21  -0.010520   0.029811  -0.009497  -0.009794
  22  -0.027013  -0.003988  -0.004155   0.035156
  23   0.020194   0.007138  -0.027620   0.000289
  24   0.004791  -0.011758   0.019579  -0.012612
  25  -0.013640   0.015819   0.021040  -0.023219
  26   0.038721  -0.014692  -0.011038  -0.012991
  27  -0.000818  -0.031856   0.004102   0.028571
  28   0.010547   0.002784  -0.006701  -0.006631
  29   0.032691  -0.013536  -0.012860  -0.006295
  30  -0.054673  -0.027660   0.044755   0.037578
  31  -0.019900  -0.005002   0.031337  -0.006435
  32  -0.021064  -0.011028   0.038560  -0.006468
  33   0.016691  -0.000341   0.033934  -0.050284
  34  -0.007845  -0.007165   0.024799  -0.009789
  35   0.042354   0.015195  -0.020664  -0.036885
  36   0.008566  -0.013758   0.012827  -0.007634
  37  -0.012269   0.000506   0.000583   0.011181
  38   0.045607  -0.027742  -0.007401  -0.010464
  39  -0.028214   0.040702  -0.026624   0.014135
  40  -0.019766   0.057793  -0.010153  -0.027874
  41  -0.055272  -0.024111  -0.009695   0.089078
  42   0.004745  -0.017278   0.045423  -0.032889
  43  -0.002728  -0.011024  -0.009943   0.023695
  44  -0.015474  -0.040137   0.044544   0.011068
  45   0.023918   0.005343  -0.054316   0.025054
  46  -0.025829  -0.020239   0.001259   0.044810
  47  -0.019791  -0.004888   0.045141  -0.020462
  48  -0.014528   0.019626  -0.050968   0.045870
  49   0.027377  -0.005047   0.004515  -0.026846
  50  -0.022226  -0.009177   0.060562  -0.029159
  51  -0.004397   0.024263  -0.036351   0.016485
  52  -0.021915  -0.020436   0.007165   0.035186
  53   0.011407   0.008640  -0.027373   0.007326
  54   0.029526  -0.020471   0.015822  -0.024877
  55  -0.011766  -0.008007   0.025350  -0.005577
  56   0.010051  -0.017788  -0.017769   0.025506
  57   0.022643  -0.021607  -0.001647   0.000611
  58   0.033947  -0.001783  -0.055596   0.023432
  59  -0.046406  -0.009073   0.008303   0.047176
  60  -0.014134   0.032064   0.044257  -0.062187
  61   0.009904  -0.008028  -0.007545   0.005668
  62   0.033112  -0.002882   0.002943  -0.033173
  63   0.031402  -0.004445  -0.003509  -0.023448
  64   0.018751   0.004078  -0.003196  -0.019632
  65  -0.008845  -0.026332   0.030660   0.004517
  66  -0.002307  -0.051582  -0.011546   0.065435
  67  -0.009266  -0.045326  -0.017991   0.072583
  68  -0.000569  -0.017365   0.007155   0.010778
  69  -0.031159   0.007297   0.007860   0.016002
  70  -0.024833  -0.014727   0.068782  -0.029223
  71  -0.026733   0.021596  -0.025797   0.030933
  72  -0.006033   0.024286  -0.014399  -0.003855
  73   0.004812   0.024123  -0.037086   0.008151
  74  -0.060946  -0.020925   0.005474   0.076398
  75  -0.037022  -0.016087   0.056187  -0.003078
  76  -0.000334  -0.021670  -0.006025   0.028029
  77   0.030591  -0.001612  -0.040365   0.011387
  78  -0.013670   0.048339  -0.030610  -0.004059
  79   0.006097  -0.023620  -0.013450   0.030974
  80  -0.028907  -0.003898   0.023812   0.008994
  81  -0.037572   0.003255   0.036375  -0.002058
  82   0.032501   0.033729  -0.005614  -0.060616
  83  -0.042398   0.030617  -0.034561   0.046342
  84  -0.009997  -0.025092   0.021901   0.013188
  85  -0.057708   0.026131   0.056469  -0.024892
  86   0.040621  -0.001459   0.006986  -0.046148
  87   0.026738   0.053354  -0.029488  -0.050604
  88   0.015598  -0.013774  -0.016761   0.014937
  89   0.015013  -0.015382  -0.004118   0.004486
  90  -0.021262  -0.017943   0.002071   0.037134
  91  -0.018093  -0.043685   0.008859   0.052920
  92  -0.007549   0.013845  -0.030138   0.023842
  93  -0.028326   0.014781  -0.012688   0.026232
  94  -0.033446   0.034803   0.015140  -0.016497
  95  -0.001834   0.021856  -0.046372   0.026349
  96  -0.003844  -0.026074  -0.001978   0.031896
  97   0.027505   0.037220  -0.044876  -0.019849
  98  -0.017505   0.000757   0.002909   0.013839
  99   0.033314  -0.029774  -0.026901   0.023361
 100   0.030092  -0.024740  -0.016726   0.011374
 101  -0.012059  -0.009191   0.002518   0.018732
 102   0.026419  -0.021949  -0.030722   0.026251
 103  -0.036197  -0.038702   0.032004   0.042895
 104  -0.025222  -0.039757   0.032145   0.032834
 105   0.079662  -0.061080  -0.008381  -0.010201
 106  -0.043244  -0.023577  -0.013515   0.080337
 107   0.075864  -0.063197   0.004169  -0.016835
 108   0.008216  -0.037479  -0.003937   0.033200
 109   0.054939  -0.021559  -0.026014  -0.007366
 110   0.039074   0.047572  -0.020606  -0.066040
 111  -0.044147  -0.005570  -0.007985   0.057702
 112   0.084214  -0.028645  -0.029659  -0.025910
 113   0.004278   0.012236  -0.017902   0.001388
 114   0.061357  -0.034944  -0.012912  -0.013501
 115  -0.005842  -0.023178   0.031367  -0.002347
 116  -0.002290  -0.033350   0.029581   0.006059
 117   0.011432  -0.009039  -0.003012   0.000619
 118   0.003661   0.006543  -0.002950  -0.007253
 119   0.026093  -0.007615   0.025134  -0.043611
 120  -0.012396  -0.018415   0.052033  -0.021221
 121  -0.002097  -0.011425   0.031396  -0.017875
 122   0.028691  -0.033185  -0.021949   0.026444
 123   0.030912   0.010416  -0.034068  -0.007261
 124  -0.014924  -0.033594   0.022900   0.025617
 125  -0.034411  -0.014250   0.028052   0.020608
 126   0.000590  -0.009404   0.004228   0.004585
 127   0.000845  -0.034559   0.001042   0.032672
 128  -0.005798  -0.002890   0.017895  -0.009206
 129  -0.002545   0.018381   0.004034  -0.019870
 130  -0.019895   0.023486  -0.009470   0.005879
 131   0.028291  -0.036685  -0.011520   0.019914
 132  -0.006344   0.021930  -0.018696   0.003110
 133  -0.031563  -0.014211   0.007137   0.038637
 134  -0.014685   0.002034   0.024959  -0.012308
 135   0.012803  -0.021854   0.002302   0.006749
 136  -0.004698  -0.005296   0.009444   0.000550
 137  -0.016974   0.017750  -0.004438   0.003661
 138  -0.026355   0.014294  -0.001000   0.013062
 139   0.013479   0.014712  -0.018517  -0.009674
 140   0.018697  -0.015144  -0.028006   0.024453
 141  -0.009183  -0.066219   0.004495   0.070907
 142   0.001243   0.001795   0.036551  -0.039589
 143  -0.005414  -0.021423   0.001886   0.024951
 144   0.012002  -0.004326  -0.008927   0.001251
 145   0.002960  -0.022584   0.030378  -0.010754
 146   0.006792  -0.001529   0.009200  -0.014462
 147   0.057839  -0.030720  -0.002783  -0.024336
 148   0.004914  -0.011666   0.002532   0.004220
 149  -0.013388  -0.035258   0.014899   0.033746
 150   0.008865  -0.020185  -0.030976   0.042295
 151  -0.008682  -0.004922  -0.035609   0.049213
 152  -0.031039  -0.013698   0.027000   0.017737
 153  -0.006591  -0.052273   0.106316  -0.047452
 154   0.039212  -0.010845   0.008743  -0.037110
 155  -0.008276  -0.005932   0.005114   0.009094
 156   0.036081  -0.008787  -0.005143  -0.022151
 157  -0.014014   0.025553  -0.012388   0.000849
 158   0.005927  -0.012619   0.013319  -0.006627
 159  -0.000032   0.012803  -0.010844  -0.001926
 160  -0.006543  -0.008235  -0.000158   0.014936
 161   0.004741  -0.008371   0.001402   0.002228
 162   0.000970  -0.001842   0.003212  -0.002340
 163  -0.025549  -0.003041   0.028119   0.000472
 164  -0.013853  -0.002664   0.032157  -0.015640
 165  -0.005053   0.023471   0.001780  -0.020198
 166   0.010533  -0.004124  -0.006946   0.000537
 167   0.024111  -0.018387  -0.011018   0.005294
 168   0.018165   0.006528  -0.035382   0.010688
 169   0.019033  -0.015276   0.010559  -0.014316
 170   0.011098   0.014955  -0.010421  -0.015632
 171   0.004740  -0.011059  -0.003872   0.010191
 172   0.028129   0.002141  -0.029934  -0.000336
 173   0.013327  -0.000485  -0.014587   0.001745
 174   0.031723  -0.002444  -0.017533  -0.011746
 175   0.020795  -0.021977  -0.008251   0.009433
 176   0.045994  -0.022426  -0.025827   0.002259
 177   0.038305  -0.007867  -0.056605   0.026167
 178   0.033728   0.000840  -0.057661   0.023092
 179   0.001086  -0.006762  -0.019744   0.025420
