pos          info
        0  3.391378e-05
        1 -1.675377e-04
        2 -2.072390e-04
        3 -2.016781e-04
        4 -3.781143e-05
        5  4.861314e-05
        6  1.047064e-04
        7  1.801384e-04
        8  1.635857e-04
        9  1.136299e-04
       10  4.553305e-05
       11  2.270851e-05
       12  2.609624e-05
       13  2.833664e-05
       14  2.900224e-05
       15 -2.511637e-05
       16 -3.321004e-05
       17 -4.613519e-05
       18 -3.487663e-05
       19 -6.303511e-05
       20 -5.436221e-05
       21 -2.899952e-05
       22  4.447505e-06
       23 -2.307066e-05
       24 -2.342961e-05
       25 -2.490337e-05
       26 -3.059491e-06
       27  2.457449e-04
       28  2.345793e-04
       29  1.857470e-04
       30  1.585814e-05
       31  2.674421e-05
       32  7.815213e-05
       33  2.763537e-06
       34  5.884957e-06
       35  1.483382e-05
       36 -8.850124e-06
       37 -9.827973e-07
       38  3.834526e-05
       39  5.188396e-05
       40  2.083145e-04
       41  3.204507e-04
       42  4.115783e-04
       43  2.549173e-04
       44  1.627770e-04
       45  7.372066e-05
       46  3.315740e-05
       47 -1.029415e-04
       48 -9.538420e-05
       49 -4.724440e-05
       50  5.320226e-06
       51  1.150479e-04
       52  1.016132e-04
       53  1.163542e-04
       54 -2.178767e-05
       55  2.704612e-05
       56  9.206499e-05
       57  6.833491e-04
       58  6.281581e-04
       59  3.642236e-04
       60 -2.115961e-04
       61 -1.968393e-04
       62  5.252399e-05
       63  6.624715e-05
       64  5.170495e-04
       65  1.062666e-03
       66  1.117031e-03
       67  9.654026e-04
       68  3.379940e-04
       69  5.586537e-04
       70  2.897368e-04
       71  3.354572e-04
       72 -4.191826e-04
       73 -6.601374e-04
       74 -6.930620e-04
       75 -1.073066e-04
       76  8.564603e-05
       77  9.873983e-05
       78  2.675763e-04
       79  5.837686e-04
       80  1.100760e-03
       81  7.184731e-04
       82  4.795574e-04
       83  1.941491e-04
       84  8.993829e-04
       85  1.057867e-03
       86  1.040710e-03
       87  4.335968e-04
       88  2.402582e-04
       89  3.771933e-05
       90  4.667973e-05
       91 -6.131161e-05
       92 -7.091645e-05
       93 -6.768045e-05
       94  3.415020e-05
       95  1.336554e-04
       96  1.434378e-04
       97  1.082631e-04
       98  9.804970e-06
       99 -2.049784e-06
      100  4.888044e-05
      101  4.794582e-07
      102  5.240070e-06
      103 -4.118067e-05
      104  1.794113e-03
      105  3.918649e-03
      106  4.161106e-03
      107  2.372678e-03
      108  1.984036e-05
      109  9.001125e-04
      110  1.193973e-03
      111  1.419647e-03
      112  2.866926e-04
      113 -2.402979e-05
      114 -8.156126e-06
      115  6.271719e-06
      116  2.456270e-05
      117 -2.592850e-04
      118 -2.650168e-04
      119 -2.866908e-04
      120  7.705542e-05
      121  7.923809e-05
      122  1.294017e-04
      123  2.996448e-05
      124  3.084284e-05
      125 -5.367890e-05
      126 -1.016499e-04
      127 -2.119471e-04
      128 -1.841655e-04
      129 -1.525783e-04
      130 -4.709388e-05
      131 -1.703949e-05
      132  7.251669e-06
      133  5.697792e-05
      134  3.348218e-05
      135 -3.700639e-05
      136 -9.067636e-05
      137 -7.184043e-05
      138 -8.640387e-06
      139 -2.960473e-06
      140  2.092385e-05
      141  7.055491e-05
      142  6.196492e-05
      143  1.161046e-05
      144  1.340017e-05
      145 -4.442869e-05
      146  5.744096e-05
      147  3.192776e-06
      148  9.356976e-06
      149 -6.212515e-05
      150 -3.778243e-05
      151 -1.869657e-05
      152 -1.843121e-04
      153 -1.660538e-04
      154 -1.239846e-04
      155  4.470070e-05
      156 -1.035427e-05
      157  0.000000e+00
      158  0.000000e+00
      159  0.000000e+00