pos      val_A      val_C      val_G      val_T
   0  -0.014132   0.023210   0.000582  -0.009659
   1  -0.009649  -0.002180  -0.007790   0.019619
   2   0.005087  -0.032696   0.025108   0.002500
   3   0.017229  -0.004638  -0.018884   0.006294
   4  -0.028188   0.027676  -0.008788   0.009300
   5   0.017052  -0.020023   0.020487  -0.017516
   6   0.025721   0.010312  -0.026190  -0.009843
   7   0.011685  -0.011400   0.006644  -0.006929
   8   0.017263   0.006557  -0.004986  -0.018833
   9  -0.012342   0.000137  -0.021355   0.033560
  10   0.016974  -0.008539   0.011336  -0.019772
  11  -0.003514   0.007214  -0.017042   0.013342
  12   0.023737  -0.018323  -0.013616   0.008202
  13   0.021628  -0.011900   0.013094  -0.022821
  14  -0.014017   0.004705  -0.031311   0.040623
  15   0.015128  -0.010599   0.011492  -0.016021
  16   0.006525  -0.004829   0.003116  -0.004812
  17  -0.028672  -0.020176   0.023435   0.025413
  18   0.012541  -0.021000   0.008630  -0.000171
  19  -0.001424   0.000837   0.022739  -0.022153
  20  -0.042734   0.015385   0.034128  -0.006778
  21   0.006399   0.001592  -0.013067   0.005076
  22   0.016430  -0.034789   0.002932   0.015427
  23   0.002238   0.011393  -0.014488   0.000857
  24  -0.007395  -0.012054   0.010963   0.008486
  25  -0.017223   0.001822   0.027156  -0.011755
  26   0.008963  -0.010195   0.008469  -0.007236
  27   0.016152  -0.014884  -0.000844  -0.000424
  28   0.000665   0.000895  -0.004157   0.002597
  29   0.000990   0.003935  -0.011530   0.006604
  30  -0.018723  -0.029886   0.050816  -0.002206
  31  -0.027284   0.002774   0.029131  -0.004621
  32  -0.024001  -0.010809   0.034253   0.000557
  33   0.033470  -0.020113  -0.007106  -0.006250
  34  -0.008991  -0.013416   0.000520   0.021887
  35   0.053247   0.005547  -0.023303  -0.035491
  36   0.014315  -0.013965   0.010149  -0.010499
  37  -0.006924   0.038236  -0.004542  -0.026770
  38   0.065645  -0.017199  -0.013738  -0.034707
  39  -0.025633   0.028617  -0.043136   0.040151
  40  -0.019601  -0.000820   0.036241  -0.015820
  41  -0.008274  -0.025799   0.000957   0.033116
  42   0.003700  -0.014214   0.038481  -0.027966
  43  -0.017075   0.006793  -0.006972   0.017254
  44   0.010205  -0.046903   0.019988   0.016709
  45   0.023149  -0.006306  -0.031074   0.014230
  46  -0.026719  -0.007111   0.012887   0.020943
  47   0.004227  -0.001890   0.005402  -0.007738
  48   0.017116   0.041212  -0.068816   0.010488
  49  -0.020586   0.000135   0.010096   0.010355
  50   0.003231  -0.004850   0.020395  -0.018776
  51  -0.021268   0.036680  -0.017238   0.001826
  52  -0.006802  -0.025862  -0.004586   0.037250
  53  -0.000051   0.009565  -0.021638   0.012124
  54  -0.023401   0.025373  -0.020594   0.018622
  55  -0.053164   0.020672   0.027874   0.004618
  56   0.017134   0.027216  -0.056638   0.012288
  57   0.019962  -0.016134  -0.007084   0.003255
  58  -0.001836   0.022229  -0.029427   0.009034
  59  -0.015370   0.007342  -0.015303   0.023331
  60   0.012546   0.018300   0.028507  -0.059353
  61   0.024772  -0.026878  -0.007407   0.009513
  62   0.014605  -0.018303  -0.003815   0.007512
  63   0.011227  -0.009491   0.000112  -0.001848
  64   0.004250   0.006777  -0.004309  -0.006718
  65   0.016938  -0.023327   0.016308  -0.009920
  66  -0.007270  -0.021510  -0.008934   0.037714
  67   0.026268  -0.024643  -0.021148   0.019523
  68  -0.014913  -0.007675   0.017309   0.005278
  69  -0.015034  -0.018162  -0.005622   0.038818
  70  -0.000636  -0.015784   0.037069  -0.020649
  71  -0.011209  -0.018134  -0.020523   0.049866
  72   0.001462   0.004169  -0.002174  -0.003457
  73  -0.011624   0.046898  -0.012056  -0.023217
  74  -0.146386  -0.035141  -0.018425   0.199952
  75  -0.011157  -0.003342   0.029965  -0.015466
  76  -0.003437  -0.016136  -0.003440   0.023013
  77   0.039438  -0.029429  -0.008313  -0.001697
  78   0.022902   0.033861  -0.033580  -0.023183
  79   0.011633  -0.019726  -0.010318   0.018410
  80  -0.021733  -0.002804  -0.015563   0.040100
  81  -0.002144  -0.017890  -0.012490   0.032524
  82   0.029805   0.006872  -0.010555  -0.026123
  83  -0.009897   0.016039  -0.026485   0.020343
  84  -0.001926  -0.013046   0.010931   0.004041
  85  -0.002540   0.008851   0.009874  -0.016185
  86   0.006149   0.027277   0.004373  -0.037799
  87   0.000289   0.023347  -0.006667  -0.016969
  88  -0.011461  -0.010521   0.023822  -0.001840
  89  -0.005292  -0.002005   0.014213  -0.006917
  90  -0.003922   0.000556   0.006801  -0.003435
  91   0.008889  -0.007267  -0.029348   0.027726
  92   0.019281   0.007285  -0.004226  -0.022339
  93  -0.017231   0.012261  -0.022356   0.027325
  94  -0.014853   0.045567  -0.006888  -0.023826
  95  -0.034364   0.041967  -0.007545  -0.000057
  96  -0.020616  -0.009749   0.021851   0.008514
  97   0.002449   0.029124  -0.011858  -0.019715
  98  -0.003100   0.003897   0.013887  -0.014684
  99  -0.010541  -0.010017  -0.011055   0.031613
 100  -0.001371  -0.002215   0.009234  -0.005649
 101  -0.000629   0.015284  -0.021565   0.006911
 102   0.006236  -0.009984  -0.018612   0.022360
 103  -0.013016  -0.031091   0.014305   0.029801
 104  -0.009987   0.001890   0.034390  -0.026293
 105   0.028627  -0.017550   0.039586  -0.050664
 106  -0.023193  -0.011763   0.019210   0.015746
 107   0.000115  -0.002196   0.002422  -0.000341
 108   0.002541  -0.009211  -0.004298   0.010968
 109  -0.010768  -0.027142   0.043475  -0.005565
 110   0.026090   0.021512   0.008422  -0.056024
 111  -0.016065  -0.005964   0.006745   0.015284
 112   0.037779  -0.039414  -0.009971   0.011606
 113   0.017060  -0.032787  -0.003375   0.019103
 114   0.031817  -0.008185  -0.008157  -0.015476
 115   0.003522  -0.013856   0.012529  -0.002194
 116  -0.009317   0.000167  -0.020611   0.029761
 117   0.044908  -0.009176  -0.018268  -0.017464
 118   0.006040  -0.002772   0.017107  -0.020375
 119   0.033892  -0.015805   0.021659  -0.039746
 120  -0.006910  -0.005440   0.032390  -0.020040
 121   0.001489  -0.028896   0.039745  -0.012338
 122   0.005528   0.003028   0.004470  -0.013026
 123   0.001447  -0.000362   0.007396  -0.008481
 124  -0.002759  -0.030876   0.035196  -0.001561
 125  -0.001383  -0.041801   0.016860   0.026324
 126   0.016097  -0.027660   0.011918  -0.000354
 127  -0.027346  -0.028060   0.017038   0.038368
 128  -0.002204  -0.004202   0.021525  -0.015119
 129  -0.018172  -0.006405   0.037212  -0.012635
 130  -0.027738   0.019405  -0.009587   0.017920
 131   0.036461  -0.025165  -0.016841   0.005546
 132   0.015053   0.008791  -0.024190   0.000347
 133  -0.008592   0.022739  -0.034704   0.020558
 134  -0.018156   0.024315  -0.018662   0.012503
 135  -0.003292  -0.010062   0.008852   0.004502
 136   0.013703  -0.006155  -0.007784   0.000236
 137  -0.002672  -0.012007   0.008474   0.006205
 138   0.032747  -0.012065  -0.016970  -0.003712
 139   0.007628   0.029753  -0.017628  -0.019754
 140  -0.006443  -0.022781   0.011747   0.017477
 141  -0.006558  -0.021762  -0.018976   0.047296
 142  -0.045619   0.030372   0.013786   0.001461
 143  -0.018003   0.009958  -0.035870   0.043915
 144   0.009593  -0.001263   0.002482  -0.010812
 145   0.009183  -0.013934   0.016641  -0.011890
 146   0.025583   0.018342  -0.015578  -0.028347
 147   0.044143  -0.023261  -0.025915   0.005033
 148   0.010575  -0.011589  -0.011968   0.012982
 149  -0.012008  -0.018100   0.003674   0.026434
 150  -0.017014  -0.021001  -0.032682   0.070697
 151   0.023581  -0.029346  -0.020060   0.025825
 152   0.023824  -0.009449  -0.001011  -0.013365
 153   0.009103  -0.025181   0.091081  -0.075003
 154   0.038335  -0.000337   0.025910  -0.063909
 155  -0.016883  -0.005929  -0.017918   0.040730
 156   0.021725  -0.010974   0.003183  -0.013933
 157  -0.003017   0.007967   0.004445  -0.009395
 158   0.006165  -0.002891  -0.011376   0.008102
 159  -0.001674   0.041408  -0.015786  -0.023948
 160   0.005749   0.004082  -0.020493   0.010662
 161  -0.000187   0.006979  -0.014822   0.008030
 162  -0.005904   0.013853  -0.004172  -0.003777
 163   0.003866   0.014870   0.005376  -0.024112
 164  -0.033717   0.015056   0.021490  -0.002830
 165   0.007146   0.040099  -0.011000  -0.036245
 166   0.014022  -0.021057  -0.003879   0.010914
 167   0.028072   0.001559  -0.015055  -0.014576
 168   0.007949  -0.026545  -0.007001   0.025597
 169   0.019182  -0.024487   0.029584  -0.024278
 170   0.029551  -0.003437  -0.016089  -0.010026
 171   0.035405  -0.005692   0.002777  -0.032489
 172   0.016264  -0.017236  -0.009579   0.010551
 173   0.026565  -0.002429  -0.038798   0.014662
 174   0.006084  -0.004408  -0.014344   0.012668
 175   0.042157  -0.007470  -0.045383   0.010697
 176   0.032879  -0.019729  -0.036337   0.023188
 177   0.043892  -0.022765  -0.031960   0.010834
 178   0.026399  -0.002662  -0.060611   0.036874
 179   0.004230  -0.002702  -0.062366   0.060838
