pos          info
        0 -2.017607e-08
        1 -9.209469e-05
        2  1.559029e-04
        3  5.043120e-06
        4  1.877014e-04
        5  7.270748e-05
        6 -2.598676e-05
        7 -1.126063e-05
        8 -7.024249e-05
        9 -2.713130e-04
       10 -6.764270e-05
       11  7.029393e-05
       12 -4.432246e-05
       13 -4.143277e-05
       14 -3.979936e-04
       15 -3.217105e-05
       16 -1.007529e-05
       17 -1.510105e-04
       18  5.768811e-09
       19  1.167554e-04
       20 -1.344636e-05
       21 -9.872792e-06
       22 -5.697461e-05
       23 -1.653690e-07
       24 -1.689658e-05
       25  3.433192e-05
       26  1.233858e-05
       27 -1.487793e-07
       28 -2.070896e-07
       29 -3.886362e-06
       30 -8.707488e-05
       31 -2.064998e-04
       32  2.886272e-04
       33  9.765820e-05
       34  6.930861e-08
       35  6.839048e-04
       36  2.595738e-05
       37  1.720277e-04
       38 -2.839241e-04
       39 -3.815622e-04
       40 -3.221022e-04
       41 -1.612450e-05
       42 -3.648560e-04
       43 -7.032137e-05
       44 -9.808870e-05
       45 -1.293194e-04
       46 -1.027571e-04
       47  9.154261e-07
       48  1.122615e-03
       49 -2.465664e-05
       50 -2.131733e-06
       51 -3.321902e-04
       52 -3.357652e-04
       53 -2.267557e-05
       54  1.296264e-04
       55  9.764595e-05
       56  7.622090e-04
       57 -9.617368e-05
       58  9.036722e-07
       59  1.296726e-04
       60  8.173561e-04
       61 -1.726219e-04
       62 -1.371643e-05
       63  2.174179e-05
       64 -4.193506e-06
       65 -2.341676e-05
       66 -3.445573e-04
       67 -9.202124e-05
       68 -6.205675e-06
       69 -3.641559e-04
       70 -6.376183e-05
       71 -6.056279e-04
       72  1.180776e-06
       73  5.443968e-04
       74  4.955844e-03
       75  3.101459e-05
       76  2.806586e-06
       77 -3.772715e-04
       78 -2.765401e-04
       79 -8.197498e-05
       80 -3.876214e-04
       81 -7.708257e-05
       82 -2.113067e-04
       83 -2.334298e-05
       84 -8.919967e-07
       85  2.313555e-05
       86  7.465622e-06
       87  4.757824e-10
       88  3.176620e-05
       89 -4.922906e-05
       90 -2.880307e-06
       91  1.858425e-04
       92  8.751138e-05
       93  6.998879e-05
       94 -5.609877e-05
       95 -4.330014e-04
       96 -1.167620e-04
       97 -2.085211e-04
       98 -2.550752e-06
       99 -2.974506e-05
      100 -2.076687e-05
      101 -5.772425e-05
      102  9.511616e-06
      103  4.034629e-05
      104  1.659595e-04
      105 -3.803074e-04
      106 -5.741610e-05
      107 -2.942883e-09
      108 -2.896999e-05
      109 -4.694692e-04
      110  7.266145e-04
      111 -5.507114e-05
      112 -3.457992e-04
      113  2.562718e-04
      114  1.640169e-05
      115  4.688899e-05
      116  1.027818e-04
      117  7.180367e-05
      118  9.813351e-05
      119  3.690440e-04
      120  9.686674e-05
      121 -2.722215e-07
      122 -6.993614e-06
      123 -4.452133e-07
      124 -3.071024e-04
      125 -6.954891e-05
      126 -3.508876e-05
      127 -1.763542e-04
      128 -1.390091e-06
      129 -3.408724e-04
      130 -7.431280e-05
      131  6.833855e-05
      132  3.023159e-08
      133  2.909337e-04
      134  8.632837e-05
      135  4.750671e-06
      136  2.289012e-08
      137 -9.091115e-06
      138 -6.945469e-05
      139  2.179604e-04
      140  3.398438e-05
      141 -8.772773e-05
      142 -4.217807e-05
      143 -4.643029e-04
      144  2.165382e-05
      145 -3.357242e-05
      146 -6.096632e-05
      147 -5.971329e-06
      148 -2.713761e-05
      149 -7.961598e-05
      150 -2.623633e-04
      151  1.342541e-04
      152  4.172796e-05
      153  1.327659e-03
      154 -9.421861e-04
      155 -4.010772e-04
      156 -1.125846e-04
      157 -2.313054e-06
      158 -1.587094e-05
      159 -4.238202e-04