pos          info
        0 -1.157862e-04
        1 -4.451387e-04
        2 -3.809947e-04
        3  1.885668e-05
        4  7.715881e-05
        5 -2.821152e-04
        6 -1.864814e-06
        7 -4.072031e-04
        8 -7.228657e-05
        9 -1.426861e-04
       10 -2.581088e-05
       11 -2.729844e-04
       12  9.519312e-05
       13  9.328938e-05
       14  1.318010e-05
       15 -2.519745e-04
       16 -5.185442e-05
       17 -3.708660e-05
       18 -7.068283e-05
       19 -3.059342e-04
       20 -2.022099e-04
       21  2.267968e-04
       22  6.361448e-05
       23  4.285575e-05
       24  1.291512e-04
       25 -2.617388e-05
       26 -3.989593e-05
       27 -5.698823e-07
       28 -4.233794e-04
       29 -1.855815e-04
       30 -1.533956e-05
       31 -1.960987e-04
       32 -2.871022e-04
       33 -1.023198e-04
       34 -4.016111e-05
       35 -6.485314e-06
       36 -5.904859e-05
       37 -1.459426e-04
       38 -4.311773e-04
       39 -4.661468e-04
       40 -2.991076e-04
       41 -1.414225e-05
       42 -5.123458e-04
       43  1.404522e-05
       44  1.284863e-05
       45  1.729496e-04
       46 -4.633665e-05
       47 -4.116270e-06
       48 -6.394714e-04
       49 -4.353994e-05
       50 -2.221409e-05
       51 -1.019651e-03
       52 -1.519985e-05
       53 -1.533173e-04
       54  1.306254e-04
       55  2.126246e-04
       56 -2.264965e-04
       57 -2.061057e-05
       58 -1.964707e-06
       59 -1.108305e-05
       60  2.641539e-06
       61  4.401575e-05
       62 -1.008451e-05
       63 -3.586355e-05
       64 -1.244695e-04
       65  8.123174e-06
       66  2.221735e-05
       67  1.996523e-04
       68 -1.487057e-05
       69  4.737821e-05
       70  1.057116e-07
       71  8.227182e-04
       72  1.458125e-05
       73 -1.185725e-05
       74 -1.719912e-04
       75  2.739909e-05
       76  7.453558e-05
       77  5.186297e-05
       78 -3.857904e-04
       79 -7.757102e-05
       80 -9.107386e-04
       81  1.115890e-03
       82 -9.436827e-05
       83 -4.591837e-05
       84 -1.495872e-04
       85 -6.311580e-04
       86  1.965549e-04
       87  3.235686e-04
       88  1.980118e-07
       89  7.759926e-06
       90  5.685850e-05
       91  1.002457e-04
       92  2.937980e-04
       93 -2.141075e-04
       94 -2.856603e-05
       95 -4.813514e-05
       96 -1.301588e-04
       97  1.838802e-04
       98  2.967993e-07
       99  1.656302e-04
      100 -7.310086e-04
      101 -3.635750e-04
      102 -9.872300e-04
      103 -1.553617e-03
      104 -2.478698e-06
      105 -1.568879e-04
      106 -4.053553e-05
      107 -1.742879e-03
      108  5.772428e-05
      109  1.707642e-04
      110 -4.082919e-05
      111 -8.329851e-06
      112 -1.376096e-07
      113 -8.621359e-05
      114  1.247113e-04
      115  6.730008e-05
      116  6.706214e-07
      117 -1.372465e-04
      118 -2.575734e-05
      119  1.236324e-04
      120  4.064528e-06
      121  7.042172e-05
      122  1.444061e-04
      123  1.294017e-07
      124 -5.985819e-04
      125 -2.286291e-07
      126 -6.205871e-05
      127  1.126674e-03
      128  1.437228e-03
      129  6.174922e-05
      130 -1.984884e-05
      131 -1.861006e-04
      132 -8.336066e-05
      133 -4.636268e-04
      134  2.318439e-04
      135  3.137613e-05
      136 -6.222860e-05
      137 -2.518629e-05
      138 -1.668876e-05
      139 -2.351283e-05
      140  2.990181e-04
      141  1.951169e-04
      142  2.215674e-04
      143 -4.740618e-06
      144 -1.140973e-06
      145 -6.345708e-04
      146 -4.776412e-06
      147 -1.694575e-04
      148 -1.008088e-04
      149 -9.786948e-05
      150 -4.382790e-04
      151 -2.909504e-06
      152 -3.009019e-04
      153 -1.939905e-04
      154 -1.028347e-05
      155 -2.780814e-05
      156 -4.743774e-05
      157 -4.257389e-07
      158 -4.394617e-05
      159 -3.741302e-04