pos      val_A      val_C      val_G      val_T
   0  -0.013338   0.009012   0.001100   0.003226
   1  -0.000666   0.009323   0.002167  -0.010824
   2   0.009630   0.022996  -0.019660  -0.012967
   3  -0.048972   0.024189  -0.011788   0.036571
   4   0.003136   0.000007   0.001686  -0.004829
   5   0.010044  -0.005715  -0.022126   0.017797
   6   0.047427   0.005747  -0.025560  -0.027614
   7   0.025845  -0.010866  -0.003852  -0.011128
   8   0.033988  -0.024228  -0.001706  -0.008054
   9   0.018852  -0.029787   0.000013   0.010922
  10   0.019207   0.000731  -0.003139  -0.016800
  11   0.023788   0.006188  -0.001273  -0.028703
  12  -0.000773   0.007774   0.017103  -0.024104
  13  -0.036612  -0.023340   0.045178   0.014774
  14  -0.000629   0.015759  -0.017288   0.002158
  15   0.006220  -0.027970   0.063715  -0.041965
  16   0.025126  -0.014468  -0.028326   0.017668
  17  -0.002995  -0.031496   0.009457   0.025034
  18   0.015581  -0.048039   0.013676   0.018783
  19  -0.001867   0.009682   0.027156  -0.034970
  20   0.008651  -0.014379   0.037262  -0.031534
  21   0.031048  -0.017785  -0.037236   0.023974
  22   0.003461  -0.000167  -0.028591   0.025297
  23  -0.006350   0.008006  -0.010668   0.009012
  24  -0.017284  -0.037308  -0.000438   0.055029
  25   0.029951  -0.055838   0.018419   0.007468
  26  -0.005156   0.007224   0.002063  -0.004132
  27  -0.016207  -0.013270   0.011465   0.018012
  28  -0.039722  -0.011615   0.035545   0.015793
  29   0.016001  -0.045519   0.000726   0.028792
  30   0.029882  -0.005348   0.009769  -0.034302
  31   0.027560  -0.055792   0.013595   0.014637
  32   0.002647   0.028371  -0.024437  -0.006581
  33   0.006945  -0.016337  -0.033434   0.042826
  34  -0.003990   0.029640   0.011318  -0.036968
  35   0.005033  -0.004029  -0.020487   0.019482
  36   0.017244  -0.009928   0.008324  -0.015640
  37  -0.014739   0.022739   0.004307  -0.012307
  38  -0.012333   0.006077   0.009875  -0.003618
  39   0.011878  -0.016889   0.011380  -0.006370
  40  -0.008280   0.023084  -0.014972   0.000169
  41  -0.002838  -0.015583   0.004797   0.013625
  42   0.017105   0.015852  -0.048254   0.015297
  43   0.005127   0.021594   0.004153  -0.030874
  44  -0.000577   0.010189  -0.000520  -0.009092
  45   0.002835  -0.006671   0.031019  -0.027183
  46  -0.008396  -0.004956   0.007621   0.005731
  47  -0.021559  -0.013853  -0.004646   0.040058
  48   0.013856  -0.014092   0.023392  -0.023156
  49  -0.014418  -0.011048   0.021687   0.003779
  50  -0.011928   0.017453   0.008142  -0.013668
  51  -0.010690   0.020776  -0.018727   0.008641
  52  -0.017898   0.059267  -0.037059  -0.004311
  53   0.015119   0.016035  -0.049585   0.018431
  54   0.000332  -0.000501   0.017432  -0.017263
  55  -0.009599  -0.004474   0.016154  -0.002081
  56   0.018094   0.005881   0.000290  -0.024265
  57  -0.009402   0.010534  -0.006778   0.005646
  58  -0.015365   0.018894   0.015360  -0.018889
  59   0.012410   0.003178  -0.012098  -0.003489
  60   0.027342  -0.014653  -0.011031  -0.001658
  61   0.000672  -0.035699   0.024577   0.010449
  62   0.020921  -0.042520  -0.001479   0.023078
  63  -0.025155   0.022003  -0.002113   0.005266
  64   0.008050   0.000064   0.001373  -0.009487
  65  -0.018753   0.027897   0.010723  -0.019866
  66  -0.035198   0.022478   0.017734  -0.005014
  67   0.022292  -0.065572   0.022752   0.020528
  68  -0.004265  -0.007551   0.025003  -0.013187
  69  -0.014819   0.009482   0.037647  -0.032310
  70   0.009676  -0.016809  -0.000707   0.007840
  71  -0.040380   0.053127   0.026070  -0.038816
  72  -0.005291  -0.003907   0.014896  -0.005697
  73   0.006092   0.023288  -0.035495   0.006115
  74  -0.028567   0.015931  -0.002349   0.014985
  75  -0.013208  -0.014705   0.015377   0.012536
  76   0.000605   0.018417  -0.009109  -0.009912
  77  -0.012130   0.048570  -0.008387  -0.028053
  78   0.023562  -0.051249   0.011295   0.016392
  79  -0.027986   0.015836   0.026456  -0.014306
  80   0.015340  -0.020577   0.040301  -0.035064
  81  -0.006293   0.051266  -0.095257   0.050284
  82   0.029983  -0.014991  -0.007705  -0.007286
  83  -0.015097   0.003249   0.028575  -0.016727
  84  -0.016068   0.008108   0.028173  -0.020213
  85  -0.019391   0.026936   0.000559  -0.008104
  86   0.016243  -0.006536   0.019206  -0.028912
  87   0.032980  -0.014124  -0.011079  -0.007777
  88  -0.013925   0.028413  -0.009410  -0.005078
  89   0.001054  -0.009646  -0.001808   0.010401
  90   0.016448   0.037219  -0.045143  -0.008524
  91  -0.009606  -0.019837  -0.010973   0.040416
  92  -0.004857   0.055238  -0.025748  -0.024633
  93   0.041003  -0.015215  -0.014637  -0.011150
  94   0.023583   0.025330   0.026787  -0.075700
  95  -0.010283  -0.003290  -0.005275   0.018848
  96  -0.010207   0.011358   0.003490  -0.004641
  97   0.022286  -0.031013   0.000725   0.008002
  98  -0.031234   0.024240   0.004003   0.002991
  99   0.017908  -0.011446  -0.002163  -0.004299
 100  -0.000185  -0.001193  -0.003141   0.004519
 101   0.019039   0.023945  -0.005813  -0.037171
 102  -0.001877   0.039315   0.012429  -0.049866
 103  -0.009729   0.007999  -0.002311   0.004041
 104  -0.006796  -0.008921   0.024037  -0.008320
 105   0.013066  -0.009853  -0.018671   0.015458
 106   0.007666   0.033371  -0.007917  -0.033119
 107   0.036988   0.006710  -0.013892  -0.029806
 108  -0.015110  -0.003579   0.019562  -0.000874
 109  -0.006746  -0.015517   0.019205   0.003058
 110  -0.030991   0.018054   0.001796   0.011142
 111  -0.030761  -0.004560   0.017165   0.018156
 112  -0.002977  -0.018649  -0.014040   0.035666
 113  -0.001213  -0.018843   0.009678   0.010378
 114  -0.015398   0.003183   0.004489   0.007727
 115  -0.005200  -0.011846   0.014495   0.002551
 116   0.012518  -0.006323  -0.010131   0.003936
 117  -0.012650  -0.001294  -0.002589   0.016532
 118  -0.026136   0.025681   0.003967  -0.003511
 119  -0.011856   0.034044   0.003110  -0.025298
 120   0.022380   0.005875   0.007928  -0.036183
 121   0.027915  -0.007920  -0.009989  -0.010006
 122  -0.011123  -0.000681  -0.006423   0.018227
 123  -0.000601  -0.031549   0.031326   0.000823
 124  -0.049598   0.019240   0.016085   0.014273
 125  -0.003044   0.008544  -0.001485  -0.004015
 126   0.028272   0.020736  -0.022484  -0.026524
 127   0.037210  -0.001305   0.014474  -0.050379
 128   0.059665   0.024415  -0.075214  -0.008865
 129   0.018875   0.016115  -0.043551   0.008561
 130  -0.003307   0.017326  -0.008736  -0.005283
 131  -0.011971   0.004077   0.012377  -0.004482
 132  -0.006304  -0.023057   0.005843   0.023518
 133   0.022780  -0.022250  -0.001394   0.000864
 134   0.034747  -0.032835   0.011298  -0.013210
 135  -0.031918   0.000381   0.037475  -0.005938
 136  -0.026257   0.016828   0.016055  -0.006625
 137  -0.008442   0.009834  -0.022352   0.020960
 138   0.018888  -0.032464  -0.017213   0.030788
 139   0.000455  -0.024175  -0.000293   0.024012
 140  -0.020481   0.022956   0.015979  -0.018453
 141  -0.009231  -0.002939  -0.007021   0.019191
 142  -0.005751  -0.016745   0.015575   0.006921
 143  -0.004354   0.011784   0.009266  -0.016696
 144  -0.015186  -0.025580   0.011753   0.029013
 145  -0.043788   0.006632   0.035802   0.001354
 146  -0.031876   0.019156  -0.010307   0.023027
 147  -0.012331  -0.000921   0.013087   0.000166
 148   0.026789  -0.019807   0.034300  -0.041281
 149  -0.002093   0.023336  -0.025770   0.004527
 150  -0.006801   0.024880   0.011152  -0.029232
 151  -0.044491   0.023176   0.008604   0.012710
 152   0.007299  -0.007305   0.014691  -0.014684
 153  -0.016741  -0.008471   0.024118   0.001094
 154   0.018871  -0.001495   0.040013  -0.057389
 155   0.005890   0.004255   0.001656  -0.011801
 156   0.016955  -0.013482  -0.020248   0.016774
 157  -0.026122   0.037032  -0.024551   0.013641
 158  -0.000321  -0.002327  -0.012075   0.014722
 159  -0.009863   0.018123  -0.003096  -0.005163
 160   0.013042   0.042295  -0.078772   0.023435
 161  -0.040049   0.023080   0.004024   0.012946
 162   0.010818  -0.002549   0.034574  -0.042842
 163   0.026792  -0.034614   0.006432   0.001391
 164   0.028731  -0.004735  -0.035797   0.011801
 165  -0.010280  -0.012828   0.025895  -0.002786
 166  -0.031907  -0.002625   0.007533   0.026998
 167   0.024989   0.017726  -0.034586  -0.008130
 168   0.029365  -0.015306   0.027213  -0.041273
 169  -0.018705   0.034841  -0.013955  -0.002181
 170   0.007546   0.022892   0.007104  -0.037542
 171   0.014105  -0.008592   0.012245  -0.017759
 172  -0.031940   0.031156   0.030444  -0.029660
 173  -0.036158   0.048317   0.015384  -0.027543
 174  -0.029487  -0.002939   0.040019  -0.007592
 175  -0.002345  -0.029194   0.037036  -0.005497
 176   0.012673   0.002612   0.008113  -0.023398
 177   0.000870  -0.018475  -0.004791   0.022396
 178  -0.034618  -0.023581   0.074857  -0.016659
 179  -0.003447  -0.007277   0.038286  -0.027562
