pos      val_A      val_C      val_G      val_T
   0   0.012919  -0.004802   0.013295  -0.021412
   1  -0.015329   0.017728   0.001500  -0.003898
   2   0.011769   0.013327  -0.014498  -0.010597
   3  -0.014560  -0.006590   0.015455   0.005695
   4  -0.007938   0.008949  -0.011635   0.010624
   5   0.017839  -0.011634   0.005909  -0.012113
   6  -0.006974   0.004423  -0.014353   0.016904
   7  -0.013439   0.006605  -0.014213   0.021047
   8   0.000458   0.018916  -0.015972  -0.003402
   9  -0.020376   0.007369   0.028792  -0.015785
  10  -0.000912   0.007584  -0.000038  -0.006634
  11  -0.026274   0.000089   0.002149   0.024036
  12  -0.007828  -0.011461   0.010653   0.008637
  13   0.000365   0.006770   0.000808  -0.007943
  14  -0.002164  -0.000193   0.023128  -0.020770
  15  -0.013004  -0.012269   0.001357   0.023916
  16   0.001963  -0.020529   0.014595   0.003971
  17   0.013916   0.005911  -0.023822   0.003995
  18   0.003314  -0.019543   0.006498   0.009731
  19   0.012408  -0.006181   0.000736  -0.006963
  20   0.024508  -0.038965   0.008030   0.006427
  21   0.010633   0.012073   0.025147  -0.047853
  22  -0.000198  -0.001204   0.010968  -0.009565
  23  -0.009189  -0.002704   0.015600  -0.003707
  24   0.008350  -0.003142  -0.012761   0.007553
  25  -0.001221  -0.001593  -0.004235   0.007049
  26   0.005392   0.004412  -0.003120  -0.006684
  27  -0.005684   0.019464  -0.013004  -0.000776
  28   0.016649  -0.026566   0.003377   0.006539
  29  -0.007057   0.003841  -0.014815   0.018032
  30   0.008914  -0.010773  -0.000068   0.001927
  31  -0.001220   0.013185  -0.013150   0.001185
  32   0.002330   0.012728  -0.002954  -0.012103
  33   0.003775  -0.005625  -0.007426   0.009276
  34   0.000920   0.001150   0.002403  -0.004473
  35  -0.007669  -0.005223   0.009939   0.002953
  36   0.007067  -0.020423   0.001290   0.012066
  37   0.023406   0.003283   0.000551  -0.027240
  38  -0.008831   0.027092  -0.023102   0.004841
  39  -0.008640  -0.008963   0.039448  -0.021846
  40  -0.018274   0.047815  -0.027848  -0.001693
  41   0.007198   0.003287  -0.004469  -0.006016
  42  -0.007225  -0.004746   0.023075  -0.011104
  43  -0.006182   0.004393   0.013532  -0.011743
  44  -0.004588   0.005083  -0.007089   0.006595
  45   0.018488  -0.006402  -0.003011  -0.009076
  46  -0.003643   0.028245  -0.025270   0.000668
  47  -0.021846   0.011124  -0.012599   0.023322
  48  -0.002200   0.017556  -0.011441  -0.003915
  49  -0.015464  -0.007555   0.011510   0.011509
  50  -0.025539  -0.001073   0.001696   0.024916
  51  -0.003989   0.026123  -0.014039  -0.008095
  52   0.011695  -0.010567  -0.002612   0.001483
  53  -0.002365  -0.005386   0.028895  -0.021143
  54  -0.008651   0.017934  -0.010962   0.001679
  55  -0.012577   0.026827  -0.017391   0.003141
  56   0.004600  -0.049509   0.020094   0.024815
  57   0.021628  -0.003338  -0.007694  -0.010596
  58  -0.007466   0.013571  -0.004514  -0.001591
  59  -0.006530  -0.013328   0.005716   0.014141
  60  -0.019116   0.009662   0.004357   0.005097
  61  -0.028173   0.025457   0.001079   0.001638
  62  -0.021911   0.005061   0.022386  -0.005536
  63  -0.019495   0.024571   0.015016  -0.020092
  64  -0.013146  -0.014967   0.009121   0.018992
  65  -0.010818   0.024493  -0.010100  -0.003576
  66   0.012903  -0.011803  -0.007622   0.006522
  67  -0.004995   0.004080   0.009482  -0.008567
  68  -0.008714  -0.011274   0.027859  -0.007871
  69   0.014633  -0.003689  -0.005492  -0.005452
  70  -0.005086  -0.008973   0.012589   0.001470
  71  -0.014871   0.012003  -0.009711   0.012579
  72  -0.014714  -0.006607   0.020652   0.000669
  73  -0.001366   0.024322  -0.008420  -0.014536
  74   0.031991  -0.013339  -0.014529  -0.004123
  75  -0.003698   0.006323   0.010847  -0.013472
  76   0.013467  -0.005283   0.000665  -0.008849
  77  -0.021919   0.007055  -0.004156   0.019020
  78   0.000192   0.007707   0.002244  -0.010143
  79  -0.006431  -0.014705  -0.003044   0.024181
  80  -0.014444   0.007990  -0.013409   0.019862
  81   0.013134  -0.003915   0.010252  -0.019470
  82  -0.010600   0.012302   0.013945  -0.015647
  83   0.021118  -0.001248  -0.002488  -0.017382
  84  -0.017228  -0.016693   0.029889   0.004032
  85   0.002867   0.019388  -0.012887  -0.009368
  86  -0.014972   0.014697  -0.000414   0.000689
  87  -0.008308  -0.005419   0.013099   0.000628
  88   0.000137   0.001979  -0.011480   0.009363
  89   0.012847  -0.014363   0.002668  -0.001152
  90  -0.019856   0.011241   0.007921   0.000694
  91   0.001999  -0.015132   0.018636  -0.005503
  92  -0.015239   0.025460  -0.004298  -0.005923
  93  -0.003038  -0.018768   0.029938  -0.008131
  94   0.003514   0.005223  -0.003486  -0.005251
  95   0.000467   0.000046  -0.001058   0.000545
  96   0.027875  -0.008763  -0.008158  -0.010954
  97   0.012610   0.003489  -0.012922  -0.003176
  98  -0.017415  -0.006427   0.036972  -0.013130
  99   0.009010   0.010434  -0.011733  -0.007711
 100   0.001125  -0.002118   0.026814  -0.025821
 101  -0.017646   0.030987  -0.003407  -0.009934
 102  -0.053523  -0.009599   0.005890   0.057232
 103   0.029618   0.005007  -0.012004  -0.022620
 104  -0.042999   0.021685   0.014012   0.007302
 105   0.027758   0.003522  -0.012930  -0.018350
 106   0.004546   0.002056  -0.019648   0.013046
 107  -0.012035  -0.016560   0.002241   0.026354
 108  -0.005531   0.007577  -0.026445   0.024399
 109  -0.008768   0.004565   0.021963  -0.017760
 110   0.021135  -0.005194  -0.004928  -0.011013
 111   0.010201   0.003696  -0.012504  -0.001394
 112   0.004815  -0.008239   0.004696  -0.001273
 113   0.008502   0.013991  -0.017706  -0.004787
 114   0.006989  -0.016346   0.014764  -0.005408
 115  -0.001049   0.000774   0.002366  -0.002091
 116   0.004550   0.014802   0.003031  -0.022384
 117  -0.008729  -0.004732  -0.006986   0.020447
 118  -0.015917  -0.000560  -0.004840   0.021316
 119  -0.001892  -0.020505   0.019922   0.002474
 120  -0.005003  -0.015945   0.024213  -0.003265
 121  -0.005738   0.014976  -0.007784  -0.001453
 122  -0.010217   0.007608   0.004130  -0.001521
 123   0.030155  -0.024352  -0.009287   0.003483
 124  -0.016095   0.010757   0.003486   0.001851
 125   0.006555   0.014355  -0.000514  -0.020396
 126   0.028074  -0.000849  -0.007438  -0.019787
 127  -0.012687   0.019638   0.006790  -0.013742
 128  -0.014307  -0.007456  -0.008957   0.030719
 129  -0.004747   0.000998   0.002484   0.001266
 130   0.022266  -0.006501  -0.020474   0.004709
 131   0.010211  -0.011717   0.017320  -0.015814
 132  -0.002111  -0.013999   0.013625   0.002485
 133   0.002694   0.002285   0.008536  -0.013516
 134  -0.001262   0.011411   0.005405  -0.015554
 135  -0.001421   0.020792  -0.017205  -0.002166
 136  -0.013976  -0.020610  -0.007017   0.041603
 137   0.005414   0.015711  -0.018102  -0.003024
 138   0.017523   0.000162   0.000510  -0.018195
 139   0.033916  -0.013003  -0.019402  -0.001512
 140   0.004954   0.022489  -0.008647  -0.018797
 141  -0.008703  -0.004331  -0.009428   0.022463
 142  -0.005368  -0.015936   0.044652  -0.023348
 143  -0.014267  -0.019390   0.040165  -0.006508
 144  -0.003676  -0.006959   0.003856   0.006779
 145  -0.008799   0.022972  -0.000695  -0.013478
 146  -0.021933   0.005195  -0.050090   0.066827
 147   0.033891  -0.017318  -0.012559  -0.004014
 148   0.000744  -0.006385  -0.019997   0.025637
 149   0.037575  -0.002737  -0.024987  -0.009851
 150   0.037651   0.002270  -0.036507  -0.003413
 151   0.008298  -0.017188  -0.016684   0.025575
 152   0.001392  -0.002239   0.012909  -0.012062
 153   0.001050   0.010755  -0.003161  -0.008644
 154   0.000904   0.008097  -0.012131   0.003131
 155  -0.008764   0.014334  -0.006428   0.000858
 156  -0.006288   0.002148   0.021032  -0.016893
 157  -0.003149  -0.018501   0.033220  -0.011570
 158  -0.009292   0.012460  -0.013151   0.009984
 159   0.002501   0.019363  -0.017034  -0.004830
 160   0.030169  -0.011777   0.009075  -0.027466
 161  -0.007945   0.026002   0.000115  -0.018172
 162  -0.004857   0.001653   0.028746  -0.025542
 163  -0.007945  -0.005597  -0.013874   0.027416
 164   0.006221  -0.016273  -0.005664   0.015716
 165  -0.036037   0.022779   0.005798   0.007461
 166  -0.015561   0.019700   0.007293  -0.011433
 167  -0.017234   0.026849   0.019719  -0.029335
 168  -0.002031   0.000495   0.021797  -0.020260
 169  -0.014067   0.012775  -0.005094   0.006386
 170  -0.020958  -0.025972   0.023489   0.023441
 171   0.000499   0.008966   0.002644  -0.012109
 172   0.010699   0.003787   0.000489  -0.014975
 173   0.003723  -0.000689   0.029379  -0.032413
 174   0.018871  -0.020234   0.018516  -0.017152
 175   0.009203   0.011969   0.010376  -0.031548
 176  -0.000205   0.007676   0.024314  -0.031785
 177  -0.008071   0.012391  -0.003224  -0.001096
 178  -0.007380   0.002402  -0.024277   0.029255
 179   0.019053  -0.009111  -0.031033   0.021091
