pos      val_A      val_C      val_G      val_T
   0  -0.015188   0.008443  -0.007623   0.014368
   1   0.013228  -0.004267  -0.003480  -0.005481
   2  -0.001882  -0.009252   0.005991   0.005143
   3   0.006814   0.003934  -0.012012   0.001263
   4  -0.001349   0.019732   0.005310  -0.023692
   5  -0.005392   0.007614  -0.006389   0.004168
   6  -0.013677   0.013523   0.012953  -0.012799
   7   0.013322   0.002281  -0.005743  -0.009860
   8  -0.004029  -0.013093   0.007897   0.009224
   9   0.015713   0.006763  -0.024461   0.001985
  10  -0.003170  -0.014999   0.001110   0.017059
  11   0.027633   0.002564  -0.021412  -0.008785
  12   0.005529  -0.013828  -0.001636   0.009935
  13   0.000512  -0.001940   0.012752  -0.011323
  14   0.008501   0.011242  -0.023629   0.003886
  15  -0.023956   0.015108   0.012390  -0.003542
  16  -0.000478   0.015667  -0.000470  -0.014719
  17  -0.025118   0.003386   0.013915   0.007817
  18   0.013883   0.023674  -0.022551  -0.015005
  19  -0.013909   0.004209   0.009450   0.000250
  20  -0.014959   0.031027  -0.005069  -0.010999
  21  -0.024647  -0.000525   0.005042   0.020130
  22   0.009648   0.015245  -0.037283   0.012390
  23   0.007009  -0.006469  -0.010169   0.009630
  24  -0.012743   0.012095   0.009638  -0.008991
  25   0.000844  -0.009778  -0.006316   0.015250
  26  -0.007305  -0.011180   0.021373  -0.002888
  27  -0.000376  -0.008474   0.006631   0.002219
  28  -0.007154   0.021579  -0.013486  -0.000938
  29   0.007251  -0.013037   0.014005  -0.008219
  30  -0.024504   0.002779   0.008029   0.013697
  31   0.005249   0.006245  -0.027559   0.016065
  32   0.003732  -0.002837  -0.018987   0.018093
  33   0.006228   0.005392   0.018036  -0.029656
  34  -0.002046  -0.002051  -0.011655   0.015752
  35  -0.015811   0.002252   0.012639   0.000920
  36   0.008791   0.015493   0.005205  -0.029489
  37  -0.001572  -0.030737   0.011983   0.020326
  38   0.013749  -0.013621  -0.012306   0.012178
  39   0.016793   0.006210  -0.024642   0.001638
  40  -0.004625  -0.031903   0.032157   0.004372
  41   0.009002  -0.003956   0.000996  -0.006042
  42  -0.022303   0.048239  -0.011162  -0.014773
  43   0.020032  -0.006248  -0.006622  -0.007163
  44   0.009595  -0.009638   0.001956  -0.001913
  45  -0.016613  -0.000586   0.014146   0.003053
  46   0.003804  -0.026204  -0.000375   0.022776
  47  -0.014106   0.005018   0.013717  -0.004629
  48  -0.003677  -0.013595   0.009676   0.007595
  49   0.000962   0.010052  -0.019113   0.008098
  50   0.010882  -0.014001   0.000902   0.002217
  51   0.002466   0.013695  -0.002980  -0.013180
  52   0.009803   0.004202  -0.002656  -0.011349
  53  -0.000498   0.004173  -0.030222   0.026547
  54   0.005223  -0.011856   0.007983  -0.001350
  55   0.002522  -0.013586   0.025683  -0.014618
  56  -0.006226   0.020841  -0.011737  -0.002878
  57   0.003352  -0.012349   0.000513   0.008484
  58  -0.010703  -0.013067   0.002750   0.021020
  59   0.010232  -0.005157   0.009257  -0.014332
  60   0.053857  -0.033776  -0.007824  -0.012258
  61   0.035727  -0.024086  -0.000251  -0.011390
  62   0.008436  -0.010460  -0.009197   0.011222
  63   0.037811  -0.032099  -0.007933   0.002222
  64   0.003041   0.009796  -0.001768  -0.011069
  65   0.001945  -0.015393   0.013794  -0.000346
  66   0.000481   0.003868   0.012539  -0.016888
  67   0.002922   0.019691  -0.022161  -0.000453
  68   0.004753   0.003425  -0.030319   0.022141
  69   0.006843   0.007800  -0.007272  -0.007371
  70   0.010374   0.003897  -0.022633   0.008362
  71   0.008276  -0.021629   0.015375  -0.002023
  72   0.011017   0.003268  -0.002772  -0.011513
  73  -0.000839  -0.031054   0.013754   0.018140
  74  -0.044899   0.019982   0.017092   0.007825
  75  -0.009438  -0.002730   0.019314  -0.007146
  76  -0.040032  -0.005919   0.021417   0.024534
  77   0.001663  -0.019817   0.014158   0.003995
  78   0.007707  -0.010575   0.013263  -0.010395
  79  -0.016938  -0.001206  -0.004325   0.022469
  80  -0.006303  -0.013189   0.027335  -0.007842
  81  -0.006203  -0.000019  -0.001237   0.007459
  82  -0.005646  -0.008142  -0.002215   0.016002
  83  -0.021521  -0.004663   0.005128   0.021056
  84   0.011547   0.009167  -0.025166   0.004452
  85   0.007951  -0.029379   0.010830   0.010598
  86   0.008635  -0.008230   0.002854  -0.003260
  87   0.013975  -0.007377  -0.021214   0.014616
  88   0.004475   0.000341   0.002339  -0.007154
  89  -0.016559   0.011591  -0.004905   0.009873
  90   0.008770   0.004799  -0.006016  -0.007553
  91  -0.003519  -0.008065   0.002577   0.009007
  92  -0.010338  -0.014471   0.014754   0.010056
  93  -0.011276   0.020855  -0.019917   0.010337
  94  -0.012382   0.002405   0.004381   0.005595
  95  -0.006847  -0.000160   0.003998   0.003010
  96  -0.023394   0.004137   0.007653   0.011604
  97   0.009572  -0.012036   0.017614  -0.015151
  98   0.015091   0.015617  -0.015766  -0.014942
  99  -0.012352   0.005982  -0.007444   0.013814
 100   0.010363   0.017521  -0.041039   0.013155
 101   0.008220  -0.015346   0.007072   0.000054
 102   0.026376   0.016230  -0.016812  -0.025794
 103   0.001674  -0.010440   0.012200  -0.003433
 104   0.032368  -0.025560   0.001432  -0.008240
 105  -0.020007   0.008673   0.007364   0.003970
 106   0.022777  -0.007657   0.002161  -0.017281
 107   0.004636  -0.020030   0.016992  -0.001598
 108   0.006551   0.002926   0.014991  -0.024469
 109  -0.007956  -0.020516   0.013604   0.014868
 110  -0.009688   0.009961  -0.003270   0.002997
 111  -0.012822   0.011010   0.013781  -0.011968
 112   0.002903   0.008385  -0.000977  -0.010311
 113  -0.021279  -0.000337   0.014185   0.007432
 114   0.014065   0.005662  -0.026684   0.006957
 115  -0.005325  -0.002944   0.002479   0.005791
 116   0.000195  -0.006058  -0.004897   0.010759
 117  -0.009569   0.008548  -0.000135   0.001157
 118   0.015831  -0.000629  -0.017012   0.001811
 119  -0.000152  -0.003235  -0.000683   0.004070
 120  -0.002967   0.017776  -0.018965   0.004155
 121  -0.011346   0.007455   0.002605   0.001286
 122   0.006478   0.002303  -0.000652  -0.008128
 123  -0.042829   0.017197   0.011423   0.014209
 124   0.013831   0.005550  -0.011421  -0.007960
 125   0.006041  -0.010278  -0.010492   0.014729
 126  -0.026377  -0.003642   0.012955   0.017064
 127   0.011313  -0.006486   0.003446  -0.008273
 128   0.001125   0.011203   0.000904  -0.013232
 129   0.005135  -0.012300   0.016089  -0.008923
 130  -0.002290  -0.000646   0.000037   0.002899
 131   0.013267   0.009507  -0.039092   0.016318
 132  -0.011707   0.016818  -0.013141   0.008030
 133  -0.011815  -0.006179   0.010496   0.007498
 134   0.007224  -0.010862  -0.008254   0.011892
 135   0.012062  -0.013937  -0.009934   0.011809
 136  -0.008513   0.017787  -0.003920  -0.005354
 137  -0.021162   0.003924   0.012313   0.004925
 138   0.008060  -0.008159  -0.004400   0.004499
 139  -0.023780   0.001031   0.010275   0.012475
 140  -0.011181  -0.004742  -0.004406   0.020330
 141   0.054546  -0.005520  -0.015282  -0.033745
 142   0.015160   0.006566  -0.030126   0.008400
 143   0.001234   0.015680  -0.021650   0.004736
 144   0.001743  -0.016275   0.008541   0.005991
 145   0.003833   0.000384  -0.000447  -0.003771
 146   0.027439  -0.009524   0.049304  -0.067220
 147  -0.028887   0.025251   0.006682  -0.003046
 148   0.017687   0.003769   0.017523  -0.038978
 149  -0.027584  -0.012914   0.022505   0.017993
 150  -0.022961   0.005227   0.017023   0.000710
 151  -0.016778   0.019447  -0.002234  -0.000434
 152  -0.000103   0.006605   0.009585  -0.016087
 153   0.003157   0.009699  -0.016398   0.003541
 154   0.013461   0.002548  -0.024580   0.008572
 155  -0.005267  -0.015715   0.023768  -0.002785
 156  -0.000695   0.006365   0.011445  -0.017114
 157  -0.005568   0.007820  -0.003606   0.001354
 158  -0.007705  -0.015270   0.024906  -0.001931
 159   0.033228  -0.006675  -0.020509  -0.006044
 160  -0.045437   0.014804  -0.000335   0.030968
 161  -0.008755   0.015198   0.014326  -0.020769
 162  -0.031644   0.031155  -0.038700   0.039188
 163  -0.034713   0.038557  -0.019523   0.015680
 164  -0.034545   0.019070   0.007460   0.008015
 165   0.007355   0.009139   0.005018  -0.021512
 166  -0.000870  -0.006901   0.011699  -0.003928
 167   0.012815   0.049580  -0.034711  -0.027685
 168   0.012205   0.004568   0.000987  -0.017760
 169  -0.003455  -0.035850   0.019884   0.019421
 170  -0.019513   0.003985  -0.018206   0.033735
 171  -0.000957  -0.002667   0.010104  -0.006481
 172  -0.018343   0.010994  -0.003950   0.011300
 173   0.000592  -0.007248  -0.008655   0.015311
 174  -0.004793   0.029326  -0.035194   0.010660
 175   0.005141  -0.045724   0.001406   0.039177
 176  -0.011940   0.009886   0.004114  -0.002060
 177   0.033881  -0.019806  -0.016789   0.002715
 178   0.014184   0.034755  -0.011474  -0.037464
 179   0.008504   0.019664  -0.015205  -0.012962
