pos      val_A      val_C      val_G      val_T
   0  -0.000262   0.000218   0.000183  -0.000140
   1   0.000556  -0.000054  -0.000310  -0.000191
   2   0.000717   0.000294  -0.000494  -0.000517
   3   0.000698   0.000588  -0.000817  -0.000470
   4   0.000243  -0.000402   0.000034   0.000125
   5   0.000755  -0.000185  -0.000082  -0.000488
   6   0.000426  -0.000201  -0.000056  -0.000168
   7  -0.000267  -0.000441   0.000150   0.000558
   8   0.000412  -0.001023   0.001088  -0.000476
   9   0.000071   0.000222  -0.000513   0.000220
  10   0.000265  -0.000589  -0.000024   0.000349
  11   0.000241   0.000461  -0.000361  -0.000340
  12  -0.000487   0.000532  -0.000160   0.000115
  13  -0.000122  -0.000149  -0.000098   0.000369
  14  -0.000459  -0.000183   0.000408   0.000235
  15  -0.000044  -0.000137   0.000529  -0.000349
  16  -0.000144   0.000921  -0.000164  -0.000613
  17   0.000767  -0.000416  -0.000115  -0.000236
  18   0.000249  -0.000233   0.000271  -0.000286
  19  -0.000176  -0.000036   0.000546  -0.000334
  20   0.000212  -0.000496   0.000369  -0.000085
  21  -0.000333   0.000685   0.000084  -0.000436
  22  -0.000330   0.000161   0.000256  -0.000087
  23   0.000021  -0.000237   0.000160   0.000056
  24  -0.000272  -0.000405   0.000483   0.000193
  25  -0.000134   0.000219   0.000813  -0.000897
  26   0.000037   0.000285  -0.000344   0.000022
  27   0.000181   0.000595  -0.000715  -0.000061
  28  -0.000012  -0.000711   0.000009   0.000714
  29   0.000336   0.000345  -0.000291  -0.000390
  30  -0.000692   0.000528   0.000178  -0.000014
  31   0.000214   0.000506  -0.000764   0.000044
  32   0.000025  -0.000175  -0.000453   0.000603
  33  -0.000113  -0.000069   0.000259  -0.000076
  34  -0.000059  -0.000166   0.000132   0.000093
  35  -0.000941   0.000419   0.000479   0.000043
  36   0.000265  -0.000568   0.000679  -0.000376
  37  -0.000121  -0.000154   0.000249   0.000027
  38  -0.000310   0.000246  -0.000104   0.000168
  39  -0.000255  -0.000068   0.000019   0.000304
  40  -0.000420   0.000056   0.000487  -0.000123
  41  -0.000033   0.000352   0.000026  -0.000345
  42   0.000401  -0.000263  -0.000178   0.000041
  43   0.000468  -0.000888  -0.000002   0.000422
  44   0.000246   0.000260   0.000092  -0.000598
  45   0.000064  -0.000490   0.000566  -0.000140
  46  -0.000059   0.000383  -0.000480   0.000156
  47  -0.000593   0.001102  -0.000178  -0.000330
  48   0.000257   0.000947  -0.000632  -0.000571
  49  -0.000012  -0.000149  -0.000288   0.000450
  50  -0.000832   0.000191   0.000807  -0.000165
  51  -0.000238  -0.000935   0.000698   0.000475
  52   0.000489   0.000190  -0.000871   0.000192
  53   0.000448   0.000327  -0.000769  -0.000007
  54  -0.000899  -0.000246   0.000307   0.000838
  55  -0.000250  -0.000115   0.000143   0.000222
  56   0.000053   0.000164  -0.000361   0.000144
  57  -0.000261   0.000680  -0.000134  -0.000285
  58  -0.001039   0.000191   0.001468  -0.000619
  59  -0.000269   0.000108   0.000197  -0.000036
  60   0.000462  -0.000528   0.000218  -0.000152
  61  -0.000004  -0.000034   0.000458  -0.000419
  62   0.000171  -0.000092   0.000341  -0.000420
  63   0.000811  -0.000165   0.000064  -0.000710
  64   0.000621   0.000565  -0.000614  -0.000572
  65   0.000269  -0.000191   0.000084  -0.000163
  66  -0.000135   0.000018  -0.000252   0.000369
  67   0.000183   0.000181   0.000441  -0.000806
  68   0.000388  -0.000448   0.000537  -0.000477
  69   0.000122  -0.000143  -0.000493   0.000514
  70   0.000094  -0.000787   0.000214   0.000480
  71  -0.000204   0.000831  -0.000283  -0.000343
  72   0.000391  -0.000628  -0.000004   0.000241
  73   0.000900  -0.000788  -0.000105  -0.000007
  74   0.000443  -0.000270  -0.000536   0.000364
  75  -0.000169  -0.000405   0.000223   0.000351
  76   0.000258  -0.000277  -0.000378   0.000397
  77  -0.000485  -0.000039   0.000124   0.000400
  78  -0.000507   0.000347   0.000412  -0.000251
  79  -0.000306  -0.000171  -0.000039   0.000515
  80  -0.000787   0.000073   0.000290   0.000424
  81   0.000394   0.000240   0.000216  -0.000851
  82   0.000265   0.000389  -0.000059  -0.000595
  83   0.000927  -0.000598  -0.000334   0.000004
  84   0.000059  -0.000165  -0.000253   0.000359
  85   0.000461   0.000112  -0.000618   0.000045
  86   0.000392  -0.000492   0.000308  -0.000208
  87  -0.000030   0.000192  -0.000292   0.000129
  88   0.000327   0.000931  -0.000476  -0.000781
  89  -0.000631  -0.000559   0.001075   0.000115
  90  -0.000163  -0.000234  -0.000226   0.000623
  91  -0.000823  -0.000255   0.000361   0.000718
  92   0.000094  -0.000383   0.000309  -0.000020
  93  -0.001111  -0.000365   0.000894   0.000582
  94   0.000011  -0.000193   0.000369  -0.000187
  95   0.000758  -0.000039  -0.000566  -0.000153
  96  -0.000514   0.000021   0.000232   0.000261
  97   0.000213  -0.000760  -0.000364   0.000911
  98   0.000441  -0.001044   0.000220   0.000384
  99   0.000100  -0.000426   0.000284   0.000042
 100  -0.000382   0.000179   0.000577  -0.000374
 101  -0.000479   0.001088  -0.000299  -0.000310
 102  -0.000244  -0.000239   0.000113   0.000370
 103   0.000506   0.000160   0.000044  -0.000710
 104   0.000106  -0.000067  -0.000731   0.000692
 105  -0.000107  -0.000086   0.000514  -0.000321
 106  -0.001094   0.000795  -0.000193   0.000492
 107  -0.000988  -0.000031   0.000774   0.000245
 108   0.000292  -0.000128  -0.000239   0.000076
 109  -0.000219  -0.000391   0.000356   0.000253
 110  -0.000101   0.000413   0.000566  -0.000878
 111   0.000049   0.000173  -0.000401   0.000178
 112  -0.000191   0.000132   0.000121  -0.000062
 113   0.000302  -0.000258  -0.000390   0.000345
 114   0.000003   0.000194  -0.000192  -0.000005
 115  -0.000296   0.001203  -0.000540  -0.000366
 116  -0.000585  -0.000633   0.000636   0.000582
 117  -0.000130   0.000086  -0.000685   0.000729
 118  -0.000315   0.000038  -0.000332   0.000609
 119  -0.000569  -0.000300   0.000170   0.000699
 120  -0.000056   0.000402  -0.000392   0.000046
 121  -0.000444   0.000496  -0.000365   0.000314
 122  -0.000176  -0.000139   0.000350  -0.000034
 123   0.000500  -0.001056   0.000380   0.000176
 124   0.000116   0.000351  -0.000044  -0.000424
 125   0.000010   0.000800   0.000045  -0.000856
 126   0.000117  -0.000362   0.000303  -0.000058
 127  -0.000311   0.000299   0.000349  -0.000337
 128   0.000016  -0.000517   0.000086   0.000415
 129   0.000299   0.000649  -0.000704  -0.000244
 130   0.000265  -0.000178  -0.000037  -0.000050
 131   0.001145  -0.000060  -0.000237  -0.000848
 132   0.000244  -0.000555  -0.000744   0.001055
 133   0.000034   0.000895  -0.000017  -0.000912
 134  -0.000000  -0.000855   0.000448   0.000407
 135  -0.000500   0.000839   0.000320  -0.000659
 136  -0.000012   0.000004   0.000331  -0.000322
 137  -0.000188   0.000440   0.000247  -0.000499
 138   0.000283   0.000130  -0.000485   0.000072
 139   0.000199  -0.000595   0.000398  -0.000002
 140  -0.000340   0.000428  -0.000148   0.000060
 141   0.000487  -0.000677   0.000794  -0.000604
 142  -0.000075   0.000273  -0.000154  -0.000044
 143  -0.000097  -0.000006   0.000277  -0.000174
 144  -0.000767   0.000241   0.000493   0.000033
 145  -0.000253   0.000173   0.000117  -0.000038
 146   0.000124  -0.000351  -0.000132   0.000359
 147   0.000533  -0.000479  -0.000125   0.000071
 148   0.000350   0.000206  -0.000025  -0.000531
 149  -0.000467  -0.000246   0.000254   0.000460
 150  -0.000044   0.000113   0.000010  -0.000078
 151  -0.000617   0.000582   0.000188  -0.000153
 152  -0.000304   0.000519  -0.000292   0.000076
 153  -0.000311   0.000343  -0.000287   0.000255
 154   0.000331  -0.000866  -0.000258   0.000793
 155  -0.000845   0.000479   0.000154   0.000213
 156  -0.000108   0.000191  -0.000267   0.000184
 157  -0.000416   0.000509  -0.000626   0.000533
 158  -0.000414  -0.000464  -0.000025   0.000902
 159  -0.000529   0.000422   0.000212  -0.000105
 160  -0.000053  -0.000181   0.000157   0.000077
 161  -0.000327  -0.000262   0.000521   0.000068
 162  -0.000122  -0.000041   0.000168  -0.000005
 163   0.000994   0.000199  -0.001286   0.000093
 164  -0.000596   0.000199   0.000074   0.000323
 165  -0.000085   0.000515  -0.000344  -0.000086
 166  -0.000392   0.000222  -0.000061   0.000231
 167  -0.000001  -0.000389   0.000408  -0.000018
 168  -0.000771   0.000878  -0.000259   0.000151
 169   0.000347   0.000007   0.000384  -0.000738
 170  -0.000643   0.000510   0.000421  -0.000288
 171  -0.000498   0.000031   0.000323   0.000143
 172   0.000352  -0.001243   0.000938  -0.000047
 173   0.000166   0.000015  -0.000311   0.000130
 174   0.000193   0.000123  -0.000205  -0.000111
 175   0.000524  -0.000501  -0.000265   0.000243
 176   0.000466   0.000424  -0.000352  -0.000538
 177   0.000686  -0.000754   0.000392  -0.000324
 178   0.000472   0.000470  -0.000302  -0.000640
 179   0.000535  -0.000491  -0.000242   0.000198
