pos      val_A      val_C      val_G      val_T
   0  -0.001766   0.017929  -0.002862  -0.013301
   1   0.019484  -0.016513   0.026626  -0.029597
   2   0.020819  -0.020084   0.007675  -0.008410
   3   0.008111  -0.008019  -0.001159   0.001067
   4   0.014138   0.029797  -0.020764  -0.023171
   5  -0.006677   0.013600  -0.013975   0.007051
   6   0.012582   0.018127  -0.008726  -0.021983
   7   0.020062  -0.016791   0.019812  -0.023083
   8   0.001013  -0.019988   0.011889   0.007086
   9  -0.001644   0.008491  -0.030651   0.023803
  10  -0.003928   0.025697  -0.023378   0.001609
  11   0.034414   0.002659  -0.012452  -0.024621
  12  -0.012475   0.030173  -0.015064  -0.002634
  13  -0.004324   0.005505   0.003382  -0.004564
  14   0.002284   0.004697  -0.018091   0.011110
  15  -0.021117   0.024618  -0.002914  -0.000586
  16  -0.031374   0.023468   0.002408   0.005497
  17  -0.010644  -0.008413   0.009656   0.009401
  18   0.015733   0.039042  -0.031859  -0.022916
  19  -0.022356   0.023962  -0.003343   0.001737
  20  -0.013644   0.039091  -0.014649  -0.010798
  21  -0.034408   0.003680  -0.011433   0.042161
  22  -0.015045  -0.004159   0.018860   0.000344
  23   0.020389  -0.003496  -0.025860   0.008968
  24   0.010122  -0.008190   0.002649  -0.004581
  25   0.012218  -0.007477   0.015824  -0.020566
  26  -0.015503  -0.000900  -0.000586   0.016989
  27   0.018863  -0.032940   0.016750  -0.002673
  28  -0.017293   0.012523   0.003015   0.001755
  29   0.005450   0.001174   0.023178  -0.029802
  30  -0.015087   0.006128  -0.006084   0.015043
  31   0.004952  -0.003143  -0.013759   0.011950
  32   0.003693  -0.012182   0.001271   0.007218
  33   0.008049   0.010804   0.018724  -0.037577
  34   0.001831   0.008712   0.000572  -0.011115
  35   0.014813   0.011558  -0.035843   0.009472
  36  -0.004397   0.016774   0.009172  -0.021549
  37  -0.003356  -0.022056   0.007295   0.018118
  38   0.004798  -0.019548  -0.002196   0.016946
  39   0.010482  -0.006593  -0.013530   0.009642
  40   0.024539  -0.037696   0.004217   0.008940
  41  -0.007041   0.006429   0.007240  -0.006628
  42   0.003681   0.032224  -0.031927  -0.003979
  43   0.015159   0.000278  -0.032421   0.016984
  44   0.010977  -0.023275   0.014206  -0.001909
  45  -0.019716   0.002078   0.018226  -0.000588
  46   0.009386  -0.017608   0.009914  -0.001693
  47   0.001773  -0.009800   0.015653  -0.007626
  48   0.003498  -0.003444  -0.000055   0.000001
  49   0.011511   0.001606  -0.007607  -0.005510
  50   0.031386  -0.003852   0.003186  -0.030720
  51  -0.011013   0.000355   0.022267  -0.011609
  52  -0.000385   0.012687  -0.011278  -0.001024
  53   0.006460   0.003169  -0.037747   0.028118
  54   0.001565  -0.025440   0.007613   0.016261
  55   0.014913  -0.018912   0.014908  -0.010910
  56  -0.008443   0.044136  -0.018670  -0.017023
  57  -0.017506   0.011552  -0.007124   0.013077
  58  -0.025360   0.006981   0.009321   0.009058
  59   0.007842   0.013916   0.002855  -0.024614
  60   0.005220  -0.012482   0.011799  -0.004536
  61   0.023630  -0.025772   0.004163  -0.002022
  62   0.013296  -0.011646  -0.001820   0.000170
  63   0.023522  -0.022893  -0.011861   0.011232
  64   0.018596   0.016635  -0.020421  -0.014810
  65   0.012101  -0.020985   0.003070   0.005814
  66  -0.005655   0.017137   0.000220  -0.011702
  67  -0.007699  -0.003938   0.005911   0.005725
  68  -0.010994  -0.005119  -0.012094   0.028207
  69   0.006145   0.004431   0.002663  -0.013239
  70   0.013223   0.000196  -0.018617   0.005198
  71   0.022976  -0.014179   0.001979  -0.010776
  72   0.014676   0.012154  -0.022344  -0.004486
  73   0.009052  -0.042759   0.013774   0.019933
  74  -0.034751   0.009918   0.023132   0.001701
  75  -0.008253   0.022849   0.008105  -0.022701
  76  -0.009108   0.006726   0.006541  -0.004159
  77   0.029839  -0.006739  -0.010976  -0.012125
  78   0.009583   0.007648   0.009342  -0.026573
  79  -0.004094  -0.005270  -0.005070   0.014434
  80   0.011947  -0.007131   0.009041  -0.013856
  81   0.018665  -0.008269  -0.033887   0.023490
  82  -0.004555   0.012593  -0.004650  -0.003388
  83  -0.014975   0.011058  -0.003613   0.007530
  84   0.003358   0.009856  -0.021468   0.008254
  85  -0.005578  -0.012598   0.014503   0.003673
  86  -0.015990  -0.019426   0.021830   0.013586
  87   0.019737   0.004172  -0.004143  -0.019765
  88   0.005708   0.006397  -0.007206  -0.004899
  89  -0.008341   0.018477  -0.012952   0.002815
  90   0.005095   0.014262  -0.024319   0.004962
  91   0.015711  -0.017969  -0.005228   0.007486
  92   0.004040  -0.038327   0.006742   0.027544
  93   0.004136   0.008786  -0.027206   0.014285
  94  -0.027926   0.021538   0.016952  -0.010565
  95  -0.007691  -0.005128   0.006027   0.006792
  96  -0.008214   0.011262  -0.019883   0.016835
  97  -0.012108   0.006957   0.001851   0.003301
  98   0.017833   0.005822  -0.036222   0.012568
  99  -0.003525   0.014840  -0.006176  -0.005139
 100   0.017743   0.007145  -0.034141   0.009253
 101   0.020039  -0.011151  -0.018949   0.010061
 102   0.021005   0.006074   0.019383  -0.046462
 103  -0.041801   0.001431   0.019580   0.020791
 104   0.026987  -0.031333   0.005067  -0.000721
 105  -0.029807   0.015372   0.009749   0.004686
 106   0.002795   0.009236   0.002020  -0.014050
 107   0.004878  -0.017563   0.020145  -0.007460
 108   0.007407   0.017688   0.017625  -0.042720
 109  -0.007670   0.003364  -0.020734   0.025039
 110  -0.042008   0.021670   0.006311   0.014027
 111  -0.012103   0.017099   0.022194  -0.027189
 112   0.015855   0.007124  -0.011740  -0.011239
 113  -0.013080  -0.000031   0.018198  -0.005087
 114   0.007850   0.000075  -0.006819  -0.001106
 115  -0.005355  -0.013080   0.007044   0.011391
 116   0.002054  -0.031273   0.007431   0.021788
 117   0.003917  -0.007171   0.006658  -0.003405
 118   0.012003   0.008825  -0.012308  -0.008520
 119   0.005354   0.030557  -0.010160  -0.025751
 120  -0.008511   0.013667   0.005644  -0.010800
 121  -0.006749   0.018234  -0.024713   0.013227
 122   0.003329   0.000946   0.002823  -0.007097
 123  -0.043853   0.026060   0.013970   0.003823
 124   0.016475   0.017565  -0.011286  -0.022754
 125   0.008150  -0.004902  -0.013900   0.010651
 126  -0.006757  -0.028675   0.020563   0.014869
 127   0.017855  -0.018183   0.004165  -0.003837
 128   0.011319   0.001833   0.006407  -0.019558
 129  -0.014677   0.016153   0.002842  -0.004318
 130  -0.008236   0.004345   0.009499  -0.005607
 131  -0.001244   0.010361  -0.013465   0.004348
 132   0.028342  -0.005382  -0.022595  -0.000365
 133   0.011291  -0.026997  -0.006167   0.021873
 134  -0.000076  -0.008761  -0.014306   0.023144
 135   0.008439   0.013056  -0.030386   0.008891
 136   0.001885   0.024776   0.010715  -0.037377
 137  -0.022182  -0.001639  -0.001357   0.025179
 138  -0.007036  -0.000516   0.002371   0.005181
 139  -0.041684   0.018547   0.016378   0.006759
 140  -0.032619  -0.002838   0.013413   0.022044
 141   0.000792  -0.001368   0.013049  -0.012474
 142   0.010956   0.002916  -0.023299   0.009426
 143  -0.000504   0.020043  -0.036889   0.017350
 144   0.012301   0.004164   0.007865  -0.024330
 145  -0.001802  -0.030937   0.019052   0.013687
 146   0.023827   0.004838   0.041439  -0.070103
 147  -0.040058   0.030335  -0.001806   0.011528
 148  -0.010930   0.015542   0.023208  -0.027820
 149  -0.008908   0.007913   0.010560  -0.009566
 150  -0.037538   0.010567   0.015452   0.011520
 151  -0.002743   0.018269   0.016379  -0.031904
 152  -0.009374  -0.013485   0.018237   0.004623
 153   0.000973  -0.027094   0.010991   0.015130
 154   0.006402  -0.015131  -0.001680   0.010410
 155   0.000040  -0.018185   0.008293   0.009852
 156   0.007420  -0.020523   0.010398   0.002705
 157  -0.007610  -0.001313  -0.027774   0.036696
 158   0.013910  -0.030664   0.013337   0.003417
 159  -0.008261  -0.018697   0.015560   0.011397
 160  -0.014487   0.030730  -0.031539   0.015296
 161  -0.008465   0.000462   0.018655  -0.010653
 162   0.006223  -0.013298  -0.004535   0.011610
 163  -0.013611  -0.001212   0.022160  -0.007337
 164  -0.033781   0.047115   0.009320  -0.022654
 165   0.025189  -0.007834   0.007524  -0.024879
 166  -0.019693   0.011171  -0.005641   0.014162
 167  -0.003191   0.004497  -0.040425   0.039118
 168   0.018642   0.040219  -0.039211  -0.019650
 169  -0.012642  -0.013705   0.030862  -0.004515
 170  -0.000388   0.013328   0.002780  -0.015721
 171  -0.010087  -0.014433   0.012909   0.011611
 172  -0.027987   0.022632  -0.014611   0.019966
 173  -0.019336   0.015636  -0.015160   0.018860
 174  -0.023540   0.043654  -0.030341   0.010226
 175  -0.003327  -0.025291  -0.001355   0.029974
 176  -0.000587  -0.018251  -0.020440   0.039278
 177   0.011620   0.007426   0.020052  -0.039099
 178   0.002280  -0.004464   0.045296  -0.043113
 179   0.001562  -0.007957   0.033923  -0.027528
