pos      val_A      val_C      val_G      val_T
   0  -0.036957   0.005589   0.016185   0.015183
   1  -0.015600   0.000678  -0.013337   0.028258
   2  -0.004453   0.013986   0.004803  -0.014337
   3  -0.009110   0.008315   0.004306  -0.003511
   4   0.048585  -0.007922  -0.043601   0.002938
   5   0.004961  -0.033427   0.025157   0.003309
   6   0.008254  -0.000501   0.033244  -0.040997
   7   0.003000  -0.024696   0.027302  -0.005606
   8   0.038479  -0.001932  -0.029856  -0.006691
   9  -0.001779  -0.005630  -0.012974   0.020382
  10  -0.001122   0.003323  -0.018127   0.015926
  11   0.006262  -0.003428   0.003672  -0.006506
  12   0.015020   0.011184  -0.035545   0.009341
  13  -0.005684   0.006805  -0.019016   0.017896
  14   0.012055  -0.030739  -0.014742   0.033427
  15   0.014306   0.002981  -0.000513  -0.016775
  16  -0.001852   0.017131   0.008385  -0.023664
  17  -0.012338   0.018109  -0.005680  -0.000091
  18  -0.016370  -0.011262   0.019722   0.007910
  19   0.001827  -0.013104   0.026239  -0.014963
  20  -0.015527   0.020454  -0.008327   0.003400
  21   0.023738   0.005649  -0.007362  -0.022025
  22  -0.004926  -0.001456   0.003460   0.002923
  23  -0.022149   0.011805   0.007061   0.003284
  24   0.002052  -0.017275   0.001776   0.013446
  25  -0.000476  -0.012041   0.021794  -0.009277
  26   0.044343  -0.015359  -0.039057   0.010072
  27   0.009610  -0.001993  -0.016563   0.008946
  28  -0.002593  -0.006552   0.015930  -0.006784
  29   0.006765  -0.013887   0.040290  -0.033168
  30  -0.010263  -0.012000   0.011753   0.010510
  31  -0.015868   0.018642  -0.008959   0.006185
  32  -0.006450  -0.007556   0.019892  -0.005886
  33   0.017589   0.029489  -0.023415  -0.023663
  34  -0.026774   0.000473   0.012145   0.014156
  35   0.011447  -0.033545   0.001671   0.020427
  36  -0.007406   0.013939  -0.012114   0.005581
  37   0.016819  -0.026858   0.010915  -0.000875
  38  -0.002107  -0.010656   0.001035   0.011728
  39  -0.029801  -0.016964   0.006691   0.040073
  40  -0.016323   0.016447  -0.012253   0.012129
  41  -0.022386   0.012753  -0.020285   0.029918
  42   0.018488  -0.023191   0.003161   0.001541
  43  -0.018737   0.017585  -0.023903   0.025055
  44   0.001732  -0.006081  -0.012157   0.016506
  45   0.006787   0.012435  -0.004555  -0.014666
  46   0.005375  -0.003832  -0.007949   0.006406
  47   0.037406   0.011563  -0.031308  -0.017661
  48   0.000969   0.017679   0.000828  -0.019476
  49  -0.006632  -0.012935   0.017054   0.002512
  50  -0.017668   0.016726  -0.023795   0.024736
  51  -0.013159   0.005278  -0.006959   0.014841
  52   0.002367  -0.023116   0.042958  -0.022208
  53   0.002325   0.003438  -0.021429   0.015666
  54  -0.004556  -0.017926   0.014683   0.007799
  55  -0.005008  -0.017174   0.023775  -0.001592
  56   0.026540  -0.012024  -0.010955  -0.003562
  57  -0.018517   0.010312   0.003656   0.004550
  58   0.000101  -0.009719   0.015488  -0.005870
  59   0.034610  -0.021938  -0.017602   0.004929
  60   0.002825   0.006298   0.008103  -0.017226
  61  -0.002067   0.020985   0.003766  -0.022684
  62   0.013299   0.025328  -0.007339  -0.031287
  63  -0.016415   0.003126   0.020852  -0.007563
  64   0.034407   0.018797  -0.029618  -0.023586
  65   0.017922   0.008451   0.005936  -0.032309
  66   0.006060  -0.004384   0.007249  -0.008925
  67  -0.014268   0.011174   0.010206  -0.007113
  68   0.007098  -0.016793   0.016502  -0.006807
  69  -0.018582  -0.006324   0.024930  -0.000024
  70   0.040627  -0.027050  -0.023337   0.009761
  71   0.016591   0.005475  -0.002984  -0.019082
  72   0.029129  -0.020113  -0.015737   0.006720
  73   0.015663  -0.005984   0.001083  -0.010762
  74   0.000636   0.006789   0.008775  -0.016200
  75  -0.002237   0.001413  -0.029415   0.030239
  76  -0.021129  -0.012312   0.016878   0.016564
  77  -0.029587   0.027001   0.013552  -0.010966
  78  -0.035271   0.003394  -0.042644   0.074522
  79  -0.023375  -0.029952  -0.030164   0.083492
  80  -0.035863  -0.018109   0.071674  -0.017702
  81   0.024227   0.054232  -0.026666  -0.051792
  82   0.011066   0.052696  -0.048511  -0.015252
  83   0.009699   0.003959  -0.002727  -0.010930
  84   0.026679  -0.008986  -0.025683   0.007990
  85   0.052078  -0.028921  -0.016246  -0.006911
  86   0.001300  -0.006784  -0.029238   0.034722
  87  -0.023373  -0.004201   0.002614   0.024961
  88   0.012243   0.015932   0.005022  -0.033197
  89   0.004623  -0.009875   0.000820   0.004432
  90   0.003060  -0.006187   0.012189  -0.009063
  91   0.002084  -0.017105   0.022597  -0.007577
  92  -0.016678   0.019444  -0.017147   0.014381
  93   0.052833  -0.001064  -0.033971  -0.017799
  94  -0.002053   0.011076  -0.015316   0.006293
  95  -0.013855   0.005843   0.001192   0.006820
  96   0.020997  -0.043629   0.008970   0.013662
  97  -0.097629   0.012695   0.006374   0.078560
  98   0.016753  -0.018775   0.028368  -0.026346
  99  -0.044427  -0.023999  -0.110812   0.179238
 100  -0.029507  -0.011335   0.047444  -0.006601
 101   0.003641  -0.006539  -0.004600   0.007498
 102  -0.042186  -0.034845  -0.008771   0.085801
 103   0.088729  -0.045804  -0.029933  -0.012991
 104  -0.034818  -0.017092  -0.008764   0.060674
 105   0.072435  -0.027165  -0.023414  -0.021856
 106   0.063881   0.000283  -0.060108  -0.004056
 107  -0.027640  -0.051479  -0.002020   0.081139
 108   0.038193  -0.023444  -0.030848   0.016099
 109  -0.013606  -0.014092   0.025126   0.002571
 110   0.007336  -0.030960   0.005332   0.018292
 111   0.020868  -0.006518  -0.012815  -0.001535
 112   0.001416   0.009765   0.018027  -0.029209
 113  -0.016887  -0.022617   0.009005   0.030499
 114  -0.002588   0.016110  -0.030714   0.017192
 115   0.022033   0.000122   0.003839  -0.025994
 116   0.006783  -0.012875   0.015864  -0.009771
 117   0.026840  -0.023461   0.002472  -0.005851
 118  -0.007708   0.000413  -0.013233   0.020529
 119  -0.006635  -0.015682   0.015061   0.007256
 120   0.010496  -0.008494  -0.003281   0.001279
 121   0.000673  -0.005260  -0.011232   0.015820
 122  -0.012688  -0.003231  -0.003709   0.019627
 123   0.024252  -0.033680   0.030501  -0.021072
 124   0.038681   0.010181  -0.030335  -0.018527
 125   0.020648   0.008023  -0.014413  -0.014259
 126  -0.008204  -0.016622   0.010326   0.014500
 127   0.029650   0.005616  -0.024385  -0.010880
 128   0.012840   0.002262  -0.005332  -0.009770
 129   0.033489  -0.016484   0.007123  -0.024128
 130  -0.005270   0.014867  -0.008144  -0.001453
 131  -0.005248  -0.019367  -0.004600   0.029214
 132  -0.006168   0.002965   0.018558  -0.015355
 133   0.003284  -0.000757   0.010201  -0.012727
 134  -0.005078  -0.012522   0.009231   0.008368
 135   0.010573  -0.014315   0.019384  -0.015642
 136  -0.024080   0.004212   0.024810  -0.004942
 137   0.007750  -0.008678  -0.005899   0.006827
 138   0.011829   0.001374  -0.002903  -0.010300
 139  -0.006962   0.033431  -0.029874   0.003405
 140  -0.006043  -0.002913   0.014293  -0.005336
 141   0.028770  -0.026615   0.023838  -0.025993
 142  -0.016795   0.027941  -0.023481   0.012335
 143   0.011152  -0.021053  -0.004156   0.014058
 144  -0.006510  -0.000719  -0.009072   0.016301
 145   0.017519  -0.038910  -0.020564   0.041955
 146   0.019914  -0.000639  -0.023915   0.004640
 147  -0.003871  -0.008791  -0.022661   0.035324
 148  -0.014106   0.002039  -0.012917   0.024983
 149   0.004002   0.030446  -0.009413  -0.025035
 150  -0.053924  -0.002150  -0.026307   0.082381
 151  -0.041029  -0.003814  -0.014988   0.059832
 152  -0.028411  -0.030385   0.083746  -0.024950
 153   0.007895  -0.012961  -0.011872   0.016939
 154  -0.043684   0.123526  -0.042674  -0.037168
 155  -0.020485  -0.033525   0.000774   0.053236
 156   0.018403  -0.017544  -0.020031   0.019173
 157   0.036092  -0.029083   0.002358  -0.009367
 158   0.010501  -0.017214   0.002696   0.004018
 159  -0.007875   0.001585   0.035532  -0.029242
 160   0.005201  -0.021042   0.006039   0.009802
 161  -0.000654  -0.018036   0.020479  -0.001790
 162  -0.001628  -0.013818   0.005587   0.009859
 163   0.005168  -0.009801  -0.012191   0.016824
 164   0.026106  -0.020959  -0.014930   0.009783
 165  -0.007095   0.002425   0.000092   0.004578
 166  -0.006938  -0.004950   0.002228   0.009660
 167   0.014901  -0.025878  -0.006159   0.017135
 168   0.015933  -0.023432  -0.004038   0.011537
 169   0.018633  -0.008918   0.000532  -0.010247
 170   0.006953  -0.007915  -0.005587   0.006549
 171  -0.003462  -0.003583   0.004649   0.002397
 172   0.009602  -0.016452  -0.013039   0.019888
 173  -0.002654  -0.021323   0.012769   0.011209
 174   0.001963  -0.011456  -0.011843   0.021336
 175   0.011607  -0.005457  -0.003843  -0.002308
 176   0.010025  -0.017214  -0.001860   0.009049
 177  -0.000448  -0.010730  -0.014565   0.025743
 178  -0.000486   0.010488  -0.029949   0.019947
 179   0.017319  -0.005259  -0.028278   0.016217
