pos      val_A      val_C      val_G      val_T
   0  -0.036203  -0.002027   0.014577   0.023653
   1   0.002505  -0.000088  -0.009670   0.007252
   2   0.009927   0.009391   0.000218  -0.019536
   3  -0.005413   0.003003  -0.005003   0.007413
   4   0.045187  -0.000899  -0.026405  -0.017882
   5   0.000181  -0.024607   0.012429   0.011997
   6   0.006133   0.012853   0.017805  -0.036792
   7  -0.009411  -0.015938   0.018629   0.006720
   8   0.037012   0.007761  -0.034746  -0.010027
   9   0.022677   0.005185  -0.021239  -0.006623
  10   0.010506  -0.013742  -0.018929   0.022166
  11   0.020719  -0.001877  -0.000463  -0.018379
  12   0.017488  -0.001370  -0.003870  -0.012248
  13  -0.011662  -0.000625  -0.012096   0.024382
  14   0.017533  -0.031384  -0.020849   0.034700
  15   0.005734   0.000053   0.000524  -0.006311
  16   0.011421   0.012468  -0.005972  -0.017917
  17  -0.006217   0.008034   0.001232  -0.003048
  18  -0.011724  -0.002837   0.017684  -0.003124
  19   0.004322  -0.003415   0.019447  -0.020353
  20  -0.006638   0.008747  -0.007979   0.005870
  21   0.023964   0.003447  -0.003274  -0.024136
  22   0.005521   0.021237  -0.013687  -0.013071
  23  -0.025121  -0.009926   0.011186   0.023862
  24  -0.019142  -0.006797   0.015758   0.010181
  25  -0.016821  -0.003396   0.027726  -0.007510
  26   0.018123  -0.017918  -0.019174   0.018969
  27   0.002493   0.009141   0.000930  -0.012565
  28   0.005037  -0.007910   0.009988  -0.007115
  29   0.011959  -0.006142   0.024430  -0.030248
  30   0.001072  -0.002142  -0.004919   0.005988
  31  -0.022098   0.026727  -0.018369   0.013740
  32  -0.000087  -0.004831   0.018520  -0.013602
  33   0.023204   0.015188  -0.021371  -0.017021
  34  -0.004242  -0.005957  -0.008185   0.018383
  35   0.008267   0.000215  -0.006867  -0.001615
  36  -0.001039   0.001383  -0.013490   0.013145
  37   0.006077  -0.034610   0.014637   0.013897
  38   0.006731  -0.015144   0.012805  -0.004392
  39  -0.025677  -0.014810   0.013933   0.026555
  40   0.000352   0.004777   0.002460  -0.007589
  41   0.003598   0.001355  -0.019309   0.014356
  42   0.018051  -0.029212   0.008104   0.003058
  43  -0.006807   0.013989  -0.024699   0.017517
  44  -0.004886   0.001024  -0.005104   0.008966
  45   0.024722   0.000294  -0.006340  -0.018676
  46   0.000355  -0.002658  -0.006170   0.008472
  47   0.025180   0.020592  -0.025132  -0.020639
  48  -0.003881   0.012148  -0.009898   0.001631
  49  -0.007504  -0.007616   0.018981  -0.003861
  50  -0.017879   0.010089  -0.017934   0.025724
  51  -0.008720   0.013997  -0.018366   0.013089
  52   0.008314  -0.011366   0.021915  -0.018863
  53  -0.001149   0.007550  -0.003949  -0.002451
  54  -0.011211  -0.010696   0.008734   0.013173
  55   0.012543  -0.029670   0.013709   0.003418
  56   0.026173  -0.036886  -0.007012   0.017725
  57  -0.025221   0.010632   0.020074  -0.005486
  58  -0.001798  -0.006297   0.007000   0.001095
  59   0.021327  -0.006788  -0.020285   0.005746
  60  -0.009605   0.016000   0.020899  -0.027294
  61  -0.008015   0.006319   0.000855   0.000841
  62   0.013704   0.011020  -0.004801  -0.019923
  63   0.013671  -0.003292  -0.002017  -0.008363
  64   0.034084   0.005503  -0.036831  -0.002757
  65   0.021516   0.015900  -0.005445  -0.031972
  66  -0.000232  -0.004636   0.009409  -0.004541
  67  -0.009131  -0.002764   0.015083  -0.003189
  68   0.011314  -0.009611   0.013072  -0.014774
  69   0.012667  -0.009643   0.016645  -0.019670
  70   0.025630  -0.013633  -0.023684   0.011688
  71   0.002603   0.039014  -0.021036  -0.020581
  72   0.024826  -0.008087  -0.014361  -0.002378
  73   0.000962  -0.000228   0.014303  -0.015037
  74   0.006107   0.004137   0.007826  -0.018070
  75   0.006936  -0.008828  -0.008076   0.009968
  76  -0.028487   0.007816   0.003035   0.017636
  77  -0.019849   0.021461   0.016868  -0.018480
  78  -0.056249  -0.005450  -0.032711   0.094409
  79  -0.024013  -0.053011  -0.018209   0.095233
  80  -0.046884  -0.046293   0.106496  -0.013319
  81   0.023476   0.055050  -0.034299  -0.044228
  82   0.034741   0.059142  -0.077020  -0.016863
  83   0.002202   0.006304  -0.018874   0.010368
  84   0.029765  -0.009689  -0.024094   0.004019
  85   0.031575  -0.024274  -0.022775   0.015474
  86   0.028463  -0.013237  -0.037482   0.022257
  87  -0.007963  -0.010193  -0.008105   0.026261
  88   0.014431   0.012282  -0.008822  -0.017891
  89   0.001532   0.004259   0.003431  -0.009222
  90  -0.002042  -0.011816   0.011358   0.002499
  91  -0.009296  -0.007954   0.027955  -0.010705
  92  -0.006247  -0.008022  -0.008834   0.023103
  93   0.048945  -0.002378  -0.028072  -0.018495
  94  -0.007142  -0.003856  -0.005761   0.016759
  95  -0.014116   0.007408  -0.015973   0.022682
  96   0.034178  -0.052867   0.004313   0.014376
  97  -0.095278  -0.011326   0.011214   0.095391
  98   0.008693  -0.010553   0.040565  -0.038705
  99  -0.040578  -0.038887  -0.079227   0.158692
 100  -0.006631  -0.013866   0.013391   0.007106
 101  -0.021527   0.038799  -0.008227  -0.009046
 102  -0.044435  -0.062439  -0.028373   0.135247
 103   0.151602  -0.064908  -0.052958  -0.033736
 104  -0.026531  -0.024194  -0.031099   0.081824
 105   0.101249  -0.029471  -0.041259  -0.030519
 106   0.083319   0.018298  -0.109705   0.008087
 107  -0.030679  -0.086849  -0.026491   0.144020
 108   0.033082  -0.028238  -0.047633   0.042788
 109   0.004466  -0.017036  -0.005299   0.017869
 110   0.005238  -0.023278  -0.001748   0.019788
 111   0.022953  -0.019102  -0.009989   0.006138
 112   0.004029   0.007357   0.005473  -0.016858
 113  -0.020278  -0.013468   0.017900   0.015847
 114  -0.014250   0.007782  -0.023470   0.029938
 115   0.039063  -0.015114   0.014961  -0.038910
 116   0.003804   0.006410  -0.005870  -0.004345
 117   0.024178  -0.021094   0.002247  -0.005331
 118  -0.008120   0.005247  -0.008324   0.011197
 119  -0.010401  -0.010125   0.016004   0.004522
 120   0.011840  -0.022504  -0.001355   0.012019
 121   0.010659  -0.006011  -0.006739   0.002090
 122  -0.017560   0.000964   0.000412   0.016183
 123   0.016722  -0.032734   0.038113  -0.022101
 124   0.020796   0.016235  -0.024125  -0.012906
 125   0.017368   0.008879  -0.011192  -0.015055
 126  -0.006228  -0.022738   0.012996   0.015970
 127   0.021671   0.009111  -0.023636  -0.007146
 128   0.001946   0.025068  -0.014103  -0.012911
 129   0.028793  -0.012926   0.012230  -0.028096
 130   0.001523   0.029702  -0.009634  -0.021591
 131  -0.008264  -0.026495  -0.004716   0.039475
 132  -0.003865   0.016902   0.000132  -0.013169
 133  -0.000256  -0.010998   0.009451   0.001803
 134  -0.008888  -0.010593   0.021863  -0.002382
 135   0.018946   0.006315   0.003374  -0.028635
 136  -0.022023  -0.003937   0.035572  -0.009612
 137  -0.012028  -0.007959  -0.000908   0.020896
 138   0.017672  -0.010556   0.011591  -0.018708
 139  -0.001234   0.023949  -0.030658   0.007942
 140   0.005887  -0.019704   0.009050   0.004767
 141   0.030671  -0.005122   0.009297  -0.034845
 142  -0.014291   0.011686  -0.010909   0.013515
 143  -0.001176   0.000241   0.011104  -0.010169
 144   0.007627  -0.016955   0.000387   0.008940
 145   0.025543  -0.037276  -0.018494   0.030227
 146   0.024217   0.006679  -0.020324  -0.010572
 147   0.010532  -0.020855  -0.006484   0.016808
 148  -0.007799  -0.009423   0.004754   0.012468
 149   0.007701   0.015827   0.003141  -0.026669
 150  -0.020447  -0.001121  -0.035102   0.056669
 151  -0.016985   0.017430  -0.021116   0.020671
 152  -0.018097  -0.022983   0.054034  -0.012954
 153   0.021032   0.008847   0.006668  -0.036547
 154  -0.030630   0.052956  -0.026674   0.004349
 155  -0.023818  -0.018151   0.008384   0.033585
 156   0.035713  -0.006457  -0.029851   0.000596
 157   0.012855  -0.027983   0.021885  -0.006757
 158  -0.004559  -0.022161   0.015011   0.011709
 159  -0.001698  -0.004025   0.042003  -0.036279
 160  -0.008200  -0.024559   0.037088  -0.004330
 161  -0.019079  -0.009321   0.041745  -0.013346
 162  -0.002770  -0.002988   0.000409   0.005348
 163   0.008995  -0.000341  -0.000151  -0.008503
 164   0.014142  -0.003101  -0.025870   0.014828
 165   0.001302   0.000344   0.005167  -0.006812
 166  -0.000075  -0.006729   0.006164   0.000639
 167   0.006726  -0.014682   0.003624   0.004332
 168   0.032120  -0.020284  -0.004251  -0.007585
 169   0.022398  -0.006705   0.008576  -0.024269
 170   0.015103  -0.017768  -0.006592   0.009258
 171   0.010012  -0.006442  -0.000042  -0.003527
 172   0.028290  -0.011601  -0.023677   0.006988
 173   0.020300  -0.027814  -0.005563   0.013077
 174   0.016091  -0.010005  -0.023642   0.017556
 175   0.042062  -0.010098  -0.033930   0.001966
 176   0.028951  -0.025687  -0.026386   0.023123
 177   0.037469  -0.027525  -0.035021   0.025077
 178   0.019933  -0.004623  -0.049614   0.034304
 179   0.017067   0.012740  -0.066003   0.036195
