pos          info
        0  1.205424e-06
        1 -1.615126e-05
        2 -1.558891e-04
        3 -1.179776e-05
        4  3.272449e-05
        5  7.852507e-05
        6  1.086717e-04
        7 -6.761166e-08
        8  6.056823e-06
        9  1.477012e-05
       10  6.430226e-06
       11  4.691719e-09
       12  3.323539e-05
       13  6.190949e-05
       14 -3.096004e-05
       15  4.410479e-06
       16  2.447893e-05
       17 -3.744834e-06
       18 -2.217545e-04
       19 -4.674211e-05
       20 -1.213999e-04
       21  3.116944e-04
       22 -2.791903e-05
       23 -1.565317e-04
       24 -2.145578e-04
       25 -1.220555e-05
       26 -3.478059e-04
       27 -2.017154e-05
       28 -1.503277e-06
       29 -1.993616e-04
       30 -3.616089e-06
       31  1.871219e-06
       32  2.234135e-04
       33  2.826079e-04
       34 -1.110051e-04
       35  1.443858e-04
       36  9.762945e-05
       37  1.780750e-05
       38 -2.583910e-06
       39 -1.199726e-04
       40  5.369999e-05
       41  2.808700e-04
       42  2.167252e-05
       43  1.701617e-04
       44  3.783680e-05
       45 -5.057277e-05
       46 -1.534964e-05
       47 -3.328629e-05
       48 -4.809208e-06
       49 -9.575249e-06
       50 -4.061081e-05
       51  1.806204e-04
       52 -1.995867e-04
       53  8.096645e-05
       54  7.135106e-05
       55  2.457482e-04
       56 -3.004012e-05
       57  4.784717e-05
       58 -8.991211e-06
       59 -1.190038e-04
       60  1.118751e-05
       61 -6.973358e-05
       62  5.336381e-07
       63  8.160984e-05
       64  2.597039e-04
       65 -2.815683e-04
       66 -1.041500e-05
       67  1.210576e-05
       68 -7.961687e-06
       69  7.214058e-06
       70 -1.747574e-04
       71  5.175028e-05
       72  2.601811e-04
       73 -3.785742e-07
       74  5.741235e-06
       75 -4.023454e-05
       76  2.448528e-04
       77  2.217846e-04
       78  1.464642e-03
       79  2.042997e-03
       80  2.358283e-03
       81 -5.837162e-04
       82 -8.751237e-04
       83  2.335589e-06
       84  1.617389e-04
       85  3.990938e-04
       86 -2.801230e-04
       87  1.235311e-05
       88 -3.763644e-04
       89  1.223369e-06
       90  3.235166e-05
       91 -3.480133e-05
       92  6.002425e-05
       93  6.523754e-04
       94 -2.601402e-05
       95 -3.077427e-05
       96 -1.912418e-04
       97 -2.215416e-03
       98  4.542367e-04
       99 -3.290494e-03
      100  7.484528e-04
      101 -8.610898e-05
      102  2.099776e-03
      103  1.579470e-03
      104  1.169029e-03
      105 -1.728452e-05
      106 -1.381462e-03
      107  2.252126e-03
      108  7.266404e-04
      109 -4.168776e-05
      110  9.010562e-06
      111 -5.231013e-06
      112  6.572830e-06
      113 -1.474341e-04
      114  5.412556e-07
      115  3.615447e-05
      116  4.985764e-05
      117 -3.246773e-06
      118 -3.767343e-05
      119 -1.093272e-04
      120  3.740471e-05
      121 -6.060815e-07
      122 -5.349320e-05
      123 -2.605535e-04
      124 -8.671045e-05
      125  4.357806e-05
      126  7.327469e-05
      127  1.424616e-04
      128 -9.303503e-07
      129 -1.642664e-04
      130  1.130693e-04
      131 -1.835463e-05
      132 -2.301757e-04
      133  7.583722e-07
      134 -5.660101e-05
      135 -2.728280e-05
      136 -1.924438e-04
      137  1.833582e-06
      138  3.229475e-05
      139 -2.659258e-05
      140  2.561714e-05
      141  2.460606e-05
      142  8.348871e-07
      143 -2.570617e-05
      144  1.804627e-04
      145  7.213319e-05
      146  4.889156e-05
      147  1.238016e-04
      148  3.048229e-04
      149  7.710146e-05
      150  1.028108e-03
      151  1.755612e-04
      152  1.897512e-03
      153  3.728555e-06
      154 -5.020549e-04
      155  8.598645e-04
      156  1.631824e-04
      157 -3.236473e-04
      158  3.108165e-06
      159 -2.767630e-06