pos      val_A      val_C      val_G      val_T
   0  -0.001048   0.030997   0.012919  -0.042868
   1  -0.016155   0.019289  -0.023044   0.019910
   2  -0.022621   0.009887   0.016080  -0.003345
   3  -0.006812   0.015330  -0.022423   0.013905
   4  -0.024923  -0.000959   0.009745   0.016137
   5  -0.020186  -0.002403  -0.007638   0.030228
   6  -0.003698   0.002387  -0.006660   0.007971
   7  -0.008758  -0.011237  -0.008665   0.028660
   8  -0.025309  -0.001206   0.029359  -0.002844
   9  -0.023041   0.022106  -0.004660   0.005594
  10  -0.004749   0.034213  -0.004074  -0.025390
  11  -0.014293  -0.003173   0.034102  -0.016637
  12  -0.015944   0.035465  -0.009366  -0.010155
  13  -0.028470   0.018933  -0.024352   0.033889
  14   0.007061  -0.011187  -0.084280   0.088407
  15  -0.003281   0.011715  -0.044114   0.035681
  16   0.007084   0.010735  -0.019957   0.002138
  17   0.036571  -0.039779   0.028034  -0.024826
  18  -0.012998   0.038744  -0.017770  -0.007976
  19  -0.003259   0.003964   0.022234  -0.022939
  20   0.050096  -0.027814  -0.000246  -0.022036
  21   0.030768  -0.014183   0.004870  -0.021456
  22  -0.018201   0.002172  -0.003498   0.019527
  23  -0.026998  -0.019271  -0.000010   0.046280
  24   0.016162   0.034076  -0.001999  -0.048239
  25   0.018547  -0.023502   0.007149  -0.002194
  26   0.000956  -0.019788  -0.012366   0.031198
  27   0.001818  -0.000718   0.006154  -0.007254
  28   0.022146  -0.033877   0.027630  -0.015898
  29   0.004754   0.021048  -0.036573   0.010771
  30  -0.005240   0.029247  -0.023544  -0.000463
  31  -0.046682  -0.016535   0.043497   0.019720
  32  -0.015427  -0.033174   0.047181   0.001420
  33  -0.026856   0.033277  -0.025653   0.019233
  34  -0.022012  -0.002701   0.017661   0.007052
  35  -0.038582  -0.028016   0.017833   0.048765
  36  -0.013041   0.002587  -0.010829   0.021283
  37   0.008080  -0.009225  -0.013952   0.015097
  38   0.027351  -0.007630   0.007214  -0.026935
  39  -0.011303  -0.000872   0.002896   0.009280
  40  -0.001706   0.022922  -0.003304  -0.017912
  41   0.001238   0.031338  -0.005217  -0.027359
  42   0.001516   0.045892  -0.016423  -0.030985
  43  -0.009522  -0.013845   0.010896   0.012471
  44  -0.013987   0.026777  -0.000034  -0.012756
  45  -0.009895  -0.019791   0.017731   0.011956
  46  -0.006286  -0.002751  -0.006681   0.015718
  47   0.008774  -0.043798   0.000606   0.034419
  48  -0.000620   0.028352   0.031102  -0.058835
  49   0.040838   0.007696  -0.015067  -0.033467
  50  -0.025510  -0.027073   0.033737   0.018845
  51  -0.001780   0.007984  -0.023596   0.017392
  52   0.006330  -0.010918   0.003227   0.001360
  53  -0.025675   0.008373  -0.004198   0.021500
  54   0.026818   0.016673  -0.023980  -0.019510
  55  -0.013763  -0.017163   0.027324   0.003602
  56   0.030561   0.001429  -0.031478  -0.000513
  57   0.002047   0.014229  -0.032908   0.016632
  58  -0.002243  -0.010080   0.020722  -0.008400
  59   0.011860  -0.010441  -0.022117   0.020698
  60  -0.012843  -0.011386   0.010734   0.013495
  61   0.037331   0.017055  -0.011481  -0.042905
  62  -0.029536   0.048431   0.017655  -0.036549
  63  -0.002373  -0.017964  -0.006916   0.027253
  64   0.020315  -0.007775   0.013359  -0.025899
  65   0.001748   0.011193  -0.017628   0.004687
  66  -0.011709   0.001882   0.009664   0.000163
  67  -0.001161   0.031544  -0.023456  -0.006927
  68   0.011511  -0.007392   0.025562  -0.029681
  69  -0.021558   0.019170  -0.017725   0.020112
  70  -0.001616   0.028758   0.011165  -0.038306
  71   0.022765   0.027214  -0.040970  -0.009009
  72   0.022974   0.005757  -0.009495  -0.019236
  73   0.020689  -0.023699   0.008306  -0.005297
  74  -0.008283  -0.022541   0.015907   0.014917
  75   0.030519   0.006148   0.002175  -0.038841
  76  -0.004507  -0.016919   0.026410  -0.004984
  77   0.022929  -0.039005   0.006675   0.009400
  78  -0.033563   0.000418   0.016188   0.016956
  79  -0.022653  -0.024251  -0.005335   0.052239
  80   0.041184   0.025220  -0.016632  -0.049772
  81  -0.046078  -0.014049  -0.019849   0.079975
  82  -0.002824  -0.031786  -0.008800   0.043410
  83  -0.041831   0.009210   0.064504  -0.031883
  84   0.049665   0.040303  -0.157630   0.067662
  85   0.023746   0.029601  -0.053656   0.000308
  86  -0.028261  -0.046911   0.049797   0.025375
  87   0.001480  -0.031164   0.024184   0.005501
  88   0.004879  -0.049351   0.005806   0.038666
  89   0.024394   0.039947  -0.051460  -0.012882
  90  -0.009487  -0.004571  -0.046424   0.060482
  91  -0.007505  -0.016231  -0.026080   0.049816
  92   0.014772   0.007125   0.014556  -0.036453
  93   0.009137  -0.005427   0.012656  -0.016366
  94   0.043457  -0.056753  -0.001956   0.015252
  95   0.005525   0.009635   0.008126  -0.023286
  96   0.046733   0.000309  -0.047021  -0.000021
  97  -0.000521  -0.016271   0.031261  -0.014469
  98   0.052667   0.015078  -0.061596  -0.006149
  99   0.001460  -0.002009  -0.048028   0.048577
 100   0.023324  -0.010987   0.010616  -0.022952
 101  -0.002276  -0.041149  -0.024151   0.067575
 102  -0.021910  -0.028139   0.077021  -0.026972
 103  -0.025109   0.031584  -0.007761   0.001287
 104  -0.046108  -0.021952  -0.039517   0.107576
 105   0.066328  -0.034725   0.006099  -0.037701
 106   0.002565  -0.005664  -0.033121   0.036220
 107   0.039120  -0.010230  -0.007398  -0.021492
 108   0.026570  -0.005705  -0.028905   0.008040
 109  -0.026474  -0.022788  -0.032680   0.081942
 110   0.030106   0.019078  -0.028389  -0.020794
 111   0.047621  -0.016977  -0.017714  -0.012930
 112   0.058939  -0.027377   0.004029  -0.035591
 113  -0.007084  -0.006224   0.018320  -0.005013
 114  -0.025607  -0.053670  -0.005184   0.084461
 115   0.022962  -0.000594  -0.029106   0.006738
 116  -0.026862   0.051793  -0.012928  -0.012002
 117   0.042336  -0.012525   0.005986  -0.035797
 118   0.023797  -0.000577  -0.014075  -0.009145
 119  -0.012372   0.011398   0.013556  -0.012582
 120   0.016662  -0.049987   0.033362  -0.000037
 121  -0.011919   0.002202  -0.026741   0.036458
 122   0.032403  -0.020314   0.012800  -0.024890
 123   0.020390   0.026635  -0.001362  -0.045663
 124  -0.013238   0.020372   0.002877  -0.010011
 125  -0.001395  -0.020049   0.018325   0.003119
 126   0.032228  -0.020572   0.006741  -0.018397
 127   0.014035  -0.004114   0.021880  -0.031800
 128   0.021789  -0.007798  -0.001533  -0.012459
 129   0.009012   0.003387   0.002062  -0.014461
 130  -0.025756   0.041897  -0.009184  -0.006957
 131  -0.032039   0.000504   0.033036  -0.001501
 132   0.002009  -0.010450  -0.004202   0.012643
 133  -0.007767  -0.018308   0.013078   0.012996
 134  -0.013245  -0.014343   0.019637   0.007951
 135   0.015115   0.005180  -0.015125  -0.005170
 136  -0.005321   0.034843  -0.032278   0.002756
 137  -0.020965   0.037952  -0.029719   0.012732
 138   0.027436  -0.014869  -0.002293  -0.010274
 139  -0.016584   0.013227   0.020040  -0.016682
 140   0.033618  -0.015412  -0.010755  -0.007451
 141   0.003455   0.002356  -0.024388   0.018577
 142   0.033624  -0.031732   0.022200  -0.024092
 143   0.013858   0.013685  -0.001262  -0.026281
 144  -0.039895   0.029198   0.002323   0.008373
 145   0.019441  -0.018638  -0.013945   0.013142
 146   0.022172  -0.007449  -0.013704  -0.001019
 147   0.004644   0.009310  -0.009832  -0.004122
 148  -0.002473  -0.042123   0.026119   0.018478
 149  -0.001412   0.014824  -0.001170  -0.012242
 150   0.024117  -0.012869   0.005963  -0.017211
 151   0.017133  -0.007101   0.030078  -0.040110
 152   0.023818  -0.001977  -0.007998  -0.013843
 153   0.035794  -0.007324  -0.007423  -0.021047
 154   0.005970   0.035494  -0.015176  -0.026288
 155   0.007583  -0.053884   0.011700   0.034601
 156  -0.020508   0.041463  -0.007412  -0.013544
 157   0.038732   0.013896  -0.019709  -0.032919
 158  -0.012151   0.038962   0.004568  -0.031379
 159  -0.007184  -0.002859   0.000095   0.009948
 160  -0.004903  -0.014062   0.008051   0.010914
 161  -0.006049  -0.008424   0.029733  -0.015260
 162   0.014652  -0.033056  -0.012047   0.030451
 163   0.007955  -0.025901   0.004556   0.013390
 164   0.006694   0.011795  -0.015187  -0.003302
 165   0.007426   0.010527  -0.017366  -0.000587
 166  -0.003961  -0.000881   0.015120  -0.010278
 167   0.011009   0.013085  -0.020426  -0.003668
 168  -0.012401  -0.003478   0.010767   0.005111
 169  -0.007123   0.011621   0.011863  -0.016361
 170   0.009026  -0.015881  -0.027110   0.033964
 171   0.011057  -0.006549   0.006077  -0.010584
 172   0.012096   0.002445  -0.003943  -0.010597
 173   0.036090  -0.021296  -0.004813  -0.009981
 174   0.038742  -0.011907  -0.018440  -0.008395
 175   0.010340  -0.003074  -0.025830   0.018564
 176  -0.017567   0.005946  -0.012634   0.024256
 177   0.009994   0.023697  -0.034570   0.000879
 178   0.041103  -0.000139  -0.051680   0.010716
 179   0.030352  -0.016342  -0.067746   0.053736
