pos          info
        0 -4.981977e-05
        1  8.685448e-06
        2  5.810228e-05
        3 -1.594799e-07
        4 -3.715799e-06
        5 -6.335196e-04
        6  6.059060e-05
        7 -8.999861e-06
        8 -4.328189e-05
        9 -8.799529e-04
       10  2.123270e-04
       11 -1.493619e-05
       12  1.141893e-04
       13 -1.096935e-04
       14  6.118491e-04
       15  6.447743e-05
       16 -5.044594e-06
       17  1.626554e-04
       18 -7.549508e-05
       19 -7.525076e-08
       20  2.216102e-04
       21  5.637807e-04
       22  6.507766e-05
       23  1.179332e-05
       24 -1.733189e-04
       25 -1.285409e-06
       26  1.886628e-05
       27 -2.555192e-06
       28  3.800177e-05
       29 -1.529771e-04
       30  1.480173e-06
       31  3.917471e-04
       32  2.226767e-04
       33  1.245773e-07
       34  2.200733e-05
       35  1.377120e-04
       36  2.248260e-05
       37 -4.023897e-05
       38 -9.312745e-08
       39  1.699224e-06
       40  2.749864e-05
       41 -3.006931e-04
       42 -1.018363e-04
       43  1.907670e-04
       44  3.424635e-05
       45 -1.682268e-04
       46 -1.402101e-05
       47 -2.649490e-06
       48  4.103625e-04
       49 -4.073922e-05
       50 -5.695020e-08
       51  2.094065e-04
       52 -1.176138e-06
       53 -1.410626e-04
       54 -4.915703e-04
       55 -1.852539e-05
       56  1.571103e-04
       57 -8.545399e-04
       58 -1.823657e-04
       59  2.867076e-06
       60  4.125267e-05
       61 -5.225447e-06
       62 -2.502308e-06
       63  1.609986e-05
       64  6.007287e-04
       65  3.003074e-06
       66 -3.283606e-04
       67 -2.166537e-05
       68  8.709658e-05
       69  5.748918e-04
       70 -4.341814e-04
       71  4.357806e-06
       72 -1.584577e-04
       73  5.529210e-04
       74  1.111418e-03
       75  1.732485e-05
       76  1.194514e-07
       77  3.081991e-05
       78 -4.083870e-05
       79 -3.439373e-04
       80  1.194995e-04
       81 -2.821473e-03
       82 -1.196912e-03
       83  4.915831e-07
       84  5.159261e-03
       85  1.938156e-03
       86 -1.523024e-04
       87  1.593187e-05
       88 -1.169818e-04
       89 -1.251122e-04
       90  6.283037e-06
       91  4.582277e-05
       92 -5.378438e-06
       93 -1.633381e-04
       94  1.001933e-04
       95 -6.221937e-06
       96 -9.299838e-05
       97  1.835184e-04
       98  7.526598e-04
       99  2.213622e-04
      100 -5.874084e-07
      101 -1.667875e-03
      102 -1.715844e-03
      103 -4.637231e-04
      104 -2.606544e-03
      105 -2.451815e-04
      106 -1.709602e-03
      107  7.140129e-05
      108 -3.576600e-07
      109 -3.110013e-03
      110 -4.646394e-05
      111 -6.940465e-05
      112 -4.722573e-08
      113  6.520478e-06
      114  8.306279e-04
      115  3.716397e-04
      116  2.709277e-05
      117 -4.856284e-05
      118  2.583625e-04
      119 -6.541141e-07
      120  1.938236e-06
      121 -1.426028e-04
      122  9.151332e-05
      123  2.217809e-04
      124  1.611324e-04
      125  8.997623e-05
      126  9.164940e-04
      127 -1.721961e-06
      128 -5.641131e-05
      129 -7.786201e-06
      130 -7.310502e-05
      131  9.452627e-06
      132 -1.488552e-04
      133  1.449791e-04
      134 -6.038512e-05
      135  1.884406e-05
      136 -2.892442e-05
      137 -6.458325e-05
      138 -1.280428e-04
      139  4.719226e-06
      140  2.487642e-04
      141 -5.057219e-06
      142  5.774033e-04
      143  6.927752e-05
      144 -2.678092e-10
      145  1.100436e-04
      146  2.042208e-04
      147 -1.656606e-07
      148 -5.309616e-04
      149  1.334037e-05
      150  6.438899e-05
      151 -1.771013e-06
      152 -3.099118e-07
      153  3.209964e-04
      154  3.419771e-05
      155  1.639493e-05
      156 -2.344076e-04
      157 -2.012198e-05
      158  8.473769e-05
      159  5.830149e-07