pos          info
        0 -1.227022e-04
        1  7.322701e-05
        2 -2.481162e-07
        3 -2.168766e-04
        4  2.429874e-04
        5  8.042580e-05
        6  3.404420e-05
        7 -7.234883e-05
        8 -2.625687e-05
        9  1.709540e-04
       10  4.284416e-06
       11 -1.583161e-04
       12  1.017959e-06
       13  9.214946e-06
       14  2.609472e-07
       15  8.531836e-06
       16 -5.577257e-06
       17  1.303633e-04
       18  1.029876e-06
       19  8.284746e-05
       20  6.128703e-06
       21  4.613865e-06
       22 -2.336178e-04
       23 -9.175086e-05
       24 -9.496453e-05
       25  4.832874e-05
       26 -4.663648e-06
       27  2.059207e-04
       28 -1.448967e-05
       29  1.719883e-04
       30 -3.497175e-04
       31 -3.721093e-06
       32 -2.195346e-04
       33 -2.770184e-04
       34 -1.656062e-06
       35 -9.548252e-05
       36 -1.254536e-04
       37  6.183032e-06
       38 -4.777325e-05
       39 -2.696315e-04
       40  9.314256e-05
       41 -1.838045e-06
       42  3.542751e-04
       43  1.247109e-11
       44 -6.377532e-07
       45 -1.924258e-04
       46  1.001896e-06
       47 -2.476870e-06
       48 -1.225765e-05
       49 -5.358371e-05
       50  4.216883e-05
       51  5.467135e-04
       52 -2.284130e-04
       53  6.801218e-05
       54  3.450090e-04
       55 -4.780852e-08
       56 -5.076575e-05
       57 -1.200253e-04
       58 -1.489275e-04
       59 -5.342719e-05
       60 -7.098718e-05
       61  9.923820e-06
       62  3.687886e-04
       63 -8.873818e-05
       64 -2.147213e-04
       65 -1.163817e-04
       66  1.486135e-05
       67 -1.047278e-05
       68 -9.869908e-06
       69  1.500696e-07
       70 -9.232398e-07
       71  5.816048e-04
       72  2.583379e-04
       73  1.438044e-05
       74 -6.849434e-05
       75  3.599659e-05
       76 -5.852810e-05
       77 -2.700975e-05
       78 -4.763918e-04
       79 -1.169586e-05
       80  1.919785e-05
       81  4.158848e-04
       82 -1.772252e-05
       83 -3.351988e-04
       84  7.805888e-07
       85 -3.600770e-04
       86  1.436189e-04
       87  1.851900e-05
       88 -6.137031e-05
       89  5.122289e-04
       90  8.359422e-04
       91  3.611835e-04
       92  5.268631e-04
       93 -8.193402e-06
       94  2.037714e-04
       95 -3.932042e-05
       96  2.310115e-04
       97  4.380885e-04
       98  3.705204e-06
       99 -3.773605e-05
      100 -4.590819e-06
      101 -1.604866e-04
      102  6.734871e-05
      103  5.441633e-05
      104  2.495587e-04
      105  2.179811e-05
      106 -1.012429e-04
      107  8.224820e-05
      108 -8.784397e-05
      109 -8.673016e-06
      110  1.595161e-04
      111  7.620636e-04
      112  2.604085e-04
      113 -4.355084e-04
      114 -4.668553e-05
      115  1.218757e-03
      116 -1.634830e-04
      117 -2.278465e-04
      118 -6.879166e-04
      119  7.641704e-05
      120 -7.071767e-06
      121  2.469740e-05
      122 -1.629066e-04
      123 -2.341271e-06
      124 -6.075074e-05
      125 -1.526615e-04
      126 -5.447529e-05
      127 -2.362801e-06
      128 -2.653267e-04
      129  1.522130e-07
      130  2.417633e-04
      131 -4.990646e-05
      132  2.537213e-05
      133 -1.173428e-04
      134 -4.711516e-05
      135 -8.976151e-06
      136 -8.532246e-05
      137 -4.490934e-05
      138  2.714226e-06
      139  5.477838e-04
      140 -2.025231e-04
      141 -2.952559e-05
      142  5.580056e-05
      143  2.435577e-05
      144 -2.571485e-11
      145 -1.711604e-04
      146  2.287800e-04
      147 -3.829996e-04
      148  1.837019e-07
      149  5.078897e-04
      150 -2.693086e-04
      151  2.190845e-04
      152 -4.884614e-05
      153 -1.663619e-04
      154 -1.410877e-04
      155 -2.018212e-05
      156  6.765025e-05
      157 -8.578886e-08
      158  1.131513e-05
      159 -1.165672e-05