pos      val_A      val_C      val_G      val_T
   0  -0.003330   0.005318  -0.007981   0.005993
   1   0.004903  -0.010353   0.014808  -0.009358
   2   0.002248  -0.019479   0.023920  -0.006689
   3   0.004979  -0.021998  -0.007965   0.024984
   4  -0.008640  -0.010463   0.028433  -0.009330
   5  -0.017741   0.017574  -0.004902   0.005070
   6  -0.005403  -0.017069   0.007243   0.015228
   7   0.003851  -0.006143   0.009194  -0.006903
   8   0.004053   0.005111  -0.007846  -0.001318
   9   0.021622  -0.027241   0.018497  -0.012878
  10   0.018340  -0.014514   0.002610  -0.006436
  11   0.021657  -0.016913   0.021137  -0.025881
  12   0.016723   0.015452  -0.025360  -0.006816
  13  -0.016218  -0.013534   0.028312   0.001440
  14  -0.011204   0.034557  -0.032396   0.009043
  15   0.009750  -0.006610  -0.004032   0.000891
  16   0.004404  -0.017842   0.015202  -0.001764
  17  -0.007637  -0.008096  -0.005448   0.021181
  18   0.007573  -0.011207   0.003628   0.000007
  19   0.000449  -0.005628  -0.002621   0.007800
  20  -0.022050  -0.003709  -0.002395   0.028154
  21  -0.014631   0.017860  -0.022143   0.018914
  22   0.035546  -0.005720  -0.021883  -0.007942
  23  -0.026962   0.015160   0.004445   0.007358
  24   0.011654  -0.005156  -0.030412   0.023914
  25   0.003041   0.015886  -0.002785  -0.016141
  26  -0.021038  -0.002176   0.010100   0.013113
  27  -0.001043  -0.014608  -0.022449   0.038100
  28   0.013488  -0.003249   0.000895  -0.011133
  29  -0.003428  -0.003839   0.013707  -0.006440
  30   0.022248   0.002365   0.004617  -0.029231
  31   0.016947  -0.013698  -0.005686   0.002436
  32  -0.001828   0.005040   0.005559  -0.008770
  33  -0.019640  -0.011675   0.016415   0.014900
  34  -0.022108   0.007541   0.000721   0.013846
  35  -0.001428  -0.003144   0.015349  -0.010777
  36  -0.010838   0.035387  -0.005212  -0.019337
  37  -0.003083   0.012795   0.005866  -0.015579
  38   0.033321  -0.008887  -0.010504  -0.013930
  39  -0.002634  -0.008596  -0.009518   0.020747
  40   0.017755  -0.018661  -0.016871   0.017777
  41   0.018316  -0.010681   0.000912  -0.008546
  42  -0.008917   0.006113  -0.013527   0.016331
  43  -0.030862   0.038369  -0.005405  -0.002102
  44   0.013115   0.006469  -0.004088  -0.015497
  45   0.013388  -0.004950  -0.009458   0.001019
  46   0.024680  -0.026407  -0.003273   0.005000
  47   0.025324  -0.019734  -0.005839   0.000249
  48   0.024783   0.005041  -0.002843  -0.026981
  49  -0.008076  -0.029024   0.010755   0.026344
  50   0.013728   0.026212  -0.029830  -0.010110
  51  -0.003854  -0.007472   0.005643   0.005682
  52   0.016873  -0.009415   0.006380  -0.013838
  53  -0.007198  -0.000677  -0.002176   0.010052
  54   0.048052  -0.028637  -0.003327  -0.016088
  55   0.051225  -0.037604  -0.025194   0.011573
  56   0.003224   0.002631  -0.000663  -0.005192
  57  -0.001703  -0.021946   0.013752   0.009897
  58   0.007618  -0.020806  -0.012887   0.026075
  59   0.005910  -0.018398  -0.018485   0.030974
  60  -0.017774   0.001432  -0.023421   0.039763
  61   0.027179  -0.009880  -0.027221   0.009921
  62   0.009610  -0.030347   0.001490   0.019247
  63   0.011185  -0.004291  -0.021743   0.014850
  64  -0.024917   0.002342   0.015291   0.007284
  65   0.034576  -0.025511  -0.003547  -0.005518
  66  -0.039073   0.021792  -0.007595   0.024876
  67  -0.019877  -0.036120  -0.049428   0.105425
  68  -0.005621  -0.045609  -0.103817   0.155047
  69  -0.022394  -0.022318   0.066778  -0.022065
  70   0.046979   0.005587  -0.030669  -0.021897
  71   0.017980  -0.003422   0.042259  -0.056818
  72   0.042209  -0.002794  -0.024523  -0.014892
  73  -0.005437  -0.034460   0.016711   0.023186
  74   0.023030  -0.012308  -0.010656  -0.000066
  75   0.010413  -0.013833   0.003089   0.000331
  76  -0.012535  -0.008524  -0.017230   0.038288
  77   0.009673   0.005628   0.024306  -0.039607
  78  -0.014923   0.004801   0.024343  -0.014221
  79  -0.003035   0.022557  -0.019071  -0.000451
  80  -0.010414  -0.011473   0.010870   0.011017
  81   0.021537  -0.012763  -0.015726   0.006952
  82   0.016750   0.004984  -0.025084   0.003350
  83   0.027768  -0.013378  -0.008917  -0.005474
  84   0.001719   0.016852  -0.018429  -0.000142
  85   0.025804  -0.000519  -0.059884   0.034599
  86  -0.109551   0.019797  -0.033507   0.123261
  87   0.051936  -0.048034   0.018398  -0.022300
  88  -0.046068  -0.031527  -0.026634   0.104229
  89  -0.036399  -0.041145   0.117048  -0.039505
  90  -0.039588   0.058444  -0.015153  -0.003703
  91  -0.047862  -0.045251  -0.026302   0.119414
  92   0.134073  -0.030077  -0.051100  -0.052896
  93  -0.072997  -0.004096   0.008756   0.068338
  94  -0.034107  -0.024354   0.030443   0.028018
  95   0.030156   0.015053  -0.005570  -0.039639
  96  -0.054628  -0.017216  -0.032677   0.104521
  97   0.017081   0.007911   0.022454  -0.047446
  98   0.033622   0.005539  -0.013213  -0.025948
  99  -0.003443  -0.020619   0.002186   0.021876
 100  -0.009751  -0.000575  -0.003882   0.014208
 101   0.002248  -0.014979   0.022630  -0.009899
 102   0.023352  -0.015096   0.003383  -0.011639
 103   0.016032   0.009251  -0.019806  -0.005478
 104  -0.007339  -0.000739  -0.007593   0.015671
 105   0.016255  -0.004369   0.012061  -0.023946
 106  -0.021565   0.036449  -0.001528  -0.013356
 107  -0.009042   0.012010   0.003848  -0.006816
 108   0.006904  -0.036979   0.012646   0.017429
 109  -0.001648   0.015402   0.000550  -0.014304
 110   0.018844  -0.023411  -0.015278   0.019845
 111   0.018226  -0.026786   0.018593  -0.010033
 112   0.005077   0.005698  -0.019834   0.009059
 113   0.029964  -0.005693   0.003610  -0.027881
 114  -0.001270  -0.005357   0.020460  -0.013833
 115   0.004900   0.023201  -0.020026  -0.008075
 116  -0.002079  -0.030868   0.030767   0.002180
 117  -0.021146  -0.015232   0.010923   0.025455
 118   0.007037   0.015326  -0.022765   0.000402
 119  -0.016627   0.007337   0.001384   0.007906
 120  -0.012431  -0.012338   0.026806  -0.002038
 121   0.027647  -0.022094  -0.020513   0.014959
 122  -0.004911  -0.012660   0.011417   0.006154
 123  -0.007130   0.022545  -0.030896   0.015481
 124   0.020203   0.017401  -0.007624  -0.029980
 125  -0.025801  -0.006143  -0.003456   0.035400
 126  -0.015202   0.022484  -0.006958  -0.000325
 127   0.020903  -0.027852   0.025893  -0.018944
 128  -0.007410   0.006269  -0.002766   0.003907
 129   0.008919  -0.012864  -0.000047   0.003992
 130   0.035348  -0.015205  -0.021709   0.001566
 131   0.021239  -0.013262   0.000191  -0.008167
 132   0.017298  -0.015724  -0.003562   0.001988
 133  -0.005976  -0.071984  -0.017695   0.095655
 134  -0.016341   0.019240  -0.018248   0.015349
 135  -0.009271   0.004548   0.002814   0.001909
 136  -0.006922   0.020689  -0.010801  -0.002966
 137  -0.012375   0.000506   0.036419  -0.024549
 138   0.006209  -0.005865   0.002146  -0.002489
 139   0.010559  -0.012152  -0.005526   0.007118
 140  -0.007013   0.021192  -0.010894  -0.003285
 141   0.041289  -0.026280  -0.009569  -0.005440
 142   0.004617  -0.013696   0.020320  -0.011241
 143  -0.001025  -0.008880  -0.005734   0.015640
 144   0.012209  -0.013492   0.024384  -0.023101
 145  -0.000640   0.000421   0.013888  -0.013669
 146  -0.012223  -0.000564   0.000627   0.012161
 147   0.025557  -0.003921  -0.022989   0.001353
 148  -0.009111  -0.004548   0.003808   0.009852
 149   0.032936  -0.000784  -0.016938  -0.015213
 150  -0.020987  -0.003779   0.006723   0.018043
 151   0.008514   0.003491  -0.042202   0.030196
 152  -0.014583   0.006455   0.011340  -0.003212
 153  -0.013005   0.024907  -0.017097   0.005195
 154  -0.005186   0.017094  -0.012449   0.000540
 155   0.021579  -0.024382  -0.005973   0.008776
 156   0.002017  -0.013019   0.037798  -0.026796
 157  -0.002207  -0.021149   0.015466   0.007889
 158  -0.000373   0.003145   0.015142  -0.017914
 159   0.011667  -0.018113  -0.000947   0.007393
 160  -0.005464  -0.013792   0.033847  -0.014590
 161   0.012940   0.001479   0.017798  -0.032217
 162   0.004066   0.002639   0.004440  -0.011145
 163   0.004052  -0.006505   0.004500  -0.002046
 164  -0.002993  -0.003363   0.021837  -0.015480
 165   0.005889  -0.001577   0.010962  -0.015274
 166  -0.001357  -0.003283   0.017153  -0.012513
 167  -0.000765  -0.007043   0.019147  -0.011339
 168  -0.003842  -0.009131   0.006908   0.006065
 169   0.002270   0.003533   0.006129  -0.011933
 170   0.017093   0.002224  -0.011868  -0.007449
 171   0.013271  -0.002818  -0.001093  -0.009361
 172   0.003302   0.000636  -0.003699  -0.000239
 173   0.019287  -0.024350   0.007698  -0.002635
 174   0.028191   0.002010  -0.013536  -0.016666
 175   0.011386  -0.017147   0.007673  -0.001911
 176   0.019237  -0.007174  -0.016335   0.004272
 177   0.019213  -0.009454  -0.012221   0.002461
 178   0.012924  -0.002670  -0.033068   0.022813
 179   0.022963   0.005296  -0.038188   0.009928
