pos      val_A      val_C      val_G      val_T
   0  -0.012742   0.007736   0.002011   0.002995
   1   0.001736  -0.004637   0.022371  -0.019470
   2   0.009768  -0.004355   0.007059  -0.012473
   3   0.014698  -0.034588  -0.008079   0.027969
   4  -0.012527  -0.017060   0.041951  -0.012364
   5  -0.007363   0.011246  -0.002679  -0.001203
   6  -0.002460  -0.008059   0.003267   0.007252
   7   0.006288  -0.004163   0.003974  -0.006099
   8   0.001063  -0.005228  -0.007922   0.012088
   9   0.017959  -0.018507   0.011076  -0.010528
  10   0.029968  -0.018716  -0.003666  -0.007586
  11   0.016253  -0.009215   0.002190  -0.009229
  12   0.002518   0.003609  -0.011264   0.005137
  13  -0.012337   0.002426   0.008787   0.001124
  14  -0.010166   0.024884  -0.028533   0.013815
  15   0.013124  -0.013785   0.000075   0.000586
  16   0.010447  -0.009668   0.001440  -0.002220
  17  -0.011134   0.000873  -0.011389   0.021650
  18   0.005459  -0.010402   0.000113   0.004830
  19   0.000153  -0.017967  -0.001578   0.019392
  20  -0.016823  -0.010136  -0.006837   0.033796
  21  -0.013365   0.015344  -0.008003   0.006024
  22   0.030364  -0.004139  -0.011015  -0.015209
  23  -0.007498   0.010861  -0.003499   0.000136
  24   0.011092  -0.002418  -0.013639   0.004965
  25   0.001475   0.018551  -0.009159  -0.010867
  26  -0.012135   0.002102   0.009712   0.000321
  27  -0.009547  -0.020262  -0.002353   0.032162
  28   0.018687  -0.000879   0.000715  -0.018522
  29   0.010373  -0.006448  -0.000845  -0.003081
  30   0.010110  -0.003916   0.009097  -0.015292
  31   0.011488  -0.010342   0.002973  -0.004118
  32  -0.000408   0.002809   0.008273  -0.010674
  33  -0.023818   0.004004   0.014955   0.004858
  34  -0.019226   0.013360   0.002630   0.003236
  35   0.006031  -0.002431   0.003529  -0.007129
  36  -0.003244   0.027013  -0.004407  -0.019362
  37   0.007217  -0.006334   0.012450  -0.013333
  38   0.033688  -0.009453  -0.004360  -0.019874
  39  -0.007598   0.000298  -0.011286   0.018585
  40   0.014371  -0.006144  -0.022054   0.013826
  41   0.008466  -0.010058   0.004055  -0.002463
  42  -0.002459   0.009463  -0.009535   0.002530
  43  -0.022360   0.029439  -0.001217  -0.005862
  44   0.000599  -0.001883   0.001623  -0.000339
  45   0.017267  -0.008927  -0.002059  -0.006281
  46   0.026830  -0.038061   0.004599   0.006633
  47   0.019287  -0.021293  -0.002863   0.004869
  48   0.007812   0.006057  -0.001757  -0.012113
  49   0.001149  -0.024850   0.000502   0.023198
  50  -0.008336   0.012582  -0.007843   0.003596
  51   0.003246  -0.008814   0.012831  -0.007263
  52   0.009931  -0.014297   0.005311  -0.000945
  53   0.001564  -0.004447  -0.007112   0.009995
  54   0.026737  -0.022000   0.000064  -0.004801
  55   0.029260  -0.024143  -0.016945   0.011827
  56   0.008734   0.012799  -0.015121  -0.006412
  57  -0.011745  -0.003728   0.013299   0.002174
  58   0.011128  -0.017029  -0.010460   0.016360
  59   0.007863  -0.014002  -0.006428   0.012567
  60  -0.010747   0.000452  -0.028713   0.039008
  61   0.004285  -0.006842  -0.014587   0.017145
  62   0.015912  -0.023320   0.004730   0.002679
  63   0.008554  -0.000140  -0.014014   0.005600
  64  -0.021392   0.004491   0.020251  -0.003350
  65   0.029260  -0.013006  -0.009602  -0.006653
  66  -0.020710   0.010605  -0.017987   0.028092
  67  -0.013115  -0.020911  -0.033518   0.067543
  68  -0.014351  -0.016644  -0.056466   0.087461
  69  -0.007726  -0.021066   0.046203  -0.017411
  70   0.028775   0.008385  -0.015244  -0.021915
  71   0.010643   0.009171   0.023224  -0.043038
  72   0.021605   0.000907  -0.014301  -0.008210
  73  -0.007376  -0.017179   0.015761   0.008794
  74   0.011705  -0.007375   0.002092  -0.006421
  75   0.011002  -0.016904   0.003702   0.002200
  76  -0.003794  -0.009966  -0.017251   0.031011
  77   0.015244   0.004677  -0.004553  -0.015367
  78  -0.008882   0.011172   0.005807  -0.008097
  79   0.003855   0.018831  -0.020340  -0.002346
  80   0.004646  -0.009773  -0.007455   0.012581
  81   0.007625  -0.008885  -0.011078   0.012338
  82   0.006239   0.010145  -0.018121   0.001736
  83   0.024611  -0.017614  -0.004284  -0.002712
  84  -0.005991   0.015480  -0.011527   0.002038
  85   0.012420   0.005163  -0.051143   0.033560
  86  -0.093215   0.014382  -0.017857   0.096690
  87   0.033302  -0.024932   0.015324  -0.023694
  88  -0.024940  -0.030250  -0.023501   0.078690
  89  -0.029373  -0.025085   0.078182  -0.023724
  90  -0.051018   0.074833  -0.015109  -0.008706
  91  -0.031231  -0.029148  -0.021116   0.081494
  92   0.085024  -0.029474  -0.030160  -0.025390
  93  -0.067401   0.005099  -0.000933   0.063235
  94  -0.027333  -0.011225   0.020570   0.017988
  95   0.019952   0.016730  -0.004883  -0.031799
  96  -0.029816  -0.010414  -0.021622   0.061852
  97   0.009344   0.007707   0.020499  -0.037551
  98   0.022109   0.004512  -0.006589  -0.020032
  99   0.004161  -0.011823  -0.005729   0.013390
 100  -0.003712  -0.005644  -0.000916   0.010272
 101  -0.002530  -0.009494   0.018336  -0.006312
 102   0.031447  -0.019770  -0.000666  -0.011010
 103   0.034184  -0.012794  -0.015490  -0.005900
 104  -0.006777  -0.002256  -0.002263   0.011296
 105   0.012745   0.001112   0.014295  -0.028151
 106  -0.012352   0.031282  -0.004580  -0.014350
 107  -0.016766   0.019093  -0.001725  -0.000603
 108   0.009517  -0.022987   0.004439   0.009030
 109   0.004277   0.019719  -0.016668  -0.007327
 110   0.013286  -0.012866  -0.000786   0.000366
 111   0.030102  -0.010665   0.000136  -0.019573
 112   0.009267   0.005232  -0.018691   0.004192
 113   0.023323  -0.014026   0.005310  -0.014608
 114  -0.004822   0.001785   0.010236  -0.007199
 115   0.005174   0.015878  -0.019615  -0.001438
 116  -0.015041  -0.021769   0.020615   0.016196
 117  -0.010036  -0.010993   0.011007   0.010021
 118   0.011441   0.007408  -0.017967  -0.000882
 119  -0.025773  -0.003920   0.008805   0.020888
 120  -0.002867  -0.011142   0.013747   0.000262
 121   0.026558  -0.015369  -0.021524   0.010335
 122  -0.016894  -0.001180   0.003316   0.014757
 123   0.007130   0.015027  -0.029055   0.006898
 124   0.019442   0.011185  -0.003352  -0.027275
 125  -0.009977  -0.001787  -0.021768   0.033532
 126  -0.017303   0.016543  -0.010255   0.011015
 127   0.014753  -0.021473   0.015690  -0.008970
 128   0.003285  -0.000795  -0.009410   0.006920
 129  -0.009415  -0.008749   0.001664   0.016500
 130   0.007631  -0.015002  -0.005904   0.013275
 131   0.018162  -0.008976  -0.002747  -0.006439
 132   0.012469   0.000117  -0.012325  -0.000262
 133   0.000267  -0.035596  -0.012003   0.047331
 134  -0.015760   0.017366  -0.009231   0.007625
 135  -0.011145   0.008240  -0.002819   0.005724
 136  -0.007350   0.017680  -0.004949  -0.005381
 137  -0.015572   0.003491   0.031241  -0.019159
 138   0.010602  -0.006089   0.001276  -0.005789
 139  -0.005914  -0.006678  -0.004257   0.016848
 140  -0.002646   0.021402  -0.013098  -0.005659
 141   0.031827  -0.012312  -0.019230  -0.000286
 142   0.003318  -0.005947   0.010630  -0.008002
 143   0.003911  -0.004430  -0.001527   0.002046
 144   0.001666  -0.004598   0.019209  -0.016277
 145  -0.008906   0.001120   0.016684  -0.008899
 146  -0.013390   0.006779  -0.003611   0.010222
 147   0.007124   0.001557  -0.005119  -0.003562
 148  -0.011887   0.000005   0.007810   0.004072
 149   0.031666  -0.008319  -0.015822  -0.007526
 150  -0.009225   0.000951  -0.009698   0.017972
 151  -0.002920   0.000832  -0.035114   0.037202
 152  -0.015876  -0.000279   0.011399   0.004756
 153  -0.015570   0.012696  -0.000023   0.002897
 154  -0.007017   0.013016  -0.006207   0.000207
 155   0.006801  -0.021359   0.009327   0.005231
 156  -0.002825  -0.005144   0.024705  -0.016735
 157   0.000737  -0.018654  -0.002281   0.020197
 158   0.003348  -0.001233   0.010152  -0.012267
 159   0.014408  -0.004686  -0.001376  -0.008346
 160   0.009817  -0.021714   0.010079   0.001818
 161   0.007995  -0.002259   0.000154  -0.005891
 162   0.011931  -0.015363   0.001763   0.001668
 163   0.006693  -0.012024  -0.007673   0.013004
 164   0.002952  -0.004999  -0.006949   0.008995
 165   0.006466  -0.005599  -0.001116   0.000249
 166   0.009943  -0.016510   0.007073  -0.000506
 167  -0.010046  -0.013776   0.009300   0.014522
 168  -0.010058  -0.016039  -0.006706   0.032802
 169   0.020649   0.005218  -0.020958  -0.004908
 170   0.053754  -0.032473  -0.014211  -0.007070
 171   0.044073  -0.015843  -0.026756  -0.001474
 172   0.028676  -0.029407  -0.025082   0.025813
 173   0.025105  -0.022623  -0.013408   0.010925
 174   0.038760  -0.011545  -0.024697  -0.002518
 175   0.035024  -0.028723  -0.026265   0.019964
 176   0.035303  -0.014523  -0.049572   0.028793
 177   0.040026  -0.026290  -0.059775   0.046040
 178   0.031566  -0.011965  -0.057818   0.038217
 179   0.041833  -0.005983  -0.069481   0.033631
