pos          info
        0 -5.725493e-06
        1 -2.815410e-05
        2 -1.005696e-04
        3  2.972163e-05
        4 -2.181181e-04
        5  2.912221e-06
        6 -2.852929e-05
        7  4.050833e-05
        8 -4.110432e-05
        9 -1.700092e-04
       10 -2.028590e-04
       11  9.743075e-06
       12  3.528998e-05
       13  8.390713e-07
       14 -3.071989e-04
       15 -5.146552e-05
       16 -6.128872e-06
       17  6.983855e-06
       18  8.740246e-05
       19  1.768245e-05
       20 -1.007814e-04
       21 -2.554284e-05
       22  1.008531e-04
       23 -6.456960e-05
       24  1.998153e-06
       25  5.645949e-07
       26 -1.146992e-08
       27 -8.094289e-07
       28 -6.730142e-07
       29  7.793708e-06
       30 -2.085480e-04
       31  8.987731e-05
       32 -1.296313e-06
       33 -7.052214e-05
       34 -1.058460e-04
       35 -3.090313e-05
       36  1.001358e-04
       37 -9.535538e-06
       38 -7.396007e-06
       39 -1.636203e-05
       40  5.426494e-05
       41  2.904088e-05
       42 -7.679351e-06
       43  2.525918e-04
       44 -2.980503e-06
       45  2.637745e-05
       46 -3.720201e-05
       47 -1.285175e-04
       48 -3.116307e-05
       49  1.737614e-04
       50  7.184341e-05
       51 -1.183289e-04
       52 -8.323808e-05
       53  5.785384e-06
       54 -5.699893e-04
       55  1.945754e-04
       56 -8.680570e-08
       57 -1.146574e-04
       58 -8.824671e-05
       59 -3.581436e-04
       60  5.729939e-05
       61 -2.948852e-07
       62  1.174113e-04
       63 -1.621576e-05
       64  1.155842e-04
       65 -2.364096e-04
       66  1.051449e-04
       67 -1.939298e-03
       68  2.541155e-03
       69 -5.155491e-04
       70 -2.606995e-05
       71  7.597967e-04
       72  1.123356e-06
       73 -6.878275e-06
       74  3.346563e-05
       75  4.575379e-04
       76  2.885422e-04
       77 -7.122327e-05
       78 -3.846041e-08
       79 -3.476011e-05
       80  2.260172e-07
       81  5.161048e-06
       82 -3.162534e-05
       83  5.806009e-06
       84 -3.330256e-06
       85  8.550756e-04
       86  2.538246e-03
       87 -2.699464e-04
       88 -1.502654e-03
       89 -2.250210e-03
       90  4.089340e-04
       91 -2.069464e-03
       92 -2.376258e-03
       93  1.113067e-03
       94  2.025567e-04
       95 -5.730224e-05
       96 -1.416364e-03
       97  4.213991e-04
       98  5.464683e-05
       99  5.745907e-05
      100  2.685054e-05
      101  9.331546e-06
      102  1.013174e-04
      103 -1.294783e-05
      104 -9.473211e-05
      105  2.576840e-04
      106 -9.191234e-07
      107 -4.673847e-05
      108  1.917896e-04
      109 -4.977467e-05
      110  1.862109e-04
      111  3.205574e-05
      112  3.142154e-05
      113 -1.479367e-04
      114  7.317370e-06
      115 -1.321174e-07
      116  1.781972e-05
      117 -2.074231e-05
      118  1.073083e-04
      119 -5.527018e-05
      120  5.931975e-06
      121  1.282437e-04
      122  1.633344e-05
      123  1.321068e-04
      124  3.159986e-04
      125  8.327384e-08
      126  8.972615e-05
      127 -1.278839e-05
      128 -5.117801e-06
      129 -1.137127e-07
      130 -3.890372e-07
      131 -2.007530e-04
      132  4.741634e-05
      133  9.758796e-04
      134 -5.196875e-05
      135 -1.079926e-05
      136  3.237583e-06
      137  6.560210e-05
      138  1.335963e-07
      139 -2.677646e-05
      140 -4.751187e-05
      141  4.973481e-06
      142  1.245548e-04
      143 -7.794324e-06
      144  1.455569e-04
      145  4.702769e-05
      146 -5.555841e-05
      147 -9.132910e-06
      148 -6.123907e-06
      149  2.976546e-04
      150 -5.615367e-05
      151  4.255898e-04
      152 -1.071921e-04
      153  9.111242e-05
      154 -9.382483e-05
      155 -2.665164e-05
      156 -3.485450e-04
      157 -2.768580e-05
      158  6.295414e-05
      159  2.208619e-06