pos          info
        0 -1.597848e-05
        1 -2.902239e-07
        2 -5.270458e-05
        3  1.005741e-04
        4 -2.397593e-04
        5 -3.107798e-06
        6 -1.186668e-04
        7 -1.418351e-05
        8 -1.462160e-05
        9 -1.328847e-04
       10 -1.772377e-04
       11 -2.609695e-07
       12 -8.927072e-06
       13 -1.671235e-06
       14 -1.787746e-04
       15 -6.298285e-05
       16  1.487094e-05
       17  7.116919e-06
       18 -1.577743e-04
       19 -2.673360e-10
       20 -3.121755e-04
       21 -3.515603e-07
       22  4.890179e-05
       23  7.145227e-05
       24  6.969279e-05
       25 -6.518332e-05
       26 -4.431405e-05
       27 -2.911882e-06
       28 -9.998924e-07
       29 -3.106037e-06
       30 -7.194192e-05
       31 -8.345084e-09
       32 -1.909910e-05
       33 -5.632420e-06
       34  1.266630e-04
       35  3.833491e-07
       36  1.154564e-04
       37 -1.879090e-06
       38 -1.231820e-05
       39 -2.473465e-05
       40 -2.907267e-05
       41  1.738689e-05
       42  3.222481e-05
       43  1.626984e-04
       44  5.576891e-06
       45 -1.819865e-05
       46 -1.984434e-05
       47  2.009104e-05
       48  5.320982e-05
       49  6.538369e-05
       50  1.369185e-04
       51  1.177921e-05
       52 -7.179988e-06
       53 -3.543049e-06
       54 -3.713137e-04
       55 -2.116301e-04
       56 -1.578166e-05
       57 -1.051774e-04
       58 -8.747377e-05
       59 -3.488208e-04
       60 -1.410537e-04
       61 -1.212219e-04
       62  8.859931e-05
       63 -9.833630e-06
       64 -9.841015e-05
       65 -2.994325e-04
       66  1.086598e-04
       67 -1.706755e-03
       68  1.915010e-03
       69 -4.751073e-04
       70 -5.007850e-07
       71 -5.260848e-04
       72 -1.983301e-06
       73 -5.244986e-06
       74  5.002621e-06
       75  1.521084e-04
       76 -1.344582e-04
       77 -1.710995e-05
       78 -2.530993e-06
       79 -6.626331e-05
       80 -4.246257e-07
       81 -1.535453e-07
       82 -2.784166e-05
       83  2.888870e-05
       84  2.943665e-06
       85  8.856079e-04
       86 -2.733635e-03
       87 -2.642087e-04
       88 -1.760823e-03
       89 -2.341904e-03
       90 -4.151445e-04
       91 -1.528573e-03
       92 -1.799186e-03
       93 -6.548591e-04
       94 -2.537181e-04
       95 -2.140368e-04
       96 -9.687595e-04
       97  4.578062e-04
       98  6.954363e-06
       99  8.437953e-05
      100  2.528935e-05
      101  8.529315e-05
      102 -8.107462e-05
      103 -4.053388e-04
      104 -1.766152e-04
      105  2.250280e-04
      106  7.496394e-06
      107  3.460583e-05
      108  2.935103e-04
      109  3.884318e-05
      110  5.209359e-05
      111 -3.582084e-06
      112 -1.984706e-04
      113 -1.118426e-04
      114  1.178508e-05
      115 -7.166279e-08
      116  6.674816e-05
      117 -7.565743e-05
      118  2.267825e-04
      119  1.975099e-05
      120  1.371937e-06
      121  9.289233e-05
      122  1.415073e-05
      123  1.865128e-04
      124  2.701468e-04
      125  4.514957e-05
      126  1.859233e-04
      127 -2.042734e-05
      128 -1.452534e-04
      129 -2.170305e-06
      130 -1.334213e-05
      131 -1.032622e-04
      132 -4.861740e-07
      133 -8.935871e-04
      134 -8.002346e-05
      135  5.505562e-05
      136  1.949571e-06
      137 -2.360485e-04
      138 -1.680294e-05
      139 -1.493803e-05
      140 -1.100997e-04
      141 -3.619594e-06
      142  1.569975e-05
      143  2.824901e-05
      144  1.573625e-04
      145 -1.973715e-05
      146 -5.353505e-05
      147 -8.000698e-06
      148 -7.770226e-06
      149  1.916936e-06
      150  2.430778e-04
      151  8.128187e-04
      152 -1.304615e-05
      153 -1.353317e-04
      154 -3.370471e-05
      155 -3.714432e-06
      156 -9.060546e-05
      157 -4.604081e-05
      158 -3.274804e-06
      159 -7.911314e-06