pos      val_A      val_C      val_G      val_T
   0  -0.007492   0.010744  -0.008182   0.004929
   1   0.010938  -0.007661   0.007088  -0.010364
   2  -0.001521  -0.019198   0.020306   0.000412
   3   0.010817  -0.011163  -0.008765   0.009112
   4  -0.008999  -0.009999   0.030161  -0.011163
   5  -0.012201   0.012305  -0.003408   0.003304
   6  -0.009534  -0.008834   0.010796   0.007572
   7  -0.001294  -0.003222   0.017516  -0.013000
   8   0.002388  -0.005193  -0.010316   0.013121
   9   0.026894  -0.018552   0.004670  -0.013012
  10   0.029428  -0.014617   0.001626  -0.016436
  11   0.017826  -0.006368   0.011561  -0.023019
  12   0.003733   0.004688  -0.012014   0.003594
  13  -0.013754  -0.007605   0.023220  -0.001861
  14  -0.002235   0.035470  -0.039322   0.006087
  15   0.014729  -0.008895  -0.004230  -0.001604
  16   0.015878  -0.029271   0.008598   0.004795
  17  -0.003631  -0.005460  -0.006677   0.015768
  18   0.011539  -0.018962  -0.001425   0.008848
  19  -0.001131  -0.011768  -0.008705   0.021605
  20  -0.021985   0.010515  -0.009264   0.020734
  21  -0.000667   0.010020  -0.023671   0.014318
  22   0.022698   0.002166  -0.020370  -0.004494
  23  -0.024967   0.016382   0.006286   0.002299
  24   0.009751  -0.003025  -0.013651   0.006925
  25  -0.004468   0.020339  -0.001445  -0.014427
  26  -0.007751   0.000371   0.000207   0.007173
  27   0.001435  -0.017494  -0.013701   0.029759
  28   0.001692  -0.008628   0.013187  -0.006251
  29  -0.005660   0.000383   0.020015  -0.014738
  30   0.029876  -0.004753  -0.004431  -0.020692
  31   0.027522  -0.019282   0.001536  -0.009776
  32  -0.000683   0.008603   0.002364  -0.010284
  33  -0.018194  -0.006628   0.007478   0.017344
  34  -0.015034  -0.003825  -0.002389   0.021248
  35  -0.001465  -0.003766   0.011304  -0.006073
  36  -0.006733   0.027043   0.000086  -0.020396
  37   0.006405   0.005059   0.001684  -0.013148
  38   0.030948  -0.012445   0.005232  -0.023735
  39  -0.002925   0.008354  -0.013709   0.008280
  40   0.001238  -0.009152  -0.015077   0.022990
  41   0.019715  -0.008461  -0.000053  -0.011201
  42  -0.005756   0.005532  -0.010184   0.010407
  43  -0.032413   0.037046  -0.006255   0.001622
  44   0.004692   0.006828   0.003533  -0.015053
  45   0.014116  -0.001051  -0.002455  -0.010611
  46   0.011090  -0.024464   0.012158   0.001217
  47   0.023194  -0.025062  -0.004370   0.006239
  48   0.011551   0.008768   0.011904  -0.032223
  49  -0.010615  -0.026681   0.008948   0.028348
  50   0.012466   0.012032  -0.017112  -0.007386
  51  -0.009465  -0.012394   0.022125  -0.000266
  52   0.018817  -0.012387   0.010292  -0.016723
  53  -0.005071  -0.004712  -0.005677   0.015460
  54   0.049471  -0.030206  -0.001051  -0.018213
  55   0.047720  -0.028829  -0.030238   0.011347
  56  -0.000737   0.000635   0.005233  -0.005130
  57  -0.008735  -0.019246   0.021689   0.006292
  58   0.015272  -0.019612  -0.014746   0.019086
  59  -0.000801  -0.016318  -0.021907   0.039025
  60  -0.020765  -0.003236  -0.015611   0.039611
  61   0.023884  -0.002934  -0.021742   0.000791
  62   0.006678  -0.021874   0.007728   0.007468
  63   0.011993  -0.000625  -0.019460   0.008093
  64  -0.021965  -0.003931   0.019150   0.006745
  65   0.031715  -0.015207  -0.010349  -0.006159
  66  -0.028103   0.029296  -0.020765   0.019572
  67  -0.019026  -0.031365  -0.041737   0.092127
  68  -0.013189  -0.028165  -0.102859   0.144213
  69  -0.010067  -0.027333   0.046418  -0.009019
  70   0.039655   0.009843  -0.027513  -0.021985
  71   0.018683  -0.007629   0.044944  -0.055998
  72   0.031847  -0.002448  -0.014106  -0.015294
  73   0.005227  -0.022380   0.009313   0.007840
  74   0.021153  -0.006076  -0.003055  -0.012021
  75   0.022823  -0.043009   0.014634   0.005552
  76  -0.003303   0.001726  -0.034397   0.035974
  77  -0.002768   0.014778   0.017227  -0.029237
  78  -0.002025   0.000468   0.018806  -0.017249
  79  -0.001128   0.011970  -0.006483  -0.004359
  80  -0.009913  -0.000941   0.005665   0.005188
  81   0.019442  -0.001675  -0.012906  -0.004862
  82   0.019547   0.011146  -0.024590  -0.006103
  83   0.019925  -0.004999  -0.004837  -0.010090
  84   0.004105   0.003327  -0.011116   0.003684
  85   0.009427   0.013347  -0.058682   0.035908
  86  -0.103367   0.012587  -0.033262   0.124043
  87   0.033790  -0.036471   0.014369  -0.011689
  88  -0.025887  -0.032605  -0.022480   0.080972
  89  -0.029641  -0.036091   0.098367  -0.032635
  90  -0.041402   0.059361  -0.019169   0.001210
  91  -0.035390  -0.042801  -0.017163   0.095354
  92   0.102370  -0.025275  -0.040487  -0.036608
  93  -0.068244  -0.011569   0.008467   0.071346
  94  -0.029282  -0.017196   0.018385   0.028092
  95   0.015642   0.003883   0.014871  -0.034396
  96  -0.034067  -0.021481  -0.023085   0.078634
  97   0.017142   0.014989   0.009600  -0.041731
  98   0.012739   0.000500   0.001939  -0.015178
  99   0.003907  -0.015366   0.000926   0.010533
 100  -0.004632   0.000163  -0.010541   0.015009
 101  -0.006338  -0.015955   0.034445  -0.012151
 102   0.030225  -0.020480   0.002262  -0.012006
 103   0.007410   0.009192  -0.008437  -0.008165
 104  -0.008336  -0.000129  -0.011587   0.020052
 105   0.026955  -0.007087   0.013007  -0.032875
 106  -0.009963   0.030319   0.002004  -0.022361
 107  -0.014801   0.013946   0.002162  -0.001307
 108   0.017066  -0.027963   0.005967   0.004930
 109   0.003618   0.014289  -0.011443  -0.006464
 110   0.021201  -0.027719  -0.008222   0.014740
 111   0.028579  -0.023876   0.007245  -0.011948
 112   0.013662  -0.004052  -0.011427   0.001817
 113   0.025156   0.004357  -0.004916  -0.024598
 114  -0.005483   0.000245   0.017452  -0.012214
 115   0.000601   0.020668  -0.023541   0.002272
 116  -0.008734  -0.016878   0.024007   0.001605
 117  -0.010941  -0.011461   0.009141   0.013262
 118   0.008240   0.010595  -0.020895   0.002060
 119  -0.005233  -0.013039   0.015051   0.003222
 120  -0.014354  -0.012215   0.031597  -0.005029
 121   0.029079  -0.023444  -0.023304   0.017669
 122   0.003152  -0.008129   0.012927  -0.007949
 123  -0.002397   0.017289  -0.023147   0.008255
 124   0.029934   0.010264  -0.003830  -0.036369
 125  -0.021380  -0.010266  -0.000870   0.032516
 126  -0.019356   0.010324   0.001055   0.007977
 127   0.029671  -0.013637   0.006980  -0.023015
 128  -0.006450   0.007229  -0.005446   0.004668
 129   0.000556  -0.011559  -0.001353   0.012356
 130   0.024629  -0.012709  -0.012885   0.000966
 131   0.029231  -0.016435  -0.003587  -0.009209
 132   0.021539  -0.014105  -0.009718   0.002284
 133  -0.006295  -0.063439  -0.010733   0.080467
 134  -0.017700   0.014542  -0.011728   0.014887
 135  -0.003003  -0.000977  -0.002774   0.006754
 136  -0.002545   0.010849  -0.004630  -0.003674
 137  -0.003485  -0.007589   0.027641  -0.016567
 138   0.006834  -0.004385  -0.001639  -0.000810
 139   0.009734  -0.011912  -0.008319   0.010497
 140  -0.003031   0.014033  -0.003642  -0.007361
 141   0.028614  -0.014722  -0.008973  -0.004919
 142   0.010104  -0.022488   0.028712  -0.016328
 143  -0.000907  -0.010518   0.005718   0.005707
 144   0.016828  -0.008585   0.016481  -0.024723
 145  -0.002397  -0.007008   0.023433  -0.014028
 146  -0.012939   0.005146  -0.007584   0.015377
 147   0.000189  -0.002948  -0.003428   0.006186
 148  -0.013649   0.005051   0.004801   0.003797
 149   0.033317   0.001979  -0.034903  -0.000393
 150  -0.014947  -0.001905   0.001374   0.015478
 151   0.003358   0.002987  -0.041651   0.035306
 152  -0.020321   0.000406   0.021128  -0.001212
 153  -0.008696   0.028879  -0.019201  -0.000981
 154   0.003308   0.019648  -0.014818  -0.008138
 155   0.008954  -0.030276   0.010143   0.011180
 156   0.003860  -0.013959   0.038122  -0.028023
 157  -0.007066  -0.009992   0.006235   0.010824
 158   0.003004   0.001894   0.011299  -0.016197
 159  -0.003199  -0.003401  -0.008800   0.015400
 160   0.001548  -0.025224   0.031946  -0.008270
 161   0.004816  -0.008160   0.018963  -0.015619
 162   0.011316  -0.010047   0.001276  -0.002545
 163   0.007095  -0.007314  -0.001794   0.002014
 164  -0.000989  -0.002106   0.013219  -0.010124
 165   0.004998  -0.019425   0.009037   0.005391
 166  -0.004974   0.002613   0.018625  -0.016264
 167   0.010484  -0.012948   0.018020  -0.015556
 168  -0.000738  -0.019469   0.005928   0.014279
 169   0.003988   0.002316   0.004083  -0.010387
 170   0.036919  -0.005233  -0.024355  -0.007331
 171   0.029527  -0.022172  -0.007004  -0.000351
 172   0.005208   0.002695  -0.007489  -0.000415
 173   0.030206  -0.024265   0.001363  -0.007304
 174   0.029885  -0.008036  -0.013809  -0.008040
 175   0.033214  -0.023638  -0.016072   0.006496
 176   0.029912  -0.018881  -0.034261   0.023230
 177   0.030538  -0.026454  -0.024143   0.020058
 178   0.019107  -0.004594  -0.045980   0.031467
 179   0.037057  -0.013498  -0.060429   0.036870
