pos          info
        0 -1.967193e-06
        1  5.165856e-07
        2 -1.209385e-05
        3 -2.850672e-04
        4 -4.359183e-04
        5  1.882670e-06
        6 -2.662908e-06
        7 -8.747722e-06
        8 -3.514926e-05
        9 -7.651563e-05
       10 -2.165563e-04
       11 -2.069786e-05
       12 -3.067429e-05
       13 -2.378540e-07
       14 -1.527053e-04
       15 -4.135570e-05
       16  1.116678e-06
       17  1.848970e-07
       18 -2.604801e-05
       19 -5.588026e-07
       20 -2.749782e-04
       21 -5.758076e-05
       22  2.975560e-05
       23  2.877541e-05
       24  1.333264e-06
       25 -2.110471e-05
       26 -2.274279e-05
       27 -2.134314e-05
       28 -8.263014e-05
       29 -2.571984e-05
       30 -2.378994e-05
       31 -2.592974e-05
       32 -1.646098e-05
       33 -5.006205e-06
       34  2.177224e-06
       35  3.029284e-06
       36  8.982579e-05
       37 -1.198009e-05
       38 -4.853064e-06
       39  8.266991e-05
       40  1.162597e-04
       41  1.397892e-06
       42  2.204585e-05
       43  1.198096e-04
       44 -6.487666e-07
       45 -9.135578e-06
       46 -5.186982e-06
       47  8.966881e-05
       48  1.421080e-05
       49  1.481660e-04
       50 -1.530639e-05
       51  4.039126e-05
       52 -2.353357e-05
       53  6.298778e-07
       54 -1.720732e-04
       55 -1.393945e-04
       56 -4.034721e-05
       57 -4.311055e-05
       58 -6.475164e-05
       59 -3.817336e-05
       60 -1.991259e-04
       61 -7.093143e-05
       62  1.306636e-04
       63 -7.614323e-06
       64  1.089986e-04
       65 -2.066461e-04
       66 -7.962859e-05
       67 -1.119597e-03
       68 -7.715298e-04
       69 -5.299101e-04
       70 -1.678309e-05
       71  4.328728e-04
       72 -2.088699e-07
       73  1.298662e-05
       74  9.617265e-06
       75  6.883816e-05
       76 -7.173222e-05
       77 -5.217311e-06
       78 -2.996527e-05
       79 -8.755540e-05
       80 -2.282336e-05
       81 -3.681114e-05
       82 -2.550089e-05
       83  7.467600e-05
       84  9.000007e-07
       85  6.202805e-04
       86 -1.993578e-03
       87 -2.639943e-04
       88 -1.524976e-03
       89 -1.535040e-03
       90 -6.247123e-04
       91 -1.635634e-03
       92 -1.785759e-03
       93  1.047128e-03
       94 -1.756034e-04
       95 -9.223412e-05
       96 -9.322427e-04
       97  3.303452e-04
       98  9.392071e-05
       99  3.347744e-05
      100  1.910958e-07
      101 -1.662758e-06
      102 -9.475648e-05
      103 -2.828548e-04
      104  3.036723e-05
      105  1.859222e-04
      106  6.032753e-06
      107 -8.878193e-05
      108  1.268375e-04
      109  9.581586e-05
      110  3.983842e-05
      111 -8.961470e-05
      112 -8.413887e-05
      113 -1.297752e-04
      114  5.723978e-06
      115 -6.193682e-06
      116  5.378207e-05
      117  2.971077e-05
      118  7.800641e-05
      119  1.836888e-05
      120  9.445925e-09
      121  1.108023e-04
      122  3.896894e-07
      123  2.031873e-04
      124  1.741416e-04
      125  1.146719e-04
      126  7.072745e-05
      127  6.058126e-05
      128 -1.153879e-05
      129 -2.070087e-05
      130 -4.257562e-05
      131 -7.905499e-05
      132 -7.650965e-09
      133 -3.039868e-04
      134 -7.376469e-05
      135  7.550468e-06
      136  7.182012e-06
      137 -8.939561e-05
      138 -7.809565e-06
      139 -6.801122e-05
      140 -1.127726e-04
      141 -1.193238e-08
      142  8.836622e-06
      143  1.028181e-06
      144  6.308070e-05
      145 -1.933652e-05
      146 -2.445859e-05
      147 -2.949409e-06
      148 -1.759235e-09
      149  6.056785e-05
      150 -7.714920e-05
      151  2.955705e-04
      152 -3.141405e-05
      153 -7.574702e-09
      154 -4.147358e-05
      155 -2.160830e-05
      156 -1.494307e-04
      157 -9.822834e-05
      158 -3.567720e-05
      159 -4.948316e-05