pos      val_A      val_C      val_G      val_T
   0   0.020688  -0.012484  -0.018230   0.010027
   1   0.027728  -0.047726   0.016965   0.003032
   2   0.047575  -0.034909  -0.002621  -0.010046
   3   0.010175  -0.002332   0.009335  -0.017177
   4   0.012373   0.007300   0.019211  -0.038883
   5  -0.017392   0.002224   0.021439  -0.006271
   6  -0.003514  -0.041092  -0.001931   0.046536
   7   0.031847   0.000530  -0.023786  -0.008591
   8  -0.003867   0.001497  -0.020231   0.022601
   9   0.053421  -0.077097  -0.006391   0.030067
  10   0.055722  -0.019108  -0.007210  -0.029405
  11   0.053707  -0.063162   0.016431  -0.006976
  12   0.039730  -0.015434   0.021290  -0.045586
  13   0.022302   0.020359  -0.044942   0.002281
  14   0.011824   0.026287  -0.004973  -0.033138
  15   0.089436   0.048686  -0.139047   0.000924
  16   0.000413   0.003795   0.007355  -0.011563
  17  -0.005122   0.017671  -0.018185   0.005636
  18   0.023429  -0.028714   0.030722  -0.025437
  19  -0.000357   0.001178  -0.018851   0.018029
  20   0.009033   0.004993  -0.000649  -0.013376
  21   0.038008  -0.033358   0.003277  -0.007928
  22   0.007020  -0.018011   0.009810   0.001181
  23   0.047978  -0.031538   0.002156  -0.018597
  24   0.030028  -0.009293   0.011622  -0.032356
  25   0.006354   0.024454  -0.009918  -0.020890
  26   0.015269  -0.007714  -0.032880   0.025325
  27   0.010984   0.002738   0.015552  -0.029274
  28  -0.021261   0.011776   0.009658  -0.000174
  29  -0.007583  -0.014208   0.009698   0.012093
  30  -0.047448   0.002819   0.019165   0.025465
  31  -0.002666  -0.015317   0.035047  -0.017063
  32  -0.014088   0.006322   0.009877  -0.002112
  33   0.031611  -0.000378   0.032008  -0.063240
  34   0.004461   0.020202  -0.008853  -0.015811
  35   0.036435  -0.013064  -0.033362   0.009991
  36  -0.030482   0.007160   0.017739   0.005583
  37  -0.038080   0.030028  -0.040634   0.048686
  38   0.000717  -0.031432   0.033765  -0.003050
  39  -0.019189  -0.000263   0.024862  -0.005410
  40  -0.029174   0.023219  -0.043804   0.049759
  41   0.014935   0.029008   0.002376  -0.046319
  42  -0.008952  -0.000138   0.001191   0.007899
  43  -0.001759   0.015707   0.015198  -0.029147
  44   0.008518  -0.012831   0.033990  -0.029677
  45   0.032734   0.011367  -0.047567   0.003467
  46  -0.019765   0.028567  -0.016551   0.007749
  47   0.012867   0.016630  -0.027978  -0.001519
  48  -0.014804   0.014571  -0.011033   0.011266
  49  -0.004809   0.005430   0.021769  -0.022391
  50   0.078347   0.004071  -0.041213  -0.041205
  51   0.003152  -0.036269   0.008317   0.024800
  52  -0.036027  -0.011450   0.017428   0.030048
  53   0.075080  -0.055783   0.010090  -0.029387
  54   0.011871  -0.003888  -0.027919   0.019936
  55   0.032166  -0.050976  -0.000366   0.019175
  56  -0.018123   0.021730  -0.002628  -0.000979
  57  -0.044999  -0.010683   0.001281   0.054401
  58   0.025195  -0.022479  -0.024929   0.022213
  59   0.003042  -0.012060   0.026258  -0.017240
  60  -0.010405  -0.001481  -0.015235   0.027122
  61   0.022632   0.014792   0.010975  -0.048400
  62   0.022801  -0.015861  -0.016212   0.009271
  63   0.021562   0.000006   0.001494  -0.023062
  64   0.028100   0.020330   0.002487  -0.050917
  65  -0.021396   0.029375  -0.043560   0.035581
  66   0.000841  -0.015648  -0.002316   0.017123
  67  -0.034404  -0.037573   0.051283   0.020694
  68  -0.088445   0.022417   0.001610   0.064419
  69   0.014369   0.018529  -0.022346  -0.010553
  70   0.010544   0.021150  -0.037656   0.005963
  71   0.014419  -0.013119   0.010676  -0.011977
  72   0.043936  -0.076353   0.008309   0.024108
  73  -0.044527   0.019339   0.032599  -0.007411
  74  -0.002021   0.014958   0.006428  -0.019366
  75   0.033535  -0.004618   0.010473  -0.039390
  76  -0.035614   0.011051  -0.041451   0.066015
  77  -0.004413   0.018757  -0.008387  -0.005956
  78  -0.030121   0.029096  -0.003049   0.004074
  79  -0.022851   0.030062  -0.029109   0.021898
  80  -0.014960  -0.004934  -0.015113   0.035006
  81  -0.015304   0.038965  -0.021369  -0.002291
  82  -0.045912   0.009739   0.016965   0.019208
  83  -0.003577  -0.023546   0.029415  -0.002291
  84  -0.009560   0.004655   0.018248  -0.013343
  85  -0.017217   0.076195  -0.013309  -0.045669
  86   0.036086  -0.029076  -0.027542   0.020531
  87   0.044914  -0.023221  -0.005471  -0.016222
  88   0.020895   0.017406   0.010913  -0.049215
  89  -0.040178   0.003537   0.003028   0.033614
  90  -0.004359   0.012232  -0.015563   0.007690
  91   0.027237   0.026088   0.009646  -0.062971
  92   0.009473  -0.004933   0.020009  -0.024549
  93  -0.008962   0.034991  -0.012363  -0.013666
  94  -0.000362  -0.021089   0.037097  -0.015646
  95   0.015297   0.030476   0.000060  -0.045833
  96  -0.016668   0.063967  -0.003234  -0.044065
  97   0.013908  -0.004876  -0.028196   0.019163
  98  -0.010380   0.022629   0.012764  -0.025013
  99   0.026040  -0.074066  -0.018901   0.066927
 100  -0.027168   0.022711  -0.008651   0.013108
 101  -0.040725   0.035991  -0.010381   0.015115
 102   0.017837   0.014817  -0.036006   0.003351
 103  -0.014918   0.041363   0.019344  -0.045788
 104   0.005811  -0.023844   0.004657   0.013376
 105  -0.021467   0.028000  -0.026399   0.019866
 106   0.008402  -0.020448   0.027743  -0.015696
 107   0.033799   0.023315  -0.047119  -0.009995
 108  -0.032381   0.040014  -0.002006  -0.005626
 109   0.005475  -0.020752  -0.021239   0.036516
 110   0.016595  -0.018425  -0.020701   0.022531
 111   0.001410   0.000189  -0.022836   0.021237
 112  -0.008915  -0.064070   0.030332   0.042653
 113   0.003924  -0.017079  -0.010130   0.023285
 114   0.061580  -0.014031  -0.000639  -0.046909
 115  -0.023433  -0.009516   0.005170   0.027779
 116   0.002605   0.005288  -0.017312   0.009419
 117  -0.009837   0.007220   0.022157  -0.019540
 118  -0.017976  -0.014746   0.131393  -0.098671
 119   0.058703   0.012860   0.014865  -0.086428
 120  -0.018274   0.023997  -0.033948   0.028225
 121  -0.005294  -0.032357   0.037842  -0.000192
 122  -0.060394  -0.027256   0.051160   0.036490
 123   0.034599  -0.028856   0.004058  -0.009801
 124   0.015104  -0.011657  -0.019786   0.016339
 125  -0.016939  -0.001644   0.002688   0.015896
 126   0.006735  -0.008814  -0.017654   0.019732
 127  -0.020339   0.028106  -0.018122   0.010354
 128   0.039170   0.006392  -0.033491  -0.012070
 129   0.035321  -0.033681   0.024472  -0.026113
 130  -0.070801   0.005600   0.027373   0.037828
 131  -0.010565   0.005981  -0.005424   0.010008
 132  -0.013037  -0.006707   0.000994   0.018750
 133  -0.009153   0.004677   0.001215   0.003261
 134   0.002387  -0.017521  -0.008229   0.023363
 135   0.037680  -0.002894  -0.038799   0.004013
 136   0.012128   0.006937  -0.033441   0.014376
 137   0.024858  -0.011934  -0.045916   0.032993
 138   0.026049  -0.036324  -0.011513   0.021789
 139   0.012028  -0.008510  -0.014777   0.011258
 140  -0.037455   0.000860   0.037367  -0.000773
 141  -0.059248   0.046755   0.013771  -0.001278
 142   0.016574  -0.030351   0.011197   0.002580
 143  -0.004207  -0.016758  -0.007793   0.028759
 144  -0.041257   0.011170   0.022819   0.007267
 145  -0.051409  -0.028917   0.041624   0.038701
 146  -0.029019   0.023343   0.044940  -0.039264
 147  -0.024603  -0.003192   0.007312   0.020483
 148   0.013768  -0.001814  -0.034555   0.022601
 149   0.006278   0.038807  -0.010652  -0.034433
 150   0.023885   0.015249  -0.020435  -0.018700
 151   0.019283  -0.021010  -0.002960   0.004687
 152   0.002450   0.013952   0.022258  -0.038660
 153  -0.045445   0.012195   0.030204   0.003047
 154  -0.004506   0.016760  -0.038148   0.025894
 155  -0.038428   0.014458   0.026538  -0.002568
 156   0.026844   0.004869  -0.040812   0.009099
 157  -0.020954  -0.006813   0.001444   0.026323
 158  -0.002544   0.006107   0.009354  -0.012917
 159   0.005110  -0.008139   0.019532  -0.016502
 160   0.020584  -0.000372  -0.017083  -0.003128
 161   0.006138  -0.001369  -0.005863   0.001093
 162   0.006102   0.002874  -0.007791  -0.001185
 163  -0.007439  -0.005234   0.003883   0.008790
 164   0.001280  -0.016545  -0.005178   0.020443
 165   0.002818   0.012447  -0.024756   0.009491
 166   0.003647  -0.008487  -0.013626   0.018466
 167  -0.015962   0.011406  -0.003490   0.008046
 168   0.003072   0.018482  -0.015068  -0.006486
 169  -0.009895   0.015128  -0.003878  -0.001355
 170   0.022736  -0.012932  -0.026295   0.016491
 171  -0.000014  -0.002536  -0.013335   0.015884
 172   0.005159  -0.008135  -0.001007   0.003983
 173  -0.001447   0.002863   0.001950  -0.003367
 174   0.008995   0.004419  -0.003687  -0.009726
 175   0.003942  -0.000817  -0.006807   0.003681
 176  -0.027815   0.013312   0.001272   0.013230
 177  -0.014885   0.009002   0.006034  -0.000150
 178  -0.011830  -0.002972   0.007950   0.006852
 179  -0.000266  -0.007236   0.010802  -0.003300
