pos       info
        0  -0.020403
        1   0.005772
        2   0.003834
        3   0.009221
        4   0.010099
        5  -0.006843
        6  -0.011042
        7  -0.002136
        8   0.001188
        9   0.014456
       10   0.009941
       11   0.015442
       12   0.019968
       13   0.005101
       14  -0.006395
       15   0.030740
       16  -0.004306
       17  -0.003225
       18  -0.002557
       19  -0.000588
       20  -0.006435
       21  -0.001898
       22  -0.004680
       23  -0.005155
       24  -0.008850
       25  -0.016193
       26  -0.009129
       27  -0.000910
       28  -0.001918
       29  -0.006337
       30  -0.005936
       31  -0.001267
       32  -0.003391
       33  -0.010130
       34  -0.011550
       35  -0.005852
       36  -0.000986
       37  -0.007285
       38   0.002869
       39   0.004830
       40   0.016231
       41  -0.014173
       42  -0.006108
       43  -0.001235
       44  -0.007372
       45  -0.000424
       46  -0.009150
       47  -0.010396
       48   0.000219
       49   0.002502
       50   0.020826
       51   0.007803
       52   0.013891
       53   0.031733
       54  -0.001349
       55  -0.011390
       56  -0.004791
       57  -0.002460
       58  -0.003863
       59  -0.007915
       60   0.000111
       61   0.011032
       62  -0.001674
       63  -0.006567
       64  -0.028728
       65  -0.012716
       66   0.004193
       67  -0.012048
       68  -0.017551
       69  -0.015678
       70  -0.016230
       71   0.001582
       72   0.011849
       73  -0.015003
       74   0.003266
       75   0.011673
       76   0.025283
       77  -0.002194
       78  -0.011084
       79  -0.005765
       80  -0.005423
       81  -0.008200
       82  -0.002734
       83   0.000113
       84   0.001215
       85   0.033040
       86   0.019721
       87   0.022270
       88   0.010600
       89  -0.017621
       90  -0.011578
       91  -0.019168
       92  -0.002012
       93  -0.006936
       94  -0.011174
       95  -0.017588
       96  -0.017406
       97  -0.025909
       98   0.007608
       99   0.026125
      100  -0.000040
      101  -0.003340
      102   0.002917
      103   0.007279
      104   0.004996
      105  -0.007267
      106  -0.000164
      107  -0.008852
      108   0.005728
      109   0.004095
      110   0.014887
      111   0.003927
      112   0.001849
      113   0.000280
      114  -0.005468
      115  -0.000630
      116   0.007937
      117   0.000622
      118   0.053343
      119   0.026574
      120  -0.006505
      121   0.007611
      122   0.024229
      123   0.004862
      124   0.008314
      125  -0.002932
      126  -0.011113
      127  -0.016341
      128  -0.007603
      129  -0.008496
      130  -0.003687
      131  -0.004095
      132  -0.000828
      133  -0.004884
      134  -0.001651
      135   0.002066
      136   0.004026
      137   0.008503
      138   0.004315
      139   0.002210
      140  -0.002292
      141  -0.005565
      142  -0.007544
      143  -0.009469
      144   0.014283
      145   0.021760
      146  -0.001838
      147  -0.000755
      148  -0.005784
      149  -0.005338
      150   0.002504
      151  -0.010114
      152  -0.003693
      153  -0.012553
      154  -0.011395
      155  -0.005524
      156  -0.014974
      157  -0.000447
      158  -0.004779
      159  -0.004034