pos       info
        0   0.002356
        1  -0.001205
        2  -0.000172
        3  -0.000471
        4  -0.000450
        5   0.000978
        6   0.000922
        7   0.000740
        8  -0.000112
        9   0.003914
       10   0.002263
       11   0.000858
       12   0.000015
       13   0.000966
       14   0.000107
       15   0.000081
       16   0.000079
       17   0.000098
       18   0.000586
       19   0.001720
       20   0.002705
       21   0.001282
       22  -0.000335
       23   0.000002
       24  -0.001588
       25   0.004227
       26  -0.001210
       27   0.000712
       28  -0.000338
       29   0.000148
       30  -0.000017
       31  -0.002054
       32   0.000076
       33  -0.000046
       34   0.001130
       35  -0.001720
       36  -0.003071
       37  -0.002091
       38  -0.003792
       39  -0.000141
       40  -0.000231
       41   0.000796
       42   0.000234
       43   0.000026
       44  -0.000009
       45  -0.001057
       46  -0.000029
       47  -0.000183
       48  -0.001337
       49  -0.000234
       50  -0.001559
       51  -0.000342
       52  -0.001809
       53  -0.000628
       54  -0.003254
       55  -0.002634
       56  -0.000120
       57  -0.003241
       58   0.000255
       59  -0.000013
       60  -0.001891
       61  -0.000008
       62  -0.000760
       63   0.000216
       64   0.001033
       65   0.000393
       66   0.001998
       67  -0.000571
       68  -0.000185
       69  -0.000035
       70  -0.001421
       71  -0.001822
       72  -0.000950
       73   0.000063
       74   0.000011
       75   0.002754
       76   0.000367
       77   0.003032
       78  -0.000063
       79   0.000014
       80   0.000223
       81   0.004599
       82   0.000233
       83  -0.000018
       84  -0.001710
       85   0.000608
       86   0.000008
       87   0.001788
       88   0.000662
       89   0.000949
       90  -0.000388
       91  -0.000163
       92   0.001531
       93   0.003970
       94   0.000059
       95   0.006679
       96  -0.000394
       97   0.000001
       98  -0.000471
       99  -0.000336
      100  -0.001108
      101  -0.002926
      102  -0.000176
      103  -0.000443
      104  -0.000364
      105  -0.000117
      106  -0.000154
      107  -0.000819
      108  -0.002015
      109  -0.000406
      110   0.001088
      111   0.000374
      112   0.001508
      113  -0.002446
      114  -0.000371
      115  -0.000141
      116   0.000260
      117   0.000008
      118   0.000246
      119  -0.000028
      120  -0.000456
      121  -0.001606
      122   0.000242
      123   0.000465
      124  -0.000028
      125  -0.000062
      126  -0.000260
      127  -0.000245
      128  -0.000874
      129  -0.002028
      130   0.000558
      131   0.000055
      132   0.001950
      133  -0.000642
      134  -0.002162
      135  -0.001020
      136   0.000663
      137  -0.000010
      138  -0.000076
      139  -0.003600
      140  -0.000031
      141  -0.000676
      142  -0.000097
      143   0.000072
      144   0.000545
      145   0.003353
      146  -0.001978
      147  -0.000007
      148  -0.000479
      149  -0.000297
      150   0.000101
      151  -0.001360
      152  -0.000009
      153  -0.000598
      154  -0.000057
      155   0.000233
      156  -0.000901
      157  -0.000019
      158  -0.004552
      159  -0.000085