pos          info
        0  1.081337e-04
        1  9.507295e-05
        2 -2.818102e-07
        3 -9.166133e-05
        4 -8.556103e-05
        5 -2.459401e-05
        6  2.116656e-06
        7  8.198169e-05
        8  8.932843e-05
        9  8.403618e-05
       10  1.287633e-04
       11  1.351168e-04
       12  1.347217e-04
       13  1.167971e-05
       14  1.083400e-04
       15  1.356268e-04
       16  1.325270e-04
       17  3.821008e-05
       18 -4.500391e-05
       19 -8.411069e-05
       20 -1.333019e-04
       21 -5.446231e-05
       22 -3.433771e-05
       23  5.557916e-05
       24 -2.534957e-05
       25  2.824465e-05
       26 -3.099966e-05
       27  5.586062e-05
       28  6.439443e-06
       29  5.698156e-06
       30 -2.671364e-05
       31 -8.499921e-06
       32  8.638238e-05
       33  7.107753e-05
       34  6.467521e-05
       35 -7.583591e-05
       36 -2.598952e-05
       37 -2.121114e-05
       38  1.518917e-05
       39  1.859435e-06
       40 -3.268421e-05
       41  9.577662e-05
       42  3.267159e-05
       43  4.630221e-05
       44 -1.778594e-04
       45 -1.389713e-04
       46 -1.069696e-04
       47 -1.015981e-05
       48 -3.007819e-05
       49 -3.896777e-05
       50 -4.598504e-05
       51 -1.194316e-04
       52 -1.237730e-04
       53 -1.698778e-04
       54 -5.597976e-05
       55 -6.663696e-05
       56  5.428901e-05
       57 -7.424746e-06
       58  5.472140e-05
       59 -4.055293e-06
       60  6.586095e-05
       61  1.709575e-05
       62 -1.097751e-04
       63 -1.273556e-04
       64 -2.899728e-05
       65  1.323921e-04
       66  1.674054e-04
       67  5.698073e-05
       68  3.025831e-05
       69  2.055036e-05
       70  3.299170e-05
       71  1.377907e-05
       72  4.532959e-07
       73  2.324655e-06
       74  2.092556e-05
       75  8.510949e-05
       76  9.424321e-05
       77  8.648930e-05
       78  4.196966e-05
       79  9.993634e-05
       80  2.587899e-04
       81  2.338784e-04
       82  1.728262e-04
       83 -4.179141e-05
       84 -7.617425e-05
       85 -8.672672e-05
       86  1.819960e-05
       87  7.975548e-05
       88  2.793485e-05
       89 -2.394016e-05
       90  1.686502e-05
       91  1.613068e-04
       92  4.863349e-04
       93  1.010197e-03
       94  8.853631e-04
       95  5.602654e-04
       96 -3.848706e-05
       97  1.551950e-06
       98 -4.144927e-05
       99 -4.078221e-05
      100 -2.872781e-05
      101 -9.708405e-06
      102 -8.820586e-06
      103 -5.490860e-05
      104 -2.779076e-05
      105 -4.136805e-05
      106 -5.745805e-05
      107 -1.384885e-04
      108 -1.139208e-04
      109 -1.484817e-04
      110 -6.774125e-05
      111 -2.741739e-05
      112  5.174294e-05
      113 -1.394797e-06
      114 -8.886007e-05
      115  2.014783e-05
      116  1.916876e-04
      117  2.265184e-04
      118  1.704302e-04
      119  5.230702e-05
      120  4.735577e-05
      121  1.221676e-05
      122  1.384593e-05
      123  5.579040e-05
      124  3.882306e-05
      125  3.703896e-05
      126 -5.728908e-05
      127 -7.547155e-05
      128 -9.107148e-05
      129 -3.261196e-05
      130  7.167653e-05
      131  8.782184e-05
      132  8.599541e-05
      133 -1.720720e-06
      134 -1.465058e-05
      135 -1.535335e-05
      136 -1.185543e-05
      137 -4.599434e-05
      138 -4.666413e-05
      139 -4.981571e-05
      140 -3.600823e-05
      141 -3.463913e-05
      142 -8.985451e-06
      143  1.632743e-05
      144  2.167929e-05
      145  2.425018e-05
      146  7.436243e-05
      147  8.722703e-05
      148  7.142343e-05
      149  3.100271e-05
      150  1.022279e-05
      151 -6.475004e-07
      152 -3.375977e-06
      153  3.108284e-07
      154 -2.309367e-05
      155 -2.049613e-05
      156 -7.290582e-05
      157  0.000000e+00
      158  0.000000e+00
      159  0.000000e+00