pos          info
        0  8.967260e-07
        1 -2.061939e-04
        2 -7.861721e-06
        3 -4.317786e-04
        4 -7.886760e-05
        5 -8.325002e-05
        6 -1.496646e-06
        7  5.579573e-06
        8  4.463418e-05
        9  2.238910e-04
       10  1.761517e-04
       11  2.111157e-05
       12  5.083449e-06
       13  5.241993e-04
       14  1.864227e-04
       15  3.910431e-05
       16  1.422170e-05
       17  1.774526e-04
       18 -1.234438e-04
       19 -1.164299e-06
       20 -1.286318e-04
       21 -1.562808e-05
       22 -2.722850e-05
       23 -5.384723e-05
       24 -7.001176e-05
       25 -6.320883e-05
       26 -2.256194e-04
       27  9.047079e-06
       28 -3.963177e-05
       29  9.828867e-05
       30 -4.122813e-06
       31 -1.807753e-06
       32 -1.516710e-04
       33 -7.888006e-05
       34  1.707209e-04
       35 -1.149689e-04
       36 -2.779164e-05
       37 -5.185802e-04
       38 -3.402185e-06
       39 -4.941209e-05
       40 -1.363210e-05
       41  3.178452e-05
       42  1.502764e-04
       43  7.229155e-05
       44 -3.066837e-05
       45 -8.417630e-06
       46 -9.164060e-05
       47 -1.558586e-04
       48 -5.624071e-05
       49 -1.458875e-04
       50 -2.379598e-04
       51 -1.978717e-04
       52 -1.287157e-05
       53 -3.474364e-05
       54 -1.302324e-04
       55 -4.183730e-05
       56 -2.564172e-05
       57 -3.526804e-05
       58  1.025737e-05
       59 -7.775646e-05
       60 -1.711924e-05
       61 -3.233169e-05
       62 -7.337263e-05
       63 -2.804173e-05
       64 -1.738605e-07
       65 -2.261664e-04
       66  7.507508e-05
       67 -7.085348e-06
       68  1.370215e-06
       69 -2.065059e-04
       70  1.356980e-04
       71 -1.295140e-04
       72 -4.990983e-05
       73 -1.042500e-04
       74  2.432577e-05
       75  3.532471e-04
       76  7.068048e-06
       77  5.756575e-04
       78  4.042012e-06
       79  2.794365e-05
       80  8.812602e-06
       81  5.703972e-05
       82  5.713594e-05
       83 -2.785186e-05
       84 -3.339525e-05
       85 -4.000451e-05
       86  7.783476e-06
       87  6.687188e-05
       88 -6.382272e-05
       89  2.890685e-05
       90 -5.105668e-04
       91  2.891613e-07
       92  1.407526e-05
       93  1.955960e-04
       94  1.887629e-04
       95 -8.152253e-04
       96 -3.257455e-05
       97  7.348011e-07
       98 -8.616379e-05
       99 -2.207582e-04
      100 -5.537631e-05
      101 -5.507307e-08
      102 -2.381720e-07
      103 -1.021568e-06
      104 -5.451015e-05
      105 -2.437020e-05
      106 -7.183188e-06
      107 -2.598657e-04
      108 -1.380748e-04
      109 -1.084817e-05
      110  4.110927e-07
      111 -4.446286e-04
      112  2.273734e-04
      113 -1.509545e-06
      114 -1.942937e-06
      115 -3.315986e-05
      116  6.970002e-06
      117  7.100341e-05
      118  4.150641e-05
      119 -4.067743e-05
      120 -6.668675e-05
      121 -2.637061e-04
      122  5.068045e-06
      123 -6.976977e-05
      124 -2.331587e-05
      125 -7.879955e-05
      126 -3.756617e-05
      127 -7.230233e-05
      128 -4.131310e-06
      129 -3.694948e-05
      130  5.092784e-05
      131 -5.420423e-05
      132 -9.552926e-05
      133 -2.833190e-05
      134  9.943555e-07
      135  3.223917e-05
      136  1.802932e-06
      137 -1.053426e-05
      138 -1.107053e-04
      139 -2.740253e-04
      140 -8.958484e-05
      141 -1.088218e-05
      142 -1.064313e-08
      143 -5.908597e-05
      144  4.050391e-04
      145  2.054695e-06
      146  3.685854e-05
      147  5.305837e-06
      148  1.176010e-04
      149  8.716897e-05
      150  1.239062e-05
      151 -1.513742e-06
      152 -1.883199e-05
      153 -2.498790e-04
      154  1.726548e-04
      155 -1.288369e-05
      156 -2.985553e-08
      157 -2.405184e-05
      158 -1.935263e-04
      159 -6.770144e-06