pos      val_A      val_C      val_G      val_T
   0   0.015750   0.011513  -0.001808  -0.025454
   1   0.007018  -0.017757   0.013538  -0.002799
   2  -0.006518   0.010255   0.007641  -0.011378
   3   0.000600   0.010925  -0.003284  -0.008241
   4  -0.001818  -0.011372   0.002382   0.010808
   5  -0.013403  -0.005572   0.003036   0.015939
   6  -0.015777   0.009786   0.000497   0.005494
   7  -0.013805   0.011972   0.013322  -0.011489
   8   0.005411  -0.010808   0.000340   0.005057
   9  -0.003971  -0.032448   0.020395   0.016024
  10  -0.010438  -0.018132   0.023703   0.004867
  11  -0.014913   0.013971   0.012029  -0.011088
  12   0.005465   0.001953  -0.011459   0.004041
  13  -0.013343   0.003237   0.015689  -0.005584
  14  -0.016877   0.005526   0.011169   0.000182
  15  -0.021187   0.004909  -0.001296   0.017574
  16  -0.009484  -0.004739   0.018475  -0.004253
  17  -0.012264   0.000899   0.016158  -0.004794
  18  -0.012412  -0.002591   0.027004  -0.012001
  19   0.017354   0.020026  -0.020932  -0.016448
  20   0.003297  -0.026380   0.032318  -0.009235
  21  -0.011042   0.018066   0.005059  -0.012082
  22  -0.000918   0.005305  -0.009328   0.004941
  23  -0.000067   0.000695  -0.006501   0.005873
  24  -0.004047  -0.013320  -0.002717   0.020083
  25  -0.005401  -0.033762   0.015527   0.023636
  26   0.017576  -0.003564  -0.006638  -0.007374
  27   0.013708   0.008322  -0.020261  -0.001769
  28   0.005640  -0.009339  -0.011469   0.015168
  29   0.003932  -0.006134   0.006335  -0.004134
  30  -0.014189  -0.000786   0.002290   0.012685
  31   0.004284  -0.023465   0.008276   0.010905
  32   0.004895  -0.015463   0.020537  -0.009968
  33   0.003912  -0.019034   0.020947  -0.005824
  34  -0.017440   0.008129   0.009518  -0.000206
  35   0.020948  -0.000273  -0.008820  -0.011854
  36   0.003630  -0.028186   0.033296  -0.008741
  37  -0.013432   0.003257  -0.012934   0.023109
  38   0.005606  -0.011040  -0.031731   0.037165
  39   0.006135  -0.000117   0.002765  -0.008783
  40  -0.008329   0.007903   0.010762  -0.010336
  41  -0.000199   0.014146  -0.016205   0.002259
  42  -0.011574   0.018199   0.008219  -0.014844
  43  -0.002015   0.002670   0.004650  -0.005305
  44  -0.011021   0.005006   0.007369  -0.001354
  45   0.013984   0.003193  -0.000236  -0.016941
  46   0.003019   0.006398   0.006515  -0.015932
  47  -0.016056  -0.006412   0.021085   0.001382
  48  -0.018691   0.023472  -0.016848   0.012067
  49   0.002660  -0.020074   0.009432   0.007982
  50   0.011313   0.020009  -0.006888  -0.024434
  51   0.005692  -0.009365   0.008487  -0.004813
  52   0.008315  -0.022025   0.003014   0.010696
  53  -0.007569  -0.007444   0.002256   0.012757
  54   0.028559  -0.012586  -0.004756  -0.011217
  55   0.025839  -0.016826   0.001974  -0.010987
  56  -0.005055  -0.006768   0.026135  -0.014312
  57   0.028878  -0.026185   0.011361  -0.014053
  58   0.009914   0.019580  -0.021659  -0.007835
  59   0.001920   0.004148   0.000187  -0.006255
  60  -0.022658  -0.004395   0.001282   0.025771
  61  -0.008989  -0.001376  -0.000615   0.010979
  62   0.001940   0.013963   0.000694  -0.016597
  63  -0.007416   0.012517  -0.014769   0.009667
  64  -0.003923   0.016083  -0.004916  -0.007244
  65  -0.006784   0.018628  -0.022377   0.010534
  66   0.018260  -0.023111   0.001877   0.002974
  67   0.012111  -0.003403  -0.006301  -0.002406
  68  -0.003101  -0.008374  -0.006822   0.018297
  69  -0.009661   0.011566  -0.005132   0.003226
  70   0.007170  -0.007752   0.020070  -0.019488
  71   0.021569  -0.000415  -0.007224  -0.013930
  72   0.013911  -0.017828   0.019613  -0.015696
  73   0.028111  -0.008285  -0.024379   0.004554
  74  -0.005476  -0.009462   0.016424  -0.001486
  75  -0.027378   0.003371   0.023467   0.000540
  76   0.010858  -0.009800  -0.003934   0.002877
  77   0.000236  -0.028268  -0.007396   0.035427
  78  -0.009487   0.002462   0.010929  -0.003904
  79   0.002989  -0.010225   0.009097  -0.001861
  80  -0.007629   0.009785  -0.010151   0.007995
  81   0.006557  -0.035484   0.015279   0.013648
  82   0.001473  -0.000540  -0.008702   0.007769
  83  -0.002426   0.011629  -0.011494   0.002291
  84  -0.000378  -0.013389  -0.007038   0.020805
  85   0.012859  -0.027463  -0.004955   0.019559
  86  -0.004272   0.001521   0.007117  -0.004367
  87  -0.018961  -0.011253  -0.020531   0.050745
  88   0.009293   0.012982  -0.017126  -0.005149
  89  -0.006903  -0.000200  -0.015650   0.022753
  90  -0.009013   0.009975  -0.010264   0.009301
  91  -0.006017  -0.004476   0.006456   0.004037
  92   0.002874   0.019548  -0.011173  -0.011249
  93  -0.003745   0.031266  -0.032430   0.004909
  94  -0.003098   0.009326  -0.002354  -0.003874
  95  -0.043504   0.009477  -0.000638   0.034666
  96   0.010187  -0.012752   0.006867  -0.004302
  97  -0.000612   0.000605  -0.007968   0.007975
  98  -0.012635  -0.002640   0.025977  -0.010701
  99   0.001470  -0.009353   0.004571   0.003313
 100  -0.000698  -0.013149  -0.002968   0.016815
 101  -0.019607  -0.009166   0.026932   0.001840
 102   0.001755   0.022685  -0.006173  -0.018266
 103  -0.017772   0.010845   0.008385  -0.001458
 104  -0.008477   0.042086  -0.012505  -0.021105
 105  -0.005415   0.009111   0.004333  -0.008029
 106  -0.022123   0.006647   0.008539   0.006938
 107   0.014655  -0.006208   0.005792  -0.014239
 108  -0.005733  -0.007481  -0.009334   0.022547
 109  -0.014563   0.010450  -0.015892   0.020005
 110  -0.016538  -0.020545   0.030168   0.006915
 111  -0.001823   0.009931   0.006951  -0.015059
 112   0.008253   0.006886   0.005157  -0.020296
 113  -0.024591   0.046236  -0.003013  -0.018631
 114  -0.011457  -0.009605  -0.000620   0.021682
 115   0.006147  -0.002841  -0.016478   0.013173
 116   0.009096   0.005532  -0.008153  -0.006476
 117   0.010634   0.002210   0.001646  -0.014491
 118   0.008135  -0.002449   0.006275  -0.011961
 119  -0.011711   0.002398   0.011771  -0.002458
 120  -0.010826   0.009010   0.011235  -0.009420
 121  -0.014938   0.006078   0.020211  -0.011351
 122  -0.007680   0.008332   0.017305  -0.017957
 123  -0.003209  -0.016665   0.010893   0.008980
 124  -0.000118   0.004454   0.002734  -0.007070
 125  -0.003906   0.028358  -0.021069  -0.003383
 126   0.002513   0.008116  -0.011708   0.001079
 127  -0.007894  -0.001853   0.015333  -0.005586
 128   0.015209   0.003818  -0.000044  -0.018983
 129   0.015064   0.011544  -0.003044  -0.023565
 130  -0.005896  -0.006096  -0.000011   0.012003
 131   0.019796  -0.008482  -0.015280   0.003966
 132  -0.022678   0.001016  -0.014551   0.036213
 133  -0.009306   0.012821   0.003606  -0.007121
 134   0.000235   0.023149  -0.010541  -0.012842
 135  -0.010719   0.000102  -0.005594   0.016211
 136   0.015343  -0.013155   0.000608  -0.002797
 137   0.006324  -0.001612  -0.006892   0.002180
 138   0.021756  -0.004143  -0.013305  -0.004307
 139  -0.013659   0.029695  -0.010067  -0.005970
 140  -0.002877  -0.002424  -0.004149   0.009451
 141   0.013203  -0.011580   0.001106  -0.002729
 142   0.005053   0.000026   0.000121  -0.005200
 143  -0.002488  -0.004101   0.013805  -0.007216
 144  -0.001864  -0.006164  -0.011851   0.019879
 145   0.008376  -0.030103   0.016394   0.005334
 146   0.022619   0.003155  -0.029360   0.003585
 147   0.001366  -0.003260   0.005633  -0.003739
 148  -0.001375  -0.011147  -0.003949   0.016472
 149  -0.017385   0.007652   0.008932   0.000801
 150   0.009464  -0.004980   0.006121  -0.010605
 151  -0.018340   0.036499  -0.003512  -0.014647
 152   0.001890  -0.024309   0.014925   0.007493
 153   0.012838  -0.017403   0.017676  -0.013111
 154   0.003007  -0.003804  -0.012066   0.012863
 155   0.027383  -0.007390  -0.006897  -0.013096
 156   0.011559   0.013570  -0.009637  -0.015492
 157   0.002246  -0.010255  -0.003084   0.011094
 158  -0.014438  -0.005092   0.033359  -0.013830
 159   0.004929   0.011726  -0.005728  -0.010928
 160  -0.016534   0.040859   0.002991  -0.027316
 161  -0.028019   0.024200   0.010448  -0.006630
 162  -0.039162  -0.010518  -0.008738   0.058418
 163   0.021821  -0.029505   0.029278  -0.021593
 164  -0.012800  -0.002590   0.018476  -0.003086
 165   0.007425  -0.026070   0.025177  -0.006532
 166  -0.016539   0.015292   0.004298  -0.003052
 167   0.020607  -0.017524  -0.002055  -0.001028
 168   0.035758  -0.014844  -0.015582  -0.005333
 169   0.017859  -0.014762  -0.041754   0.038657
 170   0.038975   0.001880  -0.033122  -0.007733
 171  -0.029394   0.019142  -0.043123   0.053375
 172   0.014020  -0.034667   0.016829   0.003818
 173  -0.002106   0.012219  -0.012636   0.002523
 174   0.008970   0.031277  -0.034177  -0.006069
 175  -0.006731  -0.003637  -0.028282   0.038650
 176  -0.006178  -0.001128   0.011267  -0.003961
 177  -0.042037   0.024398  -0.013506   0.031145
 178  -0.025102   0.038060  -0.018724   0.005766
 179  -0.035070   0.055539  -0.016378  -0.004091
