pos      val_A      val_C      val_G      val_T
   0   0.004446  -0.026514   0.036512  -0.014444
   1   0.015551  -0.013037  -0.014046   0.011533
   2   0.000130  -0.003060  -0.005405   0.008335
   3   0.011926  -0.018695  -0.002875   0.009644
   4  -0.028929   0.005555   0.011996   0.011378
   5  -0.014197   0.035284   0.003765  -0.024852
   6   0.019147  -0.037303   0.023799  -0.005643
   7  -0.013358   0.030890  -0.011572  -0.005960
   8  -0.015447  -0.012170   0.041888  -0.014270
   9  -0.010298   0.012065  -0.014317   0.012550
  10  -0.009962   0.011238  -0.013988   0.012713
  11  -0.014039  -0.001345  -0.002861   0.018245
  12   0.011037   0.001030  -0.015941   0.003875
  13  -0.004514  -0.000580  -0.017491   0.022585
  14  -0.017276  -0.017183  -0.016435   0.050895
  15  -0.007370   0.029531  -0.009137  -0.013024
  16   0.007032  -0.029240  -0.010997   0.033205
  17   0.008384  -0.006306   0.018004  -0.020082
  18  -0.001576  -0.009643   0.029554  -0.018335
  19   0.002791   0.013346   0.001141  -0.017278
  20   0.036305  -0.027904  -0.035331   0.026930
  21  -0.031460   0.040512   0.008525  -0.017577
  22  -0.009499   0.001956   0.036134  -0.028591
  23  -0.001976   0.004596  -0.013047   0.010427
  24   0.028778  -0.020984  -0.010878   0.003084
  25   0.025926  -0.020545  -0.012575   0.007193
  26  -0.009860   0.006294   0.005441  -0.001875
  27  -0.020615   0.023954   0.030726  -0.034065
  28  -0.034326   0.013872  -0.004738   0.025193
  29   0.028479   0.013417  -0.036564  -0.005332
  30   0.009036   0.031018  -0.022904  -0.017151
  31  -0.011464   0.004130   0.002382   0.004952
  32  -0.006452   0.026320  -0.008772  -0.011096
  33   0.008726  -0.002937  -0.010729   0.004940
  34  -0.020287  -0.004804  -0.006186   0.031277
  35  -0.001492   0.005275  -0.010903   0.007120
  36   0.035666  -0.005319  -0.011282  -0.019065
  37  -0.018833  -0.006264   0.013200   0.011897
  38  -0.011315  -0.014332  -0.006082   0.031729
  39   0.016232   0.005546   0.004714  -0.026492
  40  -0.019322   0.014149   0.017220  -0.012047
  41  -0.044772   0.007502   0.043436  -0.006166
  42   0.002098   0.028297  -0.011322  -0.019073
  43   0.048808  -0.021094  -0.016411  -0.011304
  44   0.002897  -0.008538   0.002848   0.002793
  45   0.000817  -0.016267   0.000009   0.015441
  46   0.008276  -0.011623   0.010920  -0.007573
  47   0.005991  -0.004410   0.000735  -0.002316
  48  -0.025604   0.016827   0.018738  -0.009962
  49   0.001599   0.002003  -0.006914   0.003312
  50  -0.010253  -0.028403   0.055766  -0.017110
  51   0.008218   0.002499  -0.016227   0.005510
  52  -0.013393   0.000006   0.023664  -0.010278
  53  -0.010933  -0.018177   0.004558   0.024552
  54  -0.011720   0.007725  -0.007290   0.011285
  55   0.001328   0.015146  -0.022349   0.005875
  56   0.018204   0.049613  -0.043930  -0.023888
  57  -0.029038   0.012384   0.010439   0.006214
  58  -0.025405   0.025235  -0.019013   0.019182
  59   0.012568   0.018699  -0.006354  -0.024913
  60   0.004580   0.025369  -0.023510  -0.006440
  61  -0.014991   0.007457  -0.015463   0.022996
  62   0.001038  -0.019049   0.044238  -0.026227
  63   0.014171   0.001672  -0.023141   0.007298
  64   0.037554  -0.013411  -0.018753  -0.005390
  65   0.018826   0.000361  -0.000764  -0.018423
  66  -0.019899   0.013730   0.000217   0.005952
  67   0.010802  -0.013307  -0.008281   0.010786
  68   0.007011  -0.000448   0.010253  -0.016816
  69  -0.030034  -0.013800  -0.007014   0.050848
  70  -0.030336   0.001279   0.032646  -0.003589
  71   0.024233   0.010359  -0.031768  -0.002824
  72   0.015716   0.023884  -0.008557  -0.031043
  73   0.027185  -0.022485   0.007738  -0.012437
  74  -0.011073   0.013395   0.004560  -0.006882
  75  -0.024401   0.006400  -0.000373   0.018374
  76  -0.004098   0.006625  -0.007122   0.004595
  77   0.003826  -0.021724  -0.028004   0.045903
  78   0.010647  -0.000137  -0.011148   0.000638
  79  -0.006437  -0.000765   0.011999  -0.004797
  80   0.019042  -0.019326  -0.006667   0.006951
  81  -0.037365   0.013904   0.009444   0.014017
  82   0.024634  -0.043810  -0.019600   0.038776
  83   0.006511   0.007990   0.012367  -0.026868
  84   0.032190  -0.035107  -0.003813   0.006730
  85  -0.008018   0.000093  -0.002617   0.010542
  86   0.012081  -0.000940   0.025180  -0.036321
  87   0.012614  -0.027627   0.014110   0.000903
  88   0.010502  -0.040964   0.012579   0.017883
  89  -0.014574  -0.007669  -0.010171   0.032414
  90  -0.027227   0.015533  -0.011076   0.022770
  91  -0.018600  -0.004541   0.034583  -0.011442
  92   0.004045  -0.003149  -0.006449   0.005552
  93   0.035702  -0.026344  -0.019002   0.009643
  94   0.014012   0.009987   0.000389  -0.024388
  95   0.014401  -0.003287  -0.010576  -0.000538
  96  -0.026488  -0.023887   0.009606   0.040769
  97   0.015065  -0.004782  -0.031277   0.020994
  98   0.001617  -0.022884   0.002714   0.018552
  99  -0.001574   0.015552   0.013588  -0.027565
 100  -0.008419  -0.012225   0.021005  -0.000361
 101  -0.009224  -0.024282   0.045974  -0.012468
 102  -0.014285   0.024485  -0.014897   0.004696
 103  -0.039890  -0.037208  -0.045704   0.122802
 104  -0.066283  -0.053120   0.067294   0.052109
 105  -0.040598  -0.035730   0.101101  -0.024773
 106   0.070826  -0.034333  -0.016908  -0.019584
 107  -0.026285   0.048971  -0.010324  -0.012361
 108  -0.004545  -0.026637  -0.019526   0.050707
 109  -0.003384   0.030369  -0.036291   0.009307
 110   0.011543   0.000420   0.002371  -0.014334
 111  -0.000903   0.037758  -0.026848  -0.010007
 112   0.025006  -0.029946  -0.012080   0.017020
 113  -0.038109   0.027469  -0.007739   0.018379
 114  -0.039400   0.035531  -0.002489   0.006358
 115   0.007914   0.013325  -0.013451  -0.007787
 116   0.013718  -0.006627   0.000266  -0.007357
 117   0.017455  -0.008514   0.003149  -0.012089
 118   0.032923  -0.018110   0.011862  -0.026675
 119   0.080115  -0.023526  -0.016485  -0.040104
 120  -0.003585  -0.010125   0.008815   0.004895
 121  -0.020225   0.025025   0.032381  -0.037181
 122  -0.033964  -0.018593  -0.033277   0.085834
 123  -0.021595  -0.035460   0.070603  -0.013548
 124  -0.002497  -0.015006   0.032708  -0.015205
 125  -0.034366   0.007234  -0.008446   0.035579
 126  -0.014105  -0.043705   0.008193   0.049617
 127   0.002295  -0.006317  -0.025528   0.029550
 128  -0.033167   0.033411  -0.002016   0.001772
 129   0.045239  -0.034143  -0.013500   0.002404
 130  -0.126324  -0.062928  -0.052922   0.242173
 131  -0.036710  -0.035865  -0.035215   0.107790
 132  -0.010817  -0.003128  -0.007606   0.021551
 133   0.020169  -0.040364   0.056796  -0.036601
 134  -0.005985  -0.014855  -0.003431   0.024271
 135   0.005758  -0.034710   0.042045  -0.013093
 136   0.013119   0.000639   0.011276  -0.025034
 137   0.030059  -0.021155   0.003685  -0.012589
 138   0.011421  -0.015945   0.025370  -0.020846
 139  -0.029533   0.002731   0.017567   0.009235
 140   0.021585  -0.008271   0.014656  -0.027970
 141  -0.005131   0.022994  -0.003188  -0.014675
 142   0.019264  -0.014548  -0.009308   0.004592
 143   0.022240  -0.005344  -0.017545   0.000649
 144  -0.004036  -0.016089   0.003811   0.016314
 145  -0.003300   0.000279   0.017633  -0.014611
 146   0.028929  -0.012990  -0.005921  -0.010018
 147  -0.006170  -0.023897   0.020797   0.009270
 148  -0.009949  -0.004278   0.014864  -0.000636
 149   0.026159  -0.008460   0.025925  -0.043625
 150  -0.031890  -0.039694   0.032993   0.038591
 151  -0.022325  -0.039078   0.056641   0.004762
 152  -0.015109  -0.058955   0.035270   0.038794
 153   0.028642  -0.009721   0.011924  -0.030845
 154  -0.017472  -0.031188   0.035848   0.012811
 155  -0.012886  -0.005303   0.027151  -0.008961
 156  -0.003355   0.005705   0.011809  -0.014160
 157   0.041992  -0.033956  -0.017194   0.009159
 158  -0.019844  -0.013987   0.006351   0.027479
 159   0.018227  -0.031204   0.026479  -0.013502
 160   0.014307  -0.020536   0.017052  -0.010823
 161  -0.001781  -0.000975   0.002750   0.000005
 162  -0.009789   0.008073   0.021314  -0.019598
 163  -0.012243   0.005331   0.010153  -0.003241
 164  -0.003356  -0.002075  -0.001745   0.007177
 165   0.005198  -0.008894   0.006862  -0.003166
 166  -0.010179   0.002753   0.018594  -0.011169
 167   0.003977  -0.012612   0.014281  -0.005646
 168   0.007154   0.004898  -0.005526  -0.006526
 169  -0.000538   0.005168  -0.003833  -0.000797
 170  -0.011003  -0.013867   0.025861  -0.000992
 171  -0.008321  -0.010925   0.017964   0.001282
 172  -0.007951   0.002936   0.004574   0.000441
 173   0.011265   0.001325  -0.014703   0.002113
 174  -0.006699   0.013614   0.010436  -0.017350
 175   0.008099  -0.011124   0.007649  -0.004624
 176   0.005281  -0.012977  -0.003260   0.010955
 177   0.002480  -0.001406  -0.006114   0.005040
 178  -0.006680   0.014294  -0.015082   0.007468
 179   0.005044   0.007182  -0.002254  -0.009971
