pos          info
        0 -1.012842e-05
        1  1.567187e-06
        2  7.043593e-05
        3 -2.325997e-05
        4  1.825200e-05
        5  1.057048e-06
        6  3.381189e-05
        7  8.807193e-05
        8  6.566768e-04
        9  1.762743e-05
       10  2.729744e-05
       11  1.014043e-05
       12 -4.427799e-05
       13  2.183359e-04
       14  9.998178e-05
       15  1.116015e-04
       16  7.252119e-06
       17  1.501669e-04
       18  1.625868e-04
       19 -1.106031e-04
       20  7.884275e-05
       21  7.602204e-04
       22 -2.182886e-04
       23  3.558298e-04
       24 -3.572708e-05
       25  2.734214e-04
       26  1.280023e-04
       27  4.835400e-07
       28 -5.942108e-05
       29  2.734651e-04
       30  1.076190e-09
       31  2.733914e-05
       32  8.339946e-05
       33  3.530836e-05
       34 -4.706927e-05
       35  9.084339e-05
       36  1.445182e-04
       37 -1.145504e-06
       38 -3.803235e-06
       39  6.401352e-05
       40  1.182273e-04
       41  2.265515e-04
       42 -1.780076e-07
       43  7.478407e-04
       44  4.209785e-05
       45 -5.138616e-06
       46 -3.674499e-06
       47  3.495480e-05
       48  1.219019e-05
       49  9.319284e-04
       50  1.080222e-03
       51  2.749132e-03
       52  1.550314e-03
       53  2.231668e-03
       54  1.630852e-04
       55  5.688853e-04
       56  9.775369e-05
       57  4.855923e-05
       58  7.554845e-05
       59  1.691328e-06
       60  3.591674e-04
       61 -2.843157e-06
       62  1.778685e-05
       63 -1.459814e-05
       64  4.804210e-07
       65  2.922321e-07
       66 -1.007883e-04
       67  1.881345e-03
       68  1.701452e-07
       69 -5.312448e-06
       70 -2.760973e-04
       71 -1.474161e-04
       72 -1.143832e-04
       73 -3.292981e-04
       74  5.911950e-03
       75  3.625470e-04
       76 -8.696055e-05
       77  1.043173e-03
       78  1.946274e-03
       79 -8.304511e-05
       80 -1.145857e-04
       81 -1.000079e-03
       82 -1.987041e-03
       83 -1.149528e-03
       84 -5.577920e-04
       85 -3.450883e-03
       86 -1.074518e-03
       87 -1.997226e-04
       88 -6.372844e-04
       89 -4.123720e-03
       90 -1.744343e-03
       91 -8.445812e-04
       92 -1.669174e-03
       93 -5.703432e-04
       94 -1.333248e-04
       95 -3.939308e-05
       96  8.030497e-05
       97  3.985081e-05
       98 -3.578520e-05
       99 -2.972291e-04
      100  2.590807e-06
      101  1.456226e-04
      102 -1.016372e-05
      103 -3.082797e-06
      104  3.034089e-04
      105  4.275841e-05
      106  5.960001e-05
      107  2.031034e-05
      108 -7.164297e-05
      109  3.838881e-04
      110 -3.182983e-05
      111 -6.914468e-05
      112  6.707670e-04
      113 -4.183846e-06
      114 -7.035995e-07
      115 -2.758756e-05
      116  2.001504e-06
      117  9.457271e-05
      118 -2.256591e-04
      119 -3.975898e-04
      120 -8.259994e-05
      121 -5.711366e-06
      122 -6.931742e-05
      123 -9.675433e-05
      124 -2.565775e-05
      125 -3.300500e-04
      126  2.097205e-06
      127  1.211044e-05
      128  1.381140e-04
      129 -1.464950e-06
      130 -9.078191e-05
      131 -2.444810e-05
      132 -9.405508e-05
      133 -4.546027e-04
      134 -4.822139e-05
      135 -1.620714e-05
      136  2.076793e-04
      137 -9.651124e-05
      138 -5.821119e-07
      139 -4.756622e-06
      140 -1.325535e-04
      141  1.388406e-04
      142 -2.432581e-04
      143 -5.605959e-05
      144  8.733443e-05
      145 -4.228460e-04
      146  1.236907e-06
      147  2.283320e-04
      148  2.098984e-04
      149 -1.307707e-04
      150 -8.148712e-05
      151  8.855121e-05
      152 -2.699494e-06
      153 -6.191555e-06
      154  2.585309e-05
      155 -1.184390e-04
      156 -1.089833e-05
      157  6.835826e-07
      158  5.133124e-08
      159  2.781310e-04