pos      val_A      val_C      val_G      val_T
   0   0.027638   0.001773  -0.014348  -0.015063
   1   0.025601   0.018109  -0.040878  -0.002831
   2   0.003925   0.021426   0.006526  -0.031876
   3   0.026768   0.002939  -0.030398   0.000690
   4  -0.001187  -0.000959   0.034498  -0.032353
   5  -0.007717   0.032789  -0.015919  -0.009152
   6   0.013080   0.004976  -0.007578  -0.010478
   7  -0.051346  -0.003077   0.050019   0.004404
   8  -0.011620  -0.019534   0.007806   0.023349
   9  -0.005313   0.000322   0.001870   0.003121
  10   0.008069  -0.019006  -0.042456   0.053392
  11   0.002013   0.004682  -0.006831   0.000135
  12  -0.022238  -0.000412   0.011500   0.011150
  13  -0.017093   0.004129  -0.005524   0.018488
  14  -0.016099   0.049922  -0.040763   0.006940
  15  -0.012700  -0.009907   0.061854  -0.039247
  16  -0.023740  -0.026505   0.037386   0.012859
  17  -0.004888  -0.002656   0.033453  -0.025909
  18   0.037791  -0.045327  -0.009422   0.016958
  19  -0.015927  -0.020040   0.013687   0.022279
  20   0.009958   0.021622   0.019258  -0.050838
  21  -0.035755  -0.012532   0.038695   0.009592
  22   0.003657  -0.037890   0.022364   0.011870
  23  -0.003548  -0.063169   0.021383   0.045335
  24   0.030971  -0.019398  -0.001149  -0.010424
  25  -0.040667  -0.005180   0.037273   0.008574
  26   0.042930  -0.035559   0.007025  -0.014397
  27  -0.001438  -0.028811   0.006632   0.023617
  28   0.013576  -0.011500   0.016087  -0.018163
  29   0.025949  -0.026539   0.009677  -0.009086
  30   0.025297   0.000899  -0.017358  -0.008837
  31  -0.002664  -0.025576   0.007218   0.021022
  32  -0.003195  -0.007766  -0.012285   0.023245
  33  -0.004280   0.002662   0.016344  -0.014726
  34  -0.026709   0.010097   0.014803   0.001810
  35   0.009187  -0.041359   0.020192   0.011979
  36  -0.026066   0.019754  -0.000229   0.006541
  37  -0.026923  -0.012119   0.033779   0.005262
  38  -0.004406  -0.005426   0.024643  -0.014812
  39  -0.010522  -0.007868   0.017214   0.001176
  40  -0.036086   0.028740   0.005940   0.001405
  41  -0.031685   0.002306  -0.001419   0.030798
  42  -0.003252   0.003234   0.015031  -0.015013
  43  -0.009497   0.081048  -0.020776  -0.050775
  44  -0.024350   0.010288   0.020299  -0.006237
  45  -0.005980   0.012939   0.021616  -0.028576
  46   0.015464  -0.013581   0.006750  -0.008633
  47  -0.003465   0.013079   0.022814  -0.032429
  48   0.023225   0.001279  -0.025938   0.001435
  49  -0.041023  -0.015178   0.007790   0.048412
  50   0.005748   0.029441   0.027869  -0.063058
  51   0.037962   0.052619   0.022812  -0.113394
  52   0.010794   0.031503  -0.069267   0.026971
  53   0.033444  -0.108089   0.048526   0.026119
  54  -0.001617  -0.013232   0.015647  -0.000798
  55  -0.005441   0.003887   0.046447  -0.044893
  56   0.024316  -0.014909   0.029009  -0.038416
  57  -0.009379   0.030145  -0.016532  -0.004234
  58   0.000097  -0.000805  -0.006397   0.007105
  59  -0.000949  -0.013931   0.025416  -0.010536
  60   0.050047  -0.021176  -0.024465  -0.004405
  61   0.007384   0.005647  -0.019850   0.006819
  62   0.000380   0.003515  -0.000292  -0.003603
  63   0.024663  -0.034807  -0.000096   0.010239
  64  -0.020218   0.017010   0.013721  -0.010513
  65   0.019300  -0.005277  -0.002462  -0.011561
  66   0.039080  -0.028687  -0.006348  -0.004045
  67  -0.096613   0.057034  -0.000707   0.040286
  68   0.007732  -0.017406   0.029398  -0.019724
  69   0.021224  -0.051886   0.000358   0.030305
  70   0.035652   0.007269  -0.028884  -0.014038
  71   0.059768   0.009813  -0.046407  -0.023175
  72   0.028249  -0.025158  -0.026042   0.022950
  73   0.041282   0.016378   0.048024  -0.105685
  74  -0.138856   0.053580   0.056361   0.028915
  75  -0.028796   0.042899   0.028456  -0.042558
  76  -0.074620   0.031474   0.030667   0.012479
  77  -0.065647   0.029966   0.014666   0.021014
  78   0.054728  -0.000300   0.032039  -0.086467
  79   0.001617   0.004666   0.005861  -0.012144
  80   0.017492  -0.042807   0.022774   0.002541
  81   0.028152  -0.047044  -0.038739   0.057631
  82  -0.031211  -0.019626  -0.045868   0.096706
  83  -0.021338   0.018424  -0.052857   0.055772
  84   0.035633  -0.057958   0.062831  -0.040506
  85  -0.091581  -0.013488  -0.005270   0.110338
  86  -0.019701   0.082307  -0.018997  -0.043609
  87   0.025368  -0.003209  -0.007861  -0.014298
  88  -0.071251   0.030388  -0.008599   0.049461
  89   0.117710  -0.023110  -0.073354  -0.021245
  90  -0.038969   0.084931  -0.044723  -0.001239
  91   0.086101  -0.031736  -0.026563  -0.027802
  92   0.061227  -0.093875   0.018698   0.013950
  93   0.051419  -0.047774   0.000998  -0.004643
  94   0.021547  -0.046275   0.002040   0.022688
  95   0.023625  -0.025877   0.006562  -0.004310
  96  -0.019911   0.007301   0.001295   0.011315
  97   0.012658   0.003529  -0.004684  -0.011503
  98  -0.008370   0.002571   0.000757   0.005042
  99   0.002022  -0.014300   0.046766  -0.034489
 100  -0.004604   0.024150  -0.008560  -0.010987
 101   0.021572   0.012242  -0.008334  -0.025480
 102  -0.036012   0.030412  -0.000304   0.005905
 103   0.006949   0.068070  -0.005995  -0.069024
 104  -0.002052  -0.029263   0.059477  -0.028162
 105  -0.026041   0.007229  -0.029633   0.048445
 106   0.011025  -0.004418   0.009399  -0.016006
 107   0.014852   0.012273  -0.008612  -0.018514
 108  -0.019596   0.002013  -0.008365   0.025949
 109   0.007701  -0.022511   0.029162  -0.014352
 110  -0.013052   0.006127   0.016257  -0.009331
 111  -0.008295   0.021330   0.006532  -0.019567
 112   0.010965   0.021370  -0.008854  -0.023481
 113   0.006542  -0.018224  -0.039365   0.051048
 114  -0.002493  -0.006725  -0.014348   0.023566
 115  -0.020375   0.029732  -0.018580   0.009223
 116  -0.032114   0.006043   0.007449   0.018622
 117  -0.039884   0.038622   0.028929  -0.027667
 118   0.014794  -0.044078   0.024611   0.004673
 119   0.014565  -0.038062  -0.010927   0.034423
 120  -0.012421  -0.006954   0.002300   0.017075
 121  -0.017775  -0.007397  -0.019177   0.044349
 122   0.036317  -0.015431  -0.017592  -0.003294
 123   0.015285   0.000600  -0.033213   0.017329
 124   0.003030   0.011930   0.008039  -0.022999
 125   0.014193  -0.007288  -0.030358   0.023453
 126   0.005581  -0.007693   0.002488  -0.000376
 127  -0.010495   0.011549   0.008671  -0.009725
 128  -0.002147  -0.001758  -0.012297   0.016202
 129   0.005887  -0.011916  -0.001040   0.007069
 130  -0.011134   0.039172  -0.020594  -0.007445
 131   0.022068   0.025271   0.006930  -0.054269
 132   0.012279   0.019285  -0.001755  -0.029809
 133   0.008632   0.063089   0.036207  -0.107928
 134   0.007949   0.005081  -0.018956   0.005925
 135   0.000661   0.011537  -0.027466   0.015268
 136  -0.045815   0.027143   0.024846  -0.006174
 137   0.017044  -0.054893   0.011657   0.026193
 138  -0.022023   0.031563  -0.008181  -0.001359
 139  -0.033483   0.018317   0.027068  -0.011902
 140   0.018701   0.000900   0.023985  -0.043586
 141  -0.033508   0.031249   0.001754   0.000506
 142  -0.016431   0.016047  -0.015268   0.015653
 143  -0.005648  -0.024325   0.012145   0.017828
 144   0.005595  -0.011864  -0.026569   0.032839
 145  -0.017297  -0.002286  -0.020163   0.039746
 146  -0.036604   0.021090   0.020309  -0.004795
 147  -0.011949   0.011841  -0.020480   0.020588
 148   0.030479   0.015863  -0.038361  -0.007981
 149  -0.034169  -0.004815   0.015860   0.023124
 150   0.001203  -0.009704  -0.000390   0.008891
 151  -0.017728  -0.021633   0.037577   0.001784
 152  -0.013437  -0.002062   0.034886  -0.019388
 153  -0.031595   0.007287  -0.000030   0.024338
 154  -0.034345   0.004126   0.015467   0.014752
 155  -0.020885   0.023177  -0.019243   0.016950
 156  -0.009108   0.001197   0.015656  -0.007746
 157  -0.028181   0.003635   0.020158   0.004387
 158  -0.015477  -0.001825  -0.013488   0.030790
 159  -0.020452   0.021879  -0.006044   0.004618
 160   0.000280   0.001656   0.006744  -0.008680
 161  -0.001800   0.003890   0.001825  -0.003916
 162   0.005681  -0.006440  -0.000929   0.001688
 163  -0.002402   0.015340  -0.001054  -0.011884
 164  -0.007895   0.014781   0.004093  -0.010979
 165  -0.007998   0.007759   0.003709  -0.003471
 166  -0.001874   0.005004   0.014690  -0.017820
 167  -0.005101   0.014998  -0.005036  -0.004861
 168  -0.014633   0.023878   0.000669  -0.009914
 169  -0.020743   0.011387   0.006420   0.002936
 170  -0.018504   0.023185   0.005536  -0.010217
 171  -0.017751   0.013495   0.008605  -0.004349
 172  -0.035586   0.003449   0.022614   0.009523
 173  -0.032939   0.022659   0.021774  -0.011495
 174  -0.016130   0.004235   0.016758  -0.004863
 175  -0.027293   0.012581   0.033128  -0.018416
 176  -0.026165   0.016211   0.034772  -0.024817
 177  -0.038186   0.017212   0.044648  -0.023674
 178  -0.026553   0.023341   0.038514  -0.035303
 179  -0.024309  -0.006435   0.054338  -0.023594
