pos       info
        0  -0.187262
        1  -0.187024
        2  -0.204795
        3  -0.182161
        4  -0.185050
        5  -0.197067
        6  -0.201354
        7  -0.214857
        8  -0.206080
        9   0.190329
       10  -0.172481
       11  -0.195259
       12  -0.200960
       13  -0.198072
       14  -0.196865
       15  -0.181811
       16  -0.221092
       17  -0.192847
       18  -0.187251
       19  -0.210553
       20  -0.184508
       21   0.190820
       22  -0.171696
       23  -0.191080
       24  -0.200215
       25  -0.181753
       26  -0.200672
       27  -0.201211
       28  -0.190403
       29  -0.198878
       30  -0.197229
       31   0.206110
       32   0.192862
       33   0.170864
       34   0.200653
       35   0.192305
       36   0.191741
       37  -0.179930
       38  -0.204634
       39  -0.199485
       40   0.202771
       41  -0.173243
       42  -0.189381
       43  -0.202803
       44  -0.187269
       45   0.187512
       46   0.199794
       47   0.162386
       48   0.168627
       49   0.181147
       50   0.205056
       51   0.177506
       52   0.193328
       53   0.179874
       54   0.177273
       55   0.197913
       56   0.178191
       57  -0.194870
       58  -0.206371
       59  -0.177728
       60  -0.198443
       61  -0.182755
       62  -0.186947
       63  -0.213938
       64  -0.212097
       65  -0.213218
       66  -0.195669
       67  -0.203353
       68  -0.190628
       69  -0.202943
       70  -0.215107
       71  -0.214374
       72  -0.216624
       73  -0.203035
       74  -0.188775
       75  -0.217226
       76  -0.187701
       77  -0.214920
       78  -0.176575
       79  -0.210058
       80  -0.209019
       81  -0.197641
       82  -0.167196
       83  -0.217184
       84   0.187258
       85   0.172520
       86  -0.202652
       87   0.200755
       88   0.198875
       89   0.196937
       90   0.196979
       91   0.191987
       92   0.178932
       93  -0.174706
       94  -0.194095
       95  -0.195982
       96   0.203959
       97   0.200593
       98   0.184776
       99   0.178313
      100  -0.167777
      101  -0.172237
      102  -0.223090
      103  -0.219617
      104  -0.202199
      105  -0.177036
      106  -0.202939
      107  -0.228492
      108  -0.190181
      109  -0.194624
      110  -0.173613
      111  -0.198875
      112  -0.168127
      113  -0.189403
      114  -0.183198
      115  -0.193396
      116  -0.183478
      117  -0.192417
      118  -0.192553
      119   0.198978
      120   0.165646
      121  -0.194983
      122   0.191788
      123   0.199499
      124   0.181800
      125   0.184492
      126   0.190416
      127   0.182731
      128  -0.186848
      129  -0.196075
      130   0.187536
      131  -0.195795
      132  -0.202558
      133  -0.183185
      134  -0.211036
      135   0.184248
      136   0.177936
      137  -0.189736
      138  -0.188199
      139  -0.194800
      140  -0.208821
      141  -0.203932
      142   0.192854
      143   0.183229
      144  -0.180664
      145  -0.181490
      146  -0.200956
      147  -0.184520
      148  -0.181372
      149  -0.192725
      150  -0.207122
      151  -0.192461
      152  -0.177416
      153  -0.195763
      154  -0.188982
      155  -0.204543
      156  -0.189664
      157  -0.170902
      158  -0.201555
      159  -0.194620