pos          info
        0 -1.519522e-03
        1 -1.629068e-03
        2 -2.181638e-03
        3 -1.481972e-07
        4 -2.181100e-04
        5 -5.094945e-03
        6 -9.074870e-04
        7 -8.272640e-03
        8 -2.734089e-03
        9  5.250106e-04
       10 -2.468824e-03
       11 -4.654257e-06
       12 -7.745798e-03
       13 -2.204898e-04
       14 -4.907937e-03
       15 -4.382529e-03
       16 -1.381219e-02
       17 -6.108108e-05
       18 -6.737939e-04
       19 -5.272177e-03
       20 -1.506582e-04
       21  4.184289e-04
       22 -2.902378e-03
       23 -3.574519e-04
       24 -6.311585e-04
       25 -7.310967e-06
       26 -7.754569e-04
       27 -9.174606e-04
       28 -1.604629e-03
       29 -3.286708e-04
       30 -1.200703e-04
       31  2.795762e-03
       32  1.098944e-04
       33  1.599622e-02
       34  7.126158e-04
       35  1.584917e-04
       36  2.576233e-04
       37 -5.860024e-03
       38 -2.089449e-03
       39 -5.050304e-04
       40  1.379999e-03
       41 -2.247501e-03
       42 -6.691176e-04
       43 -9.391587e-03
       44 -1.531442e-03
       45  1.309637e-03
       46  5.137271e-04
       47  1.131081e-02
       48  1.920142e-02
       49  4.762691e-03
       50  2.268288e-03
       51  5.498877e-04
       52  6.551128e-05
       53  1.282368e-04
       54  8.291069e-03
       55  2.062196e-04
       56  7.485569e-03
       57 -1.977448e-07
       58 -2.831685e-03
       59 -5.588355e-04
       60 -6.033220e-03
       61 -3.894934e-03
       62 -5.978692e-04
       63 -7.661050e-03
       64 -6.243427e-03
       65 -7.059703e-03
       66 -1.538404e-05
       67 -1.575309e-03
       68 -2.449440e-04
       69 -9.431538e-03
       70 -8.539046e-03
       71 -7.930228e-03
       72 -9.785731e-03
       73 -1.457692e-03
       74 -9.433951e-04
       75 -1.025732e-02
       76 -7.014418e-04
       77 -8.513576e-03
       78 -8.243251e-04
       79 -4.882320e-03
       80 -4.279295e-03
       81 -1.799669e-04
       82 -5.449742e-03
       83 -1.030851e-02
       84  5.870624e-04
       85  2.486506e-03
       86 -1.396326e-03
       87  7.822786e-04
       88  4.066627e-04
       89  1.123540e-04
       90  8.481815e-05
       91  2.261846e-04
       92  6.264799e-03
       93 -1.521862e-03
       94 -1.903252e-05
       95 -3.841109e-05
       96  1.827150e-03
       97  7.165264e-04
       98  2.663727e-03
       99  7.384680e-03
      100 -5.389104e-03
      101 -2.761669e-03
      102 -1.584179e-02
      103 -1.274205e-02
      104 -1.492520e-03
      105 -7.455902e-04
      106 -1.419095e-03
      107 -2.178742e-02
      108 -1.476818e-03
      109 -4.590835e-06
      110 -2.050567e-03
      111 -4.303862e-04
      112 -5.531988e-03
      113 -1.260486e-03
      114 -1.573652e-05
      115 -4.296413e-05
      116 -4.887096e-05
      117 -2.399395e-03
      118 -2.576355e-03
      119  4.069830e-04
      120  7.470243e-03
      121 -2.449172e-07
      122  2.678685e-04
      123  4.611372e-04
      124  4.501669e-03
      125  2.854535e-03
      126  1.532810e-03
      127  3.838526e-03
      128 -1.579287e-03
      129 -3.794301e-05
      130  1.317736e-03
      131 -2.260739e-05
      132 -1.308185e-03
      133 -1.720438e-05
      134 -5.537275e-03
      135  1.133037e-04
      136  7.710979e-03
      137 -6.451552e-04
      138 -9.897190e-04
      139 -2.419412e-06
      140 -4.140989e-03
      141 -1.779878e-03
      142  8.401059e-05
      143  3.081674e-05
      144 -5.780545e-05
      145 -1.781280e-05
      146 -8.196428e-04
      147 -1.139122e-04
      148 -2.400612e-05
      149 -2.512667e-03
      150 -3.223953e-03
      151 -1.388240e-04
      152 -6.522223e-04
      153 -1.008283e-05
      154 -8.992283e-04
      155 -2.024672e-03
      156 -7.049433e-04
      157 -3.545965e-03
      158 -1.035291e-03
      159 -5.256603e-06