pos          info
        0 -3.183101e-04
        1 -1.798601e-05
        2 -2.356729e-04
        3 -1.711039e-04
        4 -7.815669e-06
        5 -1.546449e-04
        6 -2.006587e-05
        7 -5.019343e-04
        8  3.154314e-04
        9  7.214020e-06
       10  2.461710e-05
       11  6.646595e-05
       12 -1.525257e-04
       13 -1.422533e-05
       14 -6.171686e-05
       15 -5.006724e-05
       16 -6.360557e-04
       17 -2.329335e-05
       18 -5.816980e-05
       19 -8.932383e-05
       20 -4.949022e-07
       21 -9.949824e-06
       22 -1.054277e-05
       23 -7.402349e-05
       24 -4.170722e-05
       25 -1.709421e-05
       26 -2.336869e-04
       27 -1.515852e-04
       28 -2.387169e-04
       29 -8.488821e-05
       30 -7.308802e-05
       31  3.141435e-05
       32  1.435799e-05
       33  1.195797e-03
       34 -1.906556e-04
       35 -6.531596e-08
       36 -1.629178e-04
       37  2.023854e-04
       38 -3.333539e-05
       39 -6.111187e-05
       40 -2.602924e-04
       41 -4.503565e-05
       42 -2.386861e-06
       43 -2.409662e-04
       44  4.090176e-05
       45  7.547136e-04
       46  7.094346e-05
       47  6.074352e-04
       48  1.050368e-03
       49  8.309597e-04
       50 -5.788469e-04
       51  1.343787e-04
       52  9.763493e-06
       53  3.196106e-05
       54  3.767494e-05
       55  2.435593e-04
       56  5.267288e-04
       57 -5.989509e-05
       58 -6.698714e-05
       59 -4.217001e-05
       60 -4.636318e-07
       61 -1.943758e-08
       62 -3.247772e-06
       63 -4.243220e-04
       64 -9.805240e-04
       65 -1.388706e-05
       66 -7.669325e-06
       67 -5.331530e-04
       68 -7.765891e-05
       69 -1.390365e-03
       70 -7.152314e-04
       71 -1.020664e-05
       72 -2.289374e-04
       73 -4.059583e-05
       74 -1.170326e-04
       75 -4.384181e-04
       76 -2.626511e-04
       77 -6.930999e-04
       78 -6.070072e-06
       79 -4.212060e-04
       80 -8.377623e-05
       81 -2.842979e-06
       82 -1.084296e-04
       83 -2.656250e-04
       84  4.008340e-06
       85 -1.928612e-05
       86 -2.815514e-04
       87  8.670428e-05
       88  5.813264e-05
       89  8.540972e-06
       90  2.881526e-04
       91  1.501692e-04
       92  1.112434e-04
       93  7.990814e-05
       94  1.817109e-05
       95 -1.970034e-04
       96  3.692919e-04
       97  1.333461e-04
       98  7.386052e-04
       99  8.078857e-04
      100  5.239252e-04
      101 -4.608500e-04
      102 -1.324828e-03
      103 -3.765517e-04
      104 -1.089569e-04
      105 -2.110882e-04
      106 -2.824139e-06
      107 -2.752528e-04
      108  1.277707e-04
      109  1.692797e-05
      110  9.136084e-05
      111 -2.344134e-05
      112 -1.589155e-04
      113 -2.180800e-05
      114 -4.905824e-07
      115 -2.796811e-05
      116 -1.672171e-04
      117 -4.575464e-04
      118  2.266749e-06
      119  5.104621e-05
      120  6.912691e-04
      121  2.384126e-06
      122  3.030083e-06
      123  3.243309e-05
      124  1.674319e-04
      125  3.933980e-04
      126  1.582987e-06
      127  1.184784e-04
      128 -1.669562e-04
      129 -1.835327e-05
      130  2.837402e-05
      131  2.087770e-05
      132 -7.100985e-05
      133 -6.951884e-05
      134 -5.457688e-05
      135 -4.341545e-06
      136 -1.286027e-04
      137 -3.368311e-05
      138 -5.818722e-05
      139 -3.210255e-06
      140 -7.010597e-05
      141 -9.859272e-05
      142  2.724080e-04
      143 -1.114832e-04
      144  2.187607e-04
      145  1.015655e-05
      146  1.021319e-04
      147 -6.502484e-05
      148 -6.582891e-05
      149 -1.300562e-04
      150  7.746957e-06
      151  2.374159e-06
      152 -9.340538e-05
      153 -5.466099e-05
      154 -2.434771e-05
      155  5.840096e-06
      156 -1.652184e-04
      157 -7.287828e-04
      158 -1.032809e-05
      159 -1.589909e-05