pos       info
        0  -0.828391
        1  -0.999330
        2  -0.373554
        3  -0.166302
        4  -0.350381
        5  -0.418776
        6  -0.282007
        7  -0.402865
        8  -0.373612
        9   0.001804
       10  -0.055240
       11  -0.197850
       12  -0.416959
       13  -0.210185
       14  -0.415138
       15  -1.265051
       16  -0.406735
       17  -0.340990
       18  -0.360873
       19  -0.399820
       20  -0.362145
       21   0.000003
       22  -0.154109
       23  -0.007474
       24  -0.308026
       25  -0.099536
       26  -0.361929
       27  -0.328407
       28  -0.394011
       29  -0.121851
       30  -0.190343
       31   0.395150
       32   0.030789
       33   2.007208
       34   0.234067
       35   0.103014
       36   0.007183
       37  -1.654431
       38  -0.364567
       39  -0.322038
       40   0.362223
       41  -1.236836
       42  -0.162873
       43  -0.421694
       44  -0.968596
       45   0.171228
       46   0.215054
       47   1.915898
       48   2.007396
       49   0.588614
       50   0.365430
       51   0.058780
       52   0.049904
       53   0.146577
       54   1.889176
       55   0.280934
       56   1.897980
       57  -0.074138
       58  -0.361130
       59  -0.095267
       60  -0.418618
       61  -1.619728
       62  -0.352000
       63  -0.404945
       64  -0.399939
       65  -0.402183
       66  -0.165033
       67  -0.357554
       68  -0.363453
       69  -0.420934
       70  -0.405142
       71  -0.404099
       72  -0.405720
       73  -0.348070
       74  -0.104460
       75  -0.405677
       76  -0.316230
       77  -0.405800
       78  -0.001026
       79  -0.391192
       80  -0.392180
       81  -0.249548
       82  -0.021073
       83  -0.406657
       84   0.274511
       85   0.228825
       86  -0.373237
       87   0.310214
       88   0.325272
       89   0.264139
       90   0.085281
       91   0.009112
       92   0.383612
       93  -0.396615
       94  -0.054851
       95  -0.256162
       96   0.366414
       97   0.274672
       98   1.175789
       99   1.895581
      100  -0.401576
      101  -1.181223
      102  -0.407073
      103  -0.407085
      104  -0.402832
      105  -0.328436
      106  -0.343544
      107  -0.407294
      108  -0.352496
      109  -0.024011
      110  -0.960364
      111  -0.385408
      112  -1.531808
      113  -0.376862
      114  -0.045011
      115  -0.256076
      116  -0.341755
      117  -0.385824
      118  -0.401868
      119   0.359703
      120   1.623792
      121  -0.016028
      122   0.156979
      123   0.255929
      124   1.550851
      125   1.430654
      126   0.316065
      127   1.295421
      128  -0.072633
      129  -0.235970
      130   0.001972
      131  -0.242300
      132  -0.333893
      133  -0.103602
      134  -0.397578
      135   0.326707
      136   1.878504
      137  -0.016139
      138  -0.003575
      139  -0.000577
      140  -0.384871
      141  -0.344098
      142   0.230432
      143   0.211415
      144  -0.094835
      145  -0.035529
      146  -0.304672
      147  -0.156889
      148  -0.043191
      149  -0.362757
      150  -0.375541
      151  -0.022481
      152  -0.402149
      153  -0.010982
      154  -0.207474
      155  -0.350370
      156  -0.109947
      157  -1.268808
      158  -0.370601
      159  -0.003582