pos      val_A      val_C      val_G      val_T
   0   0.026927  -0.007983  -0.013347  -0.005597
   1   0.014233   0.000475   0.001024  -0.015733
   2   0.034306   0.012394  -0.029237  -0.017463
   3  -0.022562   0.006466   0.029846  -0.013750
   4   0.002405   0.014433  -0.021631   0.004793
   5  -0.042696   0.026033   0.014921   0.001742
   6   0.009405  -0.007473  -0.001069  -0.000864
   7   0.034779   0.004423  -0.025886  -0.013315
   8   0.016251   0.034415  -0.004084  -0.046582
   9   0.003952  -0.001243   0.019544  -0.022254
  10   0.011405  -0.007051   0.005182  -0.009536
  11  -0.047117   0.021521   0.009201   0.016396
  12   0.019730   0.002359  -0.004316  -0.017773
  13   0.014318  -0.009936   0.027503  -0.031885
  14   0.010878  -0.016706   0.030036  -0.024209
  15   0.017706  -0.023944   0.024590  -0.018352
  16  -0.048234   0.024290   0.005316   0.018628
  17  -0.017657   0.011347   0.047064  -0.040753
  18  -0.014448   0.013789   0.014191  -0.013532
  19   0.006825  -0.008344  -0.017312   0.018830
  20  -0.020254   0.029334  -0.016262   0.007182
  21   0.020359  -0.041495   0.025937  -0.004800
  22  -0.005043   0.020335   0.025773  -0.041065
  23   0.003436   0.000032  -0.005504   0.002035
  24  -0.007433   0.001081  -0.012327   0.018679
  25  -0.008532  -0.016911   0.010318   0.015125
  26   0.034250  -0.027716  -0.007081   0.000547
  27   0.006238  -0.006849  -0.017113   0.017724
  28   0.012508  -0.017393   0.016305  -0.011420
  29  -0.006986  -0.014876   0.022658  -0.000796
  30   0.006074   0.005329   0.002272  -0.013676
  31  -0.049382   0.017279   0.015538   0.016564
  32   0.008242   0.030547   0.001272  -0.040061
  33  -0.002541   0.017639  -0.045608   0.030510
  34  -0.000852   0.010477   0.020744  -0.030369
  35   0.019774   0.008836   0.005740  -0.034350
  36  -0.004725   0.002439   0.018636  -0.016350
  37   0.029760  -0.035647  -0.001467   0.007354
  38  -0.037720  -0.006435  -0.021398   0.065553
  39  -0.035793  -0.006200   0.036883   0.005110
  40  -0.011116  -0.007132   0.018655  -0.000407
  41   0.007731  -0.018931   0.009912   0.001288
  42  -0.002137   0.002992  -0.007801   0.006946
  43  -0.014258   0.020954  -0.016894   0.010197
  44   0.010469   0.001412  -0.002452  -0.009429
  45   0.023024  -0.056508   0.028566   0.004919
  46   0.002641   0.021175  -0.009022  -0.014794
  47  -0.013473   0.009320   0.002129   0.002024
  48  -0.021184  -0.009027  -0.014501   0.044713
  49   0.013027   0.043141  -0.043217  -0.012951
  50   0.029412  -0.010638  -0.018281  -0.000493
  51   0.027249  -0.016143   0.001133  -0.012240
  52   0.012624  -0.025775  -0.003955   0.017106
  53  -0.008997   0.010036   0.000992  -0.002031
  54   0.013853   0.016735  -0.017785  -0.012803
  55  -0.015316   0.024530   0.016633  -0.025847
  56  -0.003371  -0.014805   0.011809   0.006366
  57   0.008044  -0.008113   0.002787  -0.002719
  58   0.009075  -0.014493  -0.010950   0.016368
  59   0.012032   0.017469  -0.033688   0.004187
  60   0.003036  -0.009252  -0.010076   0.016292
  61   0.000790  -0.011096   0.002884   0.007421
  62   0.006425   0.022999   0.013619  -0.043043
  63  -0.023836  -0.001012   0.001696   0.023152
  64  -0.004278   0.047848  -0.012461  -0.031110
  65   0.022390  -0.023102   0.000039   0.000674
  66   0.029734  -0.010035   0.013737  -0.033436
  67   0.012511  -0.012687   0.033807  -0.033630
  68   0.045747  -0.005357  -0.016776  -0.023614
  69  -0.001154  -0.017022  -0.005278   0.023454
  70  -0.019768   0.000439   0.008406   0.010923
  71  -0.010408  -0.033819   0.034313   0.009914
  72  -0.031698   0.018921   0.016396  -0.003618
  73  -0.033606  -0.014684   0.004591   0.043699
  74   0.034064  -0.006486  -0.011294  -0.016284
  75   0.005053   0.000527  -0.026383   0.020802
  76  -0.033165   0.023775   0.020647  -0.011256
  77   0.005784  -0.026638   0.004873   0.015982
  78  -0.005319   0.024028   0.006234  -0.024942
  79   0.008527   0.040730  -0.063726   0.014469
  80   0.094625   0.024340   0.057850  -0.176816
  81   0.040085   0.030123   0.016959  -0.087168
  82   0.055531   0.020854  -0.098320   0.021935
  83  -0.065580   0.004141   0.056899   0.004540
  84   0.001991  -0.043664   0.047214  -0.005541
  85   0.008086  -0.030837  -0.000244   0.022995
  86   0.029731  -0.000542  -0.008457  -0.020731
  87   0.010858   0.003693  -0.002540  -0.012011
  88  -0.032600   0.041577   0.013647  -0.022625
  89   0.034684   0.008247  -0.016793  -0.026138
  90  -0.022746   0.002381   0.031360  -0.010995
  91   0.007567   0.007419   0.018686  -0.033672
  92   0.036463  -0.005012  -0.034287   0.002836
  93  -0.036450  -0.006088   0.028870   0.013667
  94  -0.052122   0.017755   0.040291  -0.005924
  95  -0.000059   0.007002   0.019440  -0.026382
  96  -0.014886  -0.004707   0.046270  -0.026677
  97  -0.012347   0.003353   0.023082  -0.014089
  98   0.020315   0.009502   0.029155  -0.058973
  99  -0.014280  -0.017271  -0.016255   0.047807
 100   0.020946   0.079086  -0.015566  -0.084466
 101  -0.006407   0.050843  -0.043538  -0.000899
 102   0.032838  -0.021697  -0.032267   0.021126
 103  -0.011604   0.040225   0.058281  -0.086901
 104  -0.109971   0.021313   0.062022   0.026636
 105   0.044701   0.018101   0.030860  -0.093662
 106  -0.033180   0.024676   0.000315   0.008189
 107  -0.046067  -0.029659   0.050350   0.025376
 108   0.040182   0.043004   0.016877  -0.100064
 109  -0.036818   0.012920   0.009831   0.014067
 110   0.033789   0.001460  -0.024377  -0.010872
 111  -0.001507   0.032776   0.001915  -0.033184
 112   0.010523  -0.010251  -0.008268   0.007995
 113  -0.007208   0.006401  -0.010339   0.011146
 114  -0.002781  -0.000475  -0.007996   0.011253
 115  -0.052034   0.035730   0.002425   0.013879
 116  -0.018951   0.000985   0.016871   0.001094
 117  -0.029795   0.030183   0.036064  -0.036452
 118  -0.007228   0.032900  -0.031791   0.006118
 119   0.026743  -0.015775  -0.014237   0.003269
 120   0.012714  -0.017686   0.032506  -0.027534
 121  -0.050439  -0.013308   0.040211   0.023536
 122   0.002770  -0.016118   0.002952   0.010397
 123  -0.002922   0.001459  -0.018220   0.019683
 124   0.014266   0.004349  -0.015754  -0.002860
 125  -0.023337   0.016208  -0.008938   0.016067
 126   0.012429  -0.032340   0.001468   0.018443
 127   0.024649  -0.026231  -0.009159   0.010741
 128  -0.016744   0.004742   0.009074   0.002927
 129  -0.004642   0.002980   0.006220  -0.004558
 130  -0.018027   0.027106  -0.000622  -0.008457
 131   0.026554  -0.016771  -0.017048   0.007264
 132   0.010746  -0.008566   0.009534  -0.011714
 133   0.010650   0.015387  -0.021532  -0.004505
 134   0.025849  -0.024185  -0.016014   0.014350
 135  -0.051517   0.044065  -0.007644   0.015095
 136   0.007623  -0.015152   0.012916  -0.005388
 137   0.006479   0.011181   0.002509  -0.020169
 138   0.002037  -0.018951   0.023249  -0.006336
 139  -0.031222   0.019585   0.036150  -0.024512
 140  -0.025235   0.025047  -0.012900   0.013088
 141   0.004029  -0.019696   0.004436   0.011231
 142  -0.003573  -0.003455  -0.014259   0.021286
 143   0.020716  -0.000249   0.001738  -0.022205
 144  -0.019375   0.013713   0.034421  -0.028759
 145  -0.004711  -0.021014   0.024344   0.001381
 146  -0.010203  -0.013597   0.021557   0.002243
 147   0.016238   0.004995  -0.030290   0.009056
 148   0.016919  -0.023592  -0.003403   0.010076
 149  -0.008230  -0.012714   0.012243   0.008701
 150   0.017507   0.000017  -0.007903  -0.009621
 151  -0.019061   0.029938  -0.011576   0.000698
 152   0.067677  -0.017182  -0.025906  -0.024590
 153  -0.007969   0.004245   0.015498  -0.011773
 154  -0.007615   0.004850   0.031371  -0.028607
 155   0.010414   0.002094  -0.009111  -0.003398
 156  -0.020690   0.013870  -0.006209   0.013028
 157   0.026940   0.000310  -0.021984  -0.005266
 158  -0.044029   0.022184   0.024884  -0.003039
 159  -0.006143  -0.019597   0.027658  -0.001919
 160   0.014172   0.003608  -0.007546  -0.010234
 161  -0.030203   0.022933  -0.019023   0.026293
 162   0.002081  -0.017253   0.018327  -0.003155
 163  -0.002847   0.011364  -0.012315   0.003798
 164  -0.017610   0.009754   0.012559  -0.004702
 165  -0.011753   0.028199  -0.004873  -0.011573
 166  -0.017191   0.030097  -0.009003  -0.003902
 167  -0.028033   0.020611  -0.011330   0.018751
 168  -0.005675   0.006467   0.020099  -0.020891
 169  -0.011962   0.007696  -0.003983   0.008250
 170  -0.035132   0.006583   0.006938   0.021611
 171  -0.046252   0.001897   0.013764   0.030592
 172  -0.030158   0.018339   0.008228   0.003591
 173  -0.021161   0.003229   0.013992   0.003940
 174  -0.036611   0.013342   0.019439   0.003829
 175  -0.002830   0.000573   0.027512  -0.025255
 176  -0.021230   0.004868   0.012058   0.004304
 177  -0.028254  -0.006584   0.050479  -0.015640
 178  -0.025889   0.000326   0.046047  -0.020484
 179  -0.023078  -0.012142   0.065275  -0.030054
