pos      val_A      val_C      val_G      val_T
   0   0.003231   0.015806  -0.025500   0.006463
   1   0.008306   0.007795  -0.020032   0.003930
   2  -0.000823   0.011488  -0.017082   0.006418
   3  -0.036861   0.017077   0.028914  -0.009130
   4  -0.007183   0.017127  -0.014008   0.004064
   5  -0.026936   0.014531   0.014700  -0.002295
   6   0.000710  -0.011382   0.015320  -0.004648
   7   0.014632  -0.004723  -0.010580   0.000671
   8   0.031994   0.000425   0.008073  -0.040492
   9  -0.001445  -0.000131   0.027009  -0.025433
  10  -0.010290   0.001522   0.009873  -0.001106
  11  -0.030464   0.020104   0.010791  -0.000432
  12  -0.017019   0.006757   0.005305   0.004957
  13  -0.000214  -0.000558   0.016439  -0.015668
  14  -0.025792  -0.010438   0.018147   0.018082
  15  -0.003145  -0.007197  -0.009668   0.020009
  16  -0.029382  -0.000993  -0.000341   0.030716
  17  -0.023735   0.017572   0.017325  -0.011161
  18   0.011578   0.000817   0.005620  -0.018016
  19  -0.009039   0.008569  -0.008381   0.008850
  20  -0.015444   0.033591  -0.006137  -0.012009
  21   0.035600  -0.035034   0.003508  -0.004074
  22   0.014611  -0.007239   0.021678  -0.029049
  23   0.000604   0.011532  -0.009565  -0.002571
  24  -0.012631   0.002016  -0.004770   0.015386
  25   0.014118  -0.012125   0.006107  -0.008099
  26  -0.002042   0.000707  -0.012280   0.013615
  27  -0.014041  -0.013659   0.017482   0.010218
  28   0.022422  -0.003310  -0.002811  -0.016301
  29  -0.001547   0.006369  -0.003375  -0.001447
  30   0.013390   0.000349  -0.005908  -0.007831
  31  -0.028974   0.002225  -0.001343   0.028091
  32   0.002920   0.023002  -0.013308  -0.012614
  33  -0.013512   0.011605  -0.033012   0.034920
  34  -0.005072  -0.004901   0.010528  -0.000555
  35  -0.003706   0.004358   0.001591  -0.002243
  36  -0.003169  -0.010134   0.025693  -0.012390
  37  -0.001604  -0.006727  -0.012542   0.020873
  38  -0.041449   0.008170   0.001093   0.032186
  39  -0.026783   0.003405   0.012610   0.010769
  40  -0.010336  -0.006924   0.019834  -0.002574
  41   0.013659  -0.005399  -0.002474  -0.005786
  42  -0.003743  -0.002480  -0.015675   0.021898
  43  -0.005034   0.019892  -0.002694  -0.012164
  44  -0.000011   0.021082  -0.013537  -0.007534
  45  -0.001065  -0.020247   0.014987   0.006325
  46  -0.012612   0.014547  -0.014907   0.012972
  47  -0.007924   0.019521  -0.003358  -0.008240
  48   0.004093   0.002270  -0.012547   0.006184
  49  -0.006864   0.006186   0.005927  -0.005249
  50   0.023375  -0.009581  -0.026625   0.012831
  51   0.006422   0.003375   0.001398  -0.011195
  52   0.022436  -0.024141   0.002284  -0.000579
  53   0.011731  -0.005918  -0.008248   0.002435
  54   0.006623   0.010142  -0.010395  -0.006370
  55  -0.007454   0.008600   0.011584  -0.012729
  56   0.012825  -0.018958   0.010668  -0.004535
  57   0.003229  -0.015165  -0.006441   0.018377
  58   0.010192  -0.017244  -0.006672   0.013724
  59  -0.016712   0.024246  -0.014820   0.007286
  60   0.023886  -0.009526   0.005776  -0.020135
  61   0.012948   0.008154  -0.008220  -0.012882
  62   0.005161   0.004492  -0.023152   0.013499
  63  -0.021285   0.003737  -0.018755   0.036303
  64  -0.006627   0.045355  -0.020863  -0.017865
  65  -0.005782  -0.003293   0.006995   0.002080
  66   0.013841  -0.004788   0.019328  -0.028381
  67  -0.014987   0.020075  -0.005624   0.000535
  68   0.013663   0.020067  -0.021332  -0.012398
  69  -0.021891  -0.007467   0.000501   0.028857
  70  -0.011444   0.018185  -0.006958   0.000218
  71   0.012164  -0.016857   0.007349  -0.002656
  72  -0.010412  -0.016403   0.017144   0.009671
  73  -0.020608   0.014579  -0.007879   0.013908
  74   0.015173  -0.003081  -0.008234  -0.003857
  75  -0.011747  -0.004670  -0.011119   0.027535
  76  -0.037002   0.010691   0.015184   0.011127
  77   0.009646  -0.011638   0.004319  -0.002327
  78  -0.007854   0.011410   0.012358  -0.015914
  79   0.004143   0.012960  -0.025343   0.008240
  80   0.089761   0.010974   0.045873  -0.146607
  81   0.006875   0.023890   0.010035  -0.040800
  82   0.012421   0.013864  -0.041521   0.015236
  83  -0.039890   0.018553   0.029352  -0.008015
  84  -0.001047  -0.034799   0.020567   0.015278
  85   0.004377  -0.012433  -0.006074   0.014131
  86   0.017862   0.001725   0.004967  -0.024554
  87   0.003017   0.020146  -0.013931  -0.009233
  88  -0.023703   0.020236  -0.006713   0.010180
  89   0.024081  -0.001926  -0.019419  -0.002736
  90  -0.021559   0.005984   0.021362  -0.005787
  91   0.004776   0.013674   0.006027  -0.024477
  92   0.029127  -0.004571  -0.005839  -0.018718
  93  -0.038271  -0.018429   0.020524   0.036175
  94  -0.004084  -0.005325  -0.004677   0.014087
  95   0.001612  -0.011183   0.024394  -0.014822
  96  -0.014331  -0.014793   0.029118   0.000006
  97   0.007632   0.006390   0.014599  -0.028622
  98  -0.003091   0.034813  -0.009143  -0.022579
  99   0.007036   0.001465  -0.028434   0.019933
 100   0.011883   0.029746  -0.001895  -0.039734
 101  -0.005137   0.026123  -0.034672   0.013687
 102   0.034844  -0.044920  -0.013577   0.023654
 103   0.014564   0.041007   0.022252  -0.077822
 104  -0.059143   0.009937   0.019989   0.029217
 105   0.019262   0.012488   0.032012  -0.063763
 106  -0.029763   0.011998   0.029535  -0.011770
 107  -0.009250  -0.011006   0.012450   0.007806
 108   0.027809   0.017136   0.001361  -0.046306
 109  -0.031838   0.015977   0.010077   0.005784
 110   0.003880   0.018353  -0.018161  -0.004071
 111  -0.014980   0.017570   0.003000  -0.005590
 112  -0.015350   0.009829  -0.000121   0.005642
 113  -0.010660   0.000630  -0.000478   0.010508
 114   0.001157  -0.007383  -0.001495   0.007721
 115  -0.021051   0.007885   0.012475   0.000690
 116  -0.003407  -0.018371   0.024581  -0.002804
 117  -0.008176  -0.002003   0.035310  -0.025131
 118  -0.005349   0.017869  -0.009628  -0.002892
 119   0.004576  -0.002205  -0.003775   0.001404
 120   0.011472  -0.014459   0.033046  -0.030059
 121  -0.021863  -0.004745   0.021258   0.005350
 122   0.016942  -0.009079  -0.014740   0.006877
 123   0.000433  -0.007318  -0.012898   0.019783
 124   0.022414  -0.019346  -0.008691   0.005624
 125  -0.014977  -0.010676  -0.000687   0.026339
 126  -0.010651  -0.017163   0.010566   0.017248
 127   0.011735  -0.005606   0.010053  -0.016182
 128  -0.016296  -0.008604   0.025478  -0.000577
 129  -0.034386   0.005804   0.022127   0.006455
 130  -0.010338  -0.002964   0.012589   0.000712
 131   0.036753  -0.004946  -0.025503  -0.006303
 132  -0.000042  -0.009041   0.005366   0.003717
 133   0.003713   0.010168  -0.015371   0.001490
 134   0.013598  -0.004086  -0.015722   0.006210
 135  -0.040257   0.025027  -0.001683   0.016913
 136  -0.002506  -0.008620   0.029131  -0.018006
 137   0.007822   0.006456   0.008543  -0.022821
 138   0.009174   0.011707  -0.000166  -0.020715
 139  -0.037462   0.006495   0.025008   0.005959
 140  -0.017922   0.025561  -0.003782  -0.003857
 141   0.020563  -0.028845  -0.000193   0.008475
 142  -0.013537  -0.018102   0.014061   0.017579
 143   0.009118  -0.007423  -0.002700   0.001005
 144  -0.014397   0.011164  -0.001403   0.004636
 145  -0.001975  -0.032392   0.027560   0.006807
 146  -0.003015  -0.024244   0.027601  -0.000342
 147   0.005841  -0.001838   0.000437  -0.004439
 148   0.009999  -0.012770  -0.017665   0.020437
 149  -0.004528  -0.012267  -0.003772   0.020567
 150   0.004680  -0.008548  -0.006036   0.009903
 151  -0.009014   0.033326  -0.000830  -0.023482
 152   0.042867  -0.010028  -0.024754  -0.008085
 153  -0.013595   0.004688  -0.002448   0.011356
 154  -0.003811   0.022641   0.010992  -0.029822
 155   0.006044  -0.017195   0.004104   0.007047
 156  -0.002442   0.002943   0.004830  -0.005331
 157   0.009870  -0.007732   0.008800  -0.010938
 158  -0.028390   0.019038   0.016811  -0.007459
 159  -0.008809  -0.010437  -0.000590   0.019836
 160   0.020034   0.013015  -0.012323  -0.020726
 161  -0.053428   0.021890   0.023977   0.007561
 162   0.015097  -0.025334   0.011894  -0.001657
 163  -0.001226  -0.004804  -0.004721   0.010750
 164  -0.017085   0.008700   0.026528  -0.018143
 165  -0.038509   0.019764   0.010512   0.008232
 166  -0.016459   0.012034  -0.017529   0.021954
 167  -0.023402   0.019460  -0.013145   0.017088
 168  -0.009032   0.004184   0.015684  -0.010836
 169  -0.006323   0.013532   0.005068  -0.012277
 170  -0.025566  -0.005978   0.022153   0.009391
 171  -0.029437   0.006919   0.030115  -0.007597
 172  -0.058393   0.022958   0.029455   0.005980
 173  -0.030183  -0.003746   0.043228  -0.009300
 174  -0.052818   0.013721   0.038865   0.000231
 175   0.005687  -0.006371   0.031462  -0.030778
 176  -0.052604  -0.008140   0.043606   0.017139
 177  -0.032357  -0.016657   0.074254  -0.025240
 178  -0.035140  -0.000684   0.083696  -0.047872
 179  -0.002543  -0.062700   0.116472  -0.051229
