pos          info
        0 -8.543302e-07
        1  1.570826e-06
        2  1.819219e-06
        3  8.070109e-07
        4 -7.306910e-07
        5 -8.245128e-07
        6  1.049137e-06
        7  4.824992e-07
        8  4.411508e-07
        9 -1.352668e-07
       10  1.111921e-07
       11 -1.145644e-07
       12 -8.414877e-07
       13 -1.033803e-06
       14 -8.168426e-07
       15  5.596761e-07
       16  9.812873e-07
       17  9.494694e-07
       18  2.023753e-07
       19 -1.242231e-07
       20  1.727138e-07
       21  2.674272e-07
       22  5.066178e-08
       23 -6.148962e-08
       24  3.697757e-07
       25  4.553995e-07
       26 -1.903181e-07
       27 -4.473129e-07
       28 -2.840803e-07
       29  3.679519e-07
       30  3.117302e-07
       31  2.076394e-08
       32 -5.706790e-07
       33 -5.895216e-07
       34  1.526487e-07
       35  6.669018e-07
       36  4.526366e-07
       37  6.623870e-07
       38  5.716034e-07
       39  6.874086e-07
       40  1.234737e-07
       41  2.328733e-07
       42  3.531196e-06
       43  5.665392e-07
       44  1.041397e-06
       45 -2.288213e-06
       46  7.904090e-07
       47  2.123756e-07
       48  2.548543e-07
       49 -5.394143e-08
       50 -1.407232e-07
       51  2.079662e-07
       52  2.805449e-07
       53 -9.100287e-07
       54 -1.506673e-06
       55 -6.244021e-07
       56  6.649056e-07
       57  8.044766e-07
       58 -6.527968e-07
       59 -8.347807e-07
       60 -7.345867e-07
       61 -1.429280e-07
       62 -4.050563e-07
       63 -3.584452e-07
       64 -5.079594e-07
       65  1.369981e-06
       66  1.323166e-06
       67  1.492614e-06
       68  2.611982e-08
       69 -1.150764e-07
       70 -1.637306e-07
       71  1.631827e-06
       72  2.881416e-06
       73  2.931166e-06
       74  9.527756e-07
       75 -9.325671e-07
       76 -9.959632e-07
       77 -4.138309e-07
       78  3.193917e-07
       79  9.778449e-07
       80  3.679484e-07
       81  8.826523e-07
       82  8.998566e-08
       83 -1.391606e-08
       84 -1.961708e-06
       85 -2.085676e-06
       86 -1.503272e-06
       87  1.374779e-08
       88 -1.559472e-06
       89 -2.368751e-06
       90 -2.678911e-06
       91 -8.815619e-07
       92 -8.313452e-07
       93 -7.347119e-07
       94 -7.356769e-07
       95 -4.061698e-07
       96 -1.382479e-07
       97 -6.139173e-07
       98 -3.852993e-07
       99 -7.990963e-07
      100 -2.222867e-07
      101  3.359961e-07
      102  1.594889e-06
      103  1.542189e-06
      104  1.511039e-06
      105  1.716596e-07
      106  1.074767e-07
      107 -7.561470e-07
      108  2.382894e-06
      109  2.289037e-06
      110  2.917741e-06
      111  9.049069e-08
      112  2.566626e-07
      113  1.084628e-06
      114  2.692599e-06
      115  2.716513e-06
      116  1.553305e-06
      117  6.551502e-08
      118  5.752979e-07
      119  2.106175e-06
      120  4.361735e-06
      121  2.202993e-06
      122  8.334478e-07
      123 -1.547626e-06
      124  1.992908e-07
      125 -1.058302e-07
      126  1.145082e-06
      127  1.721898e-06
      128  2.168979e-06
      129  7.511010e-07
      130  2.171076e-07
      131 -2.591221e-07
      132  6.737679e-09
      133 -1.497117e-07
      134 -5.710942e-08
      135 -7.009294e-08
      136 -1.891638e-07
      137  1.109915e-06
      138  1.254333e-05
      139  1.199040e-05
      140  1.180428e-05
      141  1.341561e-06
      142  2.090609e-06
      143  1.053410e-06
      144  5.354182e-07
      145 -6.286229e-08
      146 -1.892475e-07
      147 -5.617400e-07
      148  1.130661e-06
      149  1.258604e-06
      150  6.641790e-07
      151 -5.168340e-07
      152 -6.702106e-07
      153  1.893196e-07
      154 -1.083216e-07
      155  2.596023e-08
      156 -3.491808e-07
      157  0.000000e+00
      158  0.000000e+00
      159  0.000000e+00