pos          info
        0 -1.624204e-07
        1 -1.352587e-06
        2 -1.005763e-07
        3 -1.871792e-06
        4 -3.957077e-06
        5 -6.821299e-07
        6 -1.305897e-06
        7 -9.404813e-07
        8 -1.506562e-07
        9 -1.244069e-06
       10  2.973788e-07
       11 -2.601450e-07
       12 -4.318221e-07
       13 -7.595695e-07
       14 -2.337217e-06
       15 -5.898298e-07
       16 -3.120100e-07
       17 -8.015194e-08
       18 -2.424069e-08
       19 -1.749209e-06
       20 -1.629442e-06
       21 -1.056425e-07
       22 -9.189017e-07
       23 -6.687167e-07
       24 -8.713676e-07
       25 -1.992110e-07
       26 -2.063133e-07
       27 -2.230283e-07
       28 -9.201470e-07
       29 -5.760905e-09
       30 -1.144370e-07
       31 -1.661983e-06
       32 -3.820007e-06
       33 -9.878508e-09
       34  8.026626e-08
       35  9.186674e-07
       36  1.922287e-06
       37  8.340494e-09
       38 -4.136725e-07
       39 -7.291648e-07
       40 -1.096387e-06
       41 -1.575690e-09
       42  3.221736e-06
       43  5.738980e-08
       44  5.472379e-06
       45  1.302709e-07
       46  2.358357e-07
       47  1.964248e-06
       48 -2.543195e-07
       49 -1.234071e-06
       50 -9.263364e-07
       51  8.276135e-07
       52  6.141112e-08
       53 -8.591150e-07
       54 -3.292981e-06
       55 -3.590542e-07
       56 -2.306049e-11
       57 -2.293856e-06
       58 -6.189817e-08
       59 -6.983117e-07
       60  1.376597e-09
       61  2.735464e-07
       62 -5.503806e-07
       63 -3.298024e-07
       64 -5.214028e-07
       65 -1.416822e-08
       66 -4.934505e-06
       67  7.696520e-07
       68  1.292008e-06
       69  5.256926e-07
       70  5.055114e-07
       71  2.537869e-07
       72  6.134270e-11
       73  3.525291e-07
       74  4.117535e-07
       75 -1.168373e-08
       76 -2.219831e-06
       77 -1.446493e-06
       78  1.172424e-06
       79  3.445257e-06
       80 -9.485743e-07
       81  7.063379e-07
       82  5.315898e-07
       83  2.294482e-07
       84 -5.890953e-07
       85 -5.149581e-08
       86 -2.541537e-06
       87 -1.839217e-07
       88 -6.042090e-07
       89 -4.805378e-08
       90 -1.070266e-06
       91 -6.405922e-08
       92 -1.197257e-06
       93 -1.632156e-07
       94  1.422347e-07
       95 -1.295206e-06
       96  4.335256e-07
       97 -2.420804e-07
       98  5.603573e-07
       99  1.992273e-08
      100  5.020967e-07
      101  2.276445e-06
      102  8.670369e-09
      103  9.757610e-10
      104  1.115351e-07
      105  1.144394e-10
      106  1.482741e-06
      107 -4.178107e-07
      108  3.485148e-09
      109  2.050152e-06
      110  3.254990e-07
      111 -7.666889e-07
      112 -6.646463e-07
      113  4.575090e-08
      114  1.235124e-06
      115  1.378791e-07
      116  1.407619e-06
      117 -4.555369e-07
      118  3.613059e-07
      119  8.611493e-07
      120  2.080682e-06
      121  7.203518e-09
      122  4.307147e-07
      123  3.695719e-06
      124  7.795960e-08
      125 -8.075713e-07
      126  4.204349e-06
      127  6.436177e-07
      128  3.654256e-08
      129 -6.764554e-07
      130 -1.900217e-07
      131 -3.251054e-06
      132  2.006789e-08
      133 -2.403942e-08
      134  4.805389e-08
      135  3.321778e-07
      136  1.037577e-08
      137  1.096520e-07
      138  2.397149e-07
      139 -9.704509e-09
      140 -2.443230e-06
      141 -3.235337e-08
      142 -4.024946e-06
      143 -3.379609e-08
      144 -7.477083e-07
      145 -7.150482e-07
      146 -8.841355e-07
      147  1.531167e-14
      148  2.380439e-06
      149  1.625911e-06
      150  2.110804e-06
      151  2.697104e-06
      152 -9.484475e-08
      153 -1.605883e-07
      154 -1.755737e-07
      155  6.950412e-07
      156  2.747074e-07
      157 -2.461169e-08
      158 -8.265652e-07
      159 -5.593421e-07