pos      val_A      val_C      val_G      val_T
   0  -0.005369   0.008119   0.006940  -0.009691
   1   0.009437  -0.016750  -0.004873   0.012185
   2  -0.001736  -0.007586   0.012773  -0.003451
   3   0.023579  -0.015051  -0.003015  -0.005513
   4  -0.003300  -0.002315  -0.017631   0.023246
   5   0.056401  -0.015461  -0.018220  -0.022721
   6   0.002827   0.018985  -0.009059  -0.012753
   7  -0.002404  -0.012869   0.016002  -0.000729
   8   0.014873   0.016218  -0.018035  -0.013056
   9   0.032461  -0.017391   0.014018  -0.029087
  10  -0.005236  -0.009074   0.009234   0.005076
  11   0.012319   0.011969  -0.014803  -0.009485
  12   0.005029  -0.007630   0.011050  -0.008449
  13   0.034803  -0.015821  -0.020033   0.001051
  14  -0.008869   0.016230  -0.020653   0.013293
  15   0.000714  -0.011395  -0.013868   0.024549
  16   0.001890  -0.004208   0.005033  -0.002715
  17  -0.015944  -0.008319   0.023841   0.000423
  18  -0.015288  -0.009406  -0.008362   0.033056
  19  -0.014532  -0.019206  -0.001182   0.034919
  20   0.025032   0.005847  -0.020840  -0.010039
  21  -0.110799  -0.001870  -0.029168   0.141837
  22   0.002545  -0.003291  -0.012648   0.013395
  23   0.013113   0.002714   0.006314  -0.022141
  24  -0.026774   0.004679   0.028161  -0.006067
  25  -0.014873   0.034662  -0.009272  -0.010517
  26   0.027145  -0.021112  -0.024047   0.018014
  27   0.002189   0.001783  -0.004040   0.000068
  28  -0.004907  -0.011222   0.001947   0.014181
  29  -0.009661  -0.009414   0.006539   0.012536
  30   0.008654  -0.008220   0.005000  -0.005434
  31  -0.008293  -0.023510   0.028099   0.003705
  32  -0.008885   0.014623  -0.015945   0.010208
  33   0.030424  -0.013738   0.012708  -0.029393
  34  -0.012619  -0.018039   0.035438  -0.004780
  35  -0.011552   0.012592  -0.003325   0.002286
  36  -0.012712  -0.015043   0.024117   0.003638
  37   0.009908   0.011040  -0.017267  -0.003680
  38   0.004778  -0.009273  -0.002077   0.006571
  39  -0.018427  -0.009771   0.049618  -0.021419
  40   0.006480   0.019764  -0.012286  -0.013958
  41  -0.001294  -0.010778  -0.009217   0.021289
  42   0.008471  -0.009002  -0.001355   0.001886
  43   0.018873  -0.029090   0.015876  -0.005659
  44  -0.011468   0.005300  -0.012831   0.018999
  45   0.016638  -0.004235  -0.000769  -0.011634
  46   0.010328  -0.011977  -0.023574   0.025223
  47  -0.001033  -0.013183   0.002459   0.011757
  48   0.029266   0.002903  -0.016401  -0.015768
  49  -0.003167   0.008487  -0.004465  -0.000856
  50  -0.003752   0.029241   0.001486  -0.026975
  51   0.010069  -0.004677  -0.014138   0.008746
  52  -0.013773   0.028037  -0.024620   0.010357
  53   0.012030   0.012383  -0.035472   0.011059
  54   0.023245  -0.011565  -0.001898  -0.009782
  55  -0.001413   0.000143   0.012828  -0.011558
  56  -0.009541   0.003503   0.013711  -0.007673
  57  -0.017996   0.021852   0.009658  -0.013515
  58   0.023437  -0.016586  -0.007767   0.000916
  59   0.013789   0.000338  -0.012462  -0.001664
  60  -0.027292   0.011163  -0.004928   0.021057
  61   0.010562   0.005111  -0.017442   0.001769
  62  -0.012019   0.030721  -0.000371  -0.018331
  63  -0.016261  -0.014785   0.037784  -0.006737
  64  -0.012543   0.014988  -0.004941   0.002497
  65  -0.004306   0.004707  -0.016048   0.015646
  66   0.038575  -0.021008  -0.007133  -0.010433
  67  -0.007486   0.021995  -0.016654   0.002145
  68  -0.000536  -0.018209  -0.000143   0.018887
  69   0.008297  -0.012217   0.013153  -0.009234
  70  -0.007312  -0.027575   0.022740   0.012147
  71   0.006340   0.000004   0.002112  -0.008455
  72  -0.005437  -0.011508   0.039743  -0.022798
  73   0.006310   0.007748  -0.011456  -0.002602
  74   0.017977  -0.017204  -0.008988   0.008215
  75  -0.009233   0.016593   0.005561  -0.012921
  76  -0.015701   0.004797   0.010385   0.000518
  77  -0.015271  -0.017041   0.019193   0.013119
  78   0.018603   0.020507   0.000967  -0.040077
  79  -0.012519   0.025283  -0.005885  -0.006878
  80  -0.019061   0.001731  -0.008859   0.026189
  81  -0.012185   0.016876   0.001455  -0.006146
  82  -0.015147   0.010273   0.004090   0.000784
  83   0.008660  -0.008811  -0.009346   0.009497
  84   0.003944  -0.005778  -0.013806   0.015639
  85  -0.000357  -0.005730   0.024824  -0.018737
  86   0.021354  -0.014196   0.018256  -0.025414
  87   0.017983   0.006769  -0.023886  -0.000867
  88   0.006914  -0.014899  -0.011262   0.019246
  89  -0.003120  -0.000388  -0.000457   0.003965
  90   0.012418  -0.014155   0.005100  -0.003364
  91  -0.008662   0.030386  -0.013995  -0.007729
  92  -0.013065   0.000554  -0.006240   0.018750
  93   0.002543  -0.022969   0.008086   0.012341
  94  -0.004580  -0.010776   0.010980   0.004376
  95  -0.015483   0.005149   0.028623  -0.018289
  96   0.020605  -0.022268   0.001935  -0.000273
  97   0.016662   0.000131  -0.024211   0.007418
  98   0.015710   0.001626  -0.009417  -0.007919
  99  -0.009875   0.026887  -0.002174  -0.014838
 100  -0.000115  -0.020726   0.006570   0.014270
 101   0.005106  -0.017903  -0.002255   0.015052
 102  -0.014837  -0.023479   0.028775   0.009541
 103   0.025141  -0.006627  -0.019363   0.000849
 104   0.028540   0.005820  -0.024620  -0.009740
 105   0.004549   0.016896  -0.022521   0.001075
 106  -0.003417  -0.001529   0.001165   0.003781
 107   0.008800   0.003283  -0.003134  -0.008949
 108  -0.008498   0.005903   0.017007  -0.014412
 109   0.004565  -0.020169  -0.003192   0.018795
 110  -0.011271   0.007339  -0.014398   0.018330
 111  -0.001725  -0.006037   0.005949   0.001813
 112  -0.014075  -0.003218   0.008122   0.009171
 113  -0.008026  -0.028323   0.021350   0.014999
 114  -0.002333  -0.025599   0.055039  -0.027107
 115   0.018379  -0.016629   0.023130  -0.024880
 116  -0.028185  -0.005427   0.030819   0.002793
 117   0.009255  -0.002909  -0.008272   0.001926
 118  -0.006992   0.002187  -0.014941   0.019745
 119   0.008476  -0.017265   0.028086  -0.019296
 120   0.010657   0.001475  -0.006997  -0.005135
 121  -0.011482  -0.031165   0.030795   0.011852
 122  -0.007645  -0.007694   0.028554  -0.013215
 123  -0.008601  -0.015444   0.034303  -0.010258
 124  -0.022523  -0.091350  -0.010220   0.124093
 125   0.040482  -0.020355   0.000874  -0.021001
 126  -0.010107   0.025830  -0.005036  -0.010687
 127  -0.009621   0.000308  -0.007738   0.017050
 128   0.038421   0.007655  -0.032463  -0.013614
 129  -0.014739  -0.001006   0.007037   0.008708
 130   0.025824  -0.007221  -0.011123  -0.007480
 131  -0.015865  -0.016129  -0.011139   0.043133
 132  -0.003274  -0.018003   0.001641   0.019636
 133  -0.022904   0.017788  -0.003746   0.008863
 134  -0.010622   0.013330   0.001254  -0.003962
 135   0.005419   0.011220  -0.011350  -0.005288
 136  -0.008456  -0.020311   0.015694   0.013073
 137  -0.016694   0.021091  -0.008063   0.003665
 138  -0.000414  -0.000570  -0.007600   0.008584
 139  -0.016180   0.005753  -0.002520   0.012947
 140  -0.010827  -0.001661  -0.014261   0.026749
 141   0.021773  -0.027228   0.015739  -0.010283
 142   0.037384  -0.014049   0.010319  -0.033654
 143   0.001450  -0.017452   0.026210  -0.010208
 144  -0.000011  -0.008014   0.012618  -0.004593
 145   0.029927  -0.022863  -0.007495   0.000431
 146   0.004503  -0.013198   0.000912   0.007783
 147   0.006401  -0.003045  -0.015587   0.012232
 148   0.005593  -0.007101   0.003199  -0.001691
 149   0.004401   0.023017  -0.015550  -0.011868
 150   0.004688  -0.001165  -0.005795   0.002272
 151   0.005283   0.006864  -0.007294  -0.004852
 152  -0.012704  -0.013672  -0.007984   0.034360
 153  -0.016951   0.010258  -0.003540   0.010233
 154  -0.013758  -0.030437  -0.073007   0.117202
 155   0.030610  -0.015503   0.003620  -0.018727
 156   0.001899  -0.012133  -0.007548   0.017783
 157   0.021753  -0.016060  -0.003706  -0.001987
 158   0.027863  -0.010280  -0.019073   0.001490
 159  -0.018595  -0.030049  -0.014152   0.062796
 160   0.005737  -0.002057   0.006904  -0.010583
 161   0.006115  -0.009735  -0.002701   0.006321
 162   0.014820  -0.012449   0.015158  -0.017529
 163  -0.007614  -0.009054  -0.002887   0.019554
 164  -0.008456   0.000772   0.002888   0.004796
 165   0.010451   0.005275   0.006333  -0.022060
 166  -0.012721  -0.007251   0.021252  -0.001280
 167   0.019491  -0.017405  -0.009640   0.007554
 168   0.000013  -0.005214   0.010233  -0.005032
 169   0.004041   0.008023  -0.011162  -0.000902
 170   0.004665   0.001498  -0.006449   0.000285
 171  -0.000130  -0.003235  -0.001829   0.005194
 172   0.001498   0.005362   0.012765  -0.019625
 173  -0.000614  -0.001665  -0.002604   0.004883
 174   0.003542  -0.022774   0.004412   0.014820
 175  -0.001331  -0.002871  -0.011452   0.015655
 176   0.004652  -0.003784   0.001699  -0.002568
 177   0.000322   0.014401  -0.013831  -0.000892
 178  -0.006806   0.003632  -0.006745   0.009919
 179  -0.001393   0.001994  -0.006241   0.005640
