pos          info
        0 -5.595075e-05
        1 -3.955712e-05
        2  1.563419e-06
        3  7.293564e-07
        4 -1.260763e-05
        5 -2.896947e-06
        6  7.109964e-06
        7  3.196494e-05
        8  1.765814e-05
        9 -1.236741e-04
       10 -1.359871e-04
       11 -1.317045e-04
       12  6.249968e-05
       13  1.425583e-04
       14  1.419526e-04
       15  8.098864e-05
       16 -4.884060e-05
       17 -3.668238e-05
       18  1.567322e-05
       19  6.518882e-05
       20  6.717428e-05
       21  1.403933e-05
       22  9.595285e-05
       23  6.118248e-05
       24  6.082680e-05
       25 -1.961734e-05
       26 -6.469823e-06
       27  6.194861e-06
       28 -1.025878e-04
       29 -9.258847e-05
       30 -1.066057e-04
       31  5.140343e-05
       32  5.014521e-05
       33  7.792079e-05
       34  1.938534e-05
       35  4.078104e-05
       36  1.425023e-05
       37  6.594719e-07
       38 -2.632936e-05
       39 -1.931567e-05
       40 -4.644758e-06
       41  8.391663e-07
       42  4.300689e-06
       43  1.522305e-05
       44  1.610592e-05
       45  8.980081e-05
       46  1.212608e-04
       47  2.275490e-04
       48  1.439166e-04
       49  6.395435e-05
       50 -4.437289e-05
       51 -4.337118e-05
       52  1.058598e-06
       53 -1.017397e-07
       54  1.362857e-05
       55 -2.991835e-05
       56 -2.741203e-05
       57 -6.402869e-05
       58 -1.339819e-05
       59 -7.430129e-05
       60 -1.712121e-04
       61 -1.719048e-04
       62 -2.320168e-05
       63  9.504155e-05
       64  8.351415e-05
       65  3.757629e-06
       66 -5.331522e-05
       67 -5.593118e-05
       68 -2.389354e-05
       69 -2.108404e-06
       70  1.049196e-05
       71 -1.392969e-05
       72 -2.728236e-05
       73  4.236707e-05
       74  6.207722e-05
       75  8.100867e-04
       76  2.279826e-03
       77  1.723042e-03
       78  3.238161e-03
       79  3.174451e-03
       80  4.841813e-03
       81  3.324963e-03
       82  1.751411e-03
       83  6.032845e-04
       84 -9.947432e-05
       85  2.027452e-05
       86  2.509765e-05
       87  3.036075e-05
       88  4.733617e-05
       89  1.449391e-04
       90  1.591364e-04
       91  8.658225e-05
       92  6.888858e-05
       93  5.444567e-05
       94  3.891640e-05
       95 -5.773910e-04
       96 -5.768716e-04
       97 -1.105253e-03
       98 -6.049022e-04
       99  7.220959e-04
      100  2.695508e-03
      101  2.690985e-03
      102  1.811278e-03
      103  1.416368e-03
      104  2.946240e-03
      105  2.366859e-03
      106  1.367956e-03
      107 -2.184691e-04
      108 -7.321346e-05
      109 -7.521228e-05
      110 -8.528544e-05
      111 -8.099188e-05
      112 -6.371790e-05
      113  4.197832e-05
      114  2.186955e-05
      115  1.214771e-05
      116  4.154917e-05
      117  4.160527e-05
      118  2.867466e-05
      119  2.428321e-05
      120  3.270742e-05
      121  3.274272e-05
      122 -1.009640e-04
      123 -6.499080e-05
      124 -6.499498e-05
      125  1.091755e-04
      126  6.262444e-05
      127  6.381055e-05
      128 -8.076411e-06
      129 -3.964590e-06
      130 -6.686728e-05
      131 -6.677664e-05
      132 -3.538453e-05
      133  3.230320e-05
      134  3.708942e-05
      135 -7.048250e-06
      136 -3.233138e-05
      137 -3.458037e-05
      138  4.028557e-05
      139  5.800028e-05
      140  4.943426e-05
      141  1.071744e-04
      142  1.105926e-04
      143  1.175867e-04
      144 -8.388376e-06
      145 -1.320471e-04
      146 -3.738393e-04
      147 -3.674759e-04
      148 -2.543045e-04
      149  6.049195e-05
      150  1.298107e-04
      151  2.678483e-04
      152  1.981237e-04
      153  1.393000e-04
      154  9.052550e-05
      155  9.089435e-05
      156  1.976913e-04
      157  0.000000e+00
      158  0.000000e+00
      159  0.000000e+00