pos       info
        0   0.001571
        1  -0.012603
        2  -0.001250
        3  -0.001326
        4  -0.002377
        5  -0.001982
        6  -0.006065
        7  -0.010352
        8  -0.004796
        9   0.006080
       10   0.005416
       11   0.014417
       12  -0.005716
       13  -0.002030
       14  -0.012167
       15  -0.007232
       16   0.003904
       17   0.003038
       18   0.012904
       19  -0.001598
       20  -0.011003
       21  -0.000306
       22  -0.006523
       23  -0.000389
       24  -0.011548
       25  -0.009540
       26  -0.004783
       27  -0.005775
       28  -0.003180
       29  -0.004231
       30  -0.008202
       31  -0.004192
       32  -0.003682
       33  -0.013734
       34  -0.001689
       35  -0.010045
       36  -0.000059
       37  -0.003808
       38  -0.005336
       39  -0.004275
       40  -0.002242
       41  -0.006090
       42  -0.003989
       43  -0.007308
       44  -0.002484
       45  -0.006281
       46  -0.004354
       47  -0.015989
       48  -0.006006
       49   0.011256
       50   0.004979
       51   0.009632
       52   0.000942
       53   0.001119
       54  -0.000853
       55  -0.001932
       56  -0.009076
       57   0.006527
       58  -0.001545
       59   0.007251
       60   0.001402
       61   0.011232
       62   0.004708
       63  -0.008972
       64  -0.012523
       65  -0.000658
       66   0.004737
       67   0.002027
       68  -0.009764
       69  -0.002656
       70  -0.015485
       71  -0.004754
       72  -0.003455
       73  -0.001833
       74  -0.011520
       75  -0.011274
       76  -0.008824
       77  -0.028570
       78  -0.051290
       79  -0.033244
       80  -0.056759
       81  -0.042808
       82  -0.046554
       83  -0.034418
       84   0.014848
       85  -0.001903
       86  -0.001866
       87  -0.010533
       88  -0.001884
       89  -0.000998
       90  -0.008911
       91  -0.013352
       92  -0.001118
       93  -0.008215
       94  -0.013737
       95   0.001044
       96   0.009343
       97   0.036642
       98   0.004125
       99  -0.045349
      100  -0.014072
      101  -0.047581
      102  -0.044250
      103  -0.012802
      104  -0.024357
      105  -0.041034
      106  -0.047102
      107   0.016460
      108  -0.010152
      109  -0.010349
      110  -0.004905
      111  -0.004365
      112  -0.006978
      113  -0.004269
      114  -0.004630
      115  -0.006511
      116  -0.000250
      117  -0.002181
      118  -0.007974
      119   0.006843
      120  -0.003191
      121  -0.009697
      122  -0.013718
      123  -0.002404
      124  -0.009153
      125  -0.005029
      126  -0.004459
      127  -0.015781
      128   0.000761
      129   0.004211
      130   0.000662
      131   0.003240
      132   0.012893
      133  -0.004997
      134  -0.008201
      135   0.006001
      136   0.010591
      137   0.010408
      138  -0.002700
      139  -0.001591
      140   0.001847
      141   0.010559
      142   0.000398
      143   0.008677
      144   0.005674
      145   0.012776
      146   0.004901
      147   0.014199
      148   0.025054
      149   0.005298
      150  -0.004734
      151  -0.004479
      152  -0.012669
      153  -0.021510
      154  -0.003123
      155  -0.002164
      156  -0.007730
      157  -0.002483
      158  -0.016220
      159  -0.003010