pos       info
        0  -0.000025
        1  -0.000051
        2  -0.000025
        3  -0.000037
        4  -0.000044
        5   0.000003
        6   0.000010
        7   0.000042
        8  -0.000004
        9  -0.000140
       10  -0.000137
       11  -0.000129
       12   0.000019
       13   0.000157
       14   0.000162
       15   0.000165
       16  -0.000039
       17  -0.000040
       18  -0.000039
       19   0.000025
       20   0.000046
       21   0.000012
       22   0.000101
       23   0.000079
       24   0.000089
       25  -0.000030
       26  -0.000030
       27   0.000024
       28  -0.000010
       29  -0.000011
       30  -0.000089
       31   0.000021
       32   0.000050
       33   0.000110
       34   0.000021
       35   0.000072
       36   0.000038
       37   0.000039
       38  -0.000004
       39   0.000015
       40   0.000045
       41  -0.000027
       42  -0.000041
       43  -0.000023
       44  -0.000023
       45   0.000041
       46   0.000034
       47   0.000086
       48   0.000009
       49  -0.000013
       50  -0.000019
       51  -0.000010
       52   0.000011
       53  -0.000032
       54  -0.000026
       55  -0.000109
       56  -0.000077
       57  -0.000083
       58   0.000028
       59  -0.000105
       60  -0.000105
       61  -0.000133
       62   0.000010
       63   0.000010
       64  -0.000004
       65  -0.000014
       66  -0.000049
       67  -0.000062
       68  -0.000045
       69  -0.000030
       70   0.000016
       71   0.000002
       72   0.000005
       73  -0.000006
       74  -0.000010
       75   0.000997
       76   0.002806
       77   0.002416
       78   0.003223
       79   0.002093
       80   0.003473
       81   0.002120
       82   0.001369
       83   0.000389
       84  -0.000041
       85   0.000102
       86   0.000098
       87   0.000085
       88   0.000042
       89   0.000192
       90   0.000190
       91   0.000154
       92   0.000003
       93   0.000005
       94  -0.000005
       95  -0.000511
       96  -0.000513
       97  -0.001271
       98  -0.000887
       99   0.000126
      100   0.002037
      101   0.002133
      102   0.001456
      103   0.001513
      104   0.003217
      105   0.002820
      106   0.001622
      107  -0.000064
      108   0.000009
      109  -0.000014
      110  -0.000045
      111  -0.000053
      112  -0.000045
      113  -0.000012
      114  -0.000003
      115   0.000009
      116   0.000069
      117   0.000052
      118   0.000053
      119   0.000062
      120   0.000071
      121   0.000070
      122  -0.000069
      123  -0.000040
      124  -0.000040
      125   0.000201
      126   0.000169
      127   0.000112
      128  -0.000084
      129  -0.000039
      130   0.000008
      131   0.000025
      132  -0.000014
      133   0.000014
      134   0.000017
      135   0.000006
      136  -0.000041
      137  -0.000036
      138   0.000036
      139   0.000065
      140   0.000059
      141   0.000025
      142  -0.000008
      143  -0.000030
      144  -0.000061
      145  -0.000222
      146  -0.000542
      147  -0.000542
      148  -0.000351
      149   0.000039
      150   0.000051
      151   0.000258
      152   0.000216
      153   0.000201
      154   0.000093
      155   0.000104
      156   0.000246
      157   0.000000
      158   0.000000
      159   0.000000