pos          info
        0 -4.644816e-04
        1  5.758174e-04
        2  8.588672e-07
        3  8.233635e-03
        4  9.347126e-04
        5  1.437702e-03
        6  6.843414e-03
        7  1.748011e-03
        8 -5.578374e-04
        9 -4.630002e-06
       10 -3.924036e-05
       11  1.018284e-03
       12  5.054627e-04
       13  3.905737e-04
       14 -8.570044e-03
       15  4.808494e-04
       16  6.533686e-04
       17  4.176142e-04
       18 -1.164064e-04
       19 -3.449524e-05
       20 -3.888965e-04
       21 -2.783329e-03
       22  1.617802e-03
       23 -4.991593e-03
       24 -2.139511e-03
       25 -3.708699e-03
       26 -5.879449e-04
       27 -1.263292e-03
       28 -1.695857e-05
       29 -7.726585e-04
       30 -9.901382e-04
       31 -5.456462e-04
       32  5.253704e-05
       33 -2.739268e-04
       34 -1.106650e-03
       35 -8.791444e-04
       36  3.867745e-04
       37 -1.914172e-03
       38 -2.545987e-04
       39 -7.847418e-04
       40  2.701529e-08
       41 -2.446984e-04
       42  4.170724e-04
       43 -5.638873e-03
       44  4.008522e-05
       45 -3.074947e-03
       46  2.002425e-03
       47  1.222713e-04
       48  9.119597e-04
       49 -5.118711e-05
       50 -3.382648e-04
       51 -7.835115e-04
       52 -2.589962e-03
       53 -3.623806e-03
       54 -2.973220e-03
       55  9.591924e-04
       56  1.251447e-03
       57  3.235388e-04
       58  1.279726e-03
       59 -4.491564e-04
       60 -6.782606e-06
       61 -3.560214e-03
       62 -4.634208e-03
       63 -8.550070e-05
       64 -4.933991e-04
       65  2.370297e-03
       66  7.244089e-04
       67 -8.903644e-05
       68  4.112668e-04
       69  1.900460e-03
       70  2.922238e-03
       71 -1.322450e-03
       72 -4.195766e-03
       73 -2.550825e-05
       74 -3.528206e-04
       75 -2.362007e-03
       76 -1.359851e-04
       77 -1.924593e-05
       78  2.496619e-03
       79  1.663567e-04
       80  1.185610e-03
       81  7.760520e-03
       82  2.811246e-04
       83  3.830497e-04
       84 -9.384549e-03
       85 -2.735790e-03
       86 -2.542238e-03
       87 -1.977797e-04
       88 -3.051344e-03
       89 -4.307214e-04
       90 -1.170727e-04
       91 -7.394501e-04
       92  6.765072e-04
       93  2.026970e-03
       94 -6.046709e-04
       95 -9.821022e-04
       96 -4.507664e-05
       97 -7.952086e-04
       98  1.084061e-03
       99  2.570465e-03
      100  3.674709e-05
      101  3.881376e-05
      102  1.345342e-04
      103  1.482899e-03
      104  2.870368e-03
      105  5.788247e-03
      106  1.424974e-03
      107  2.809627e-03
      108  3.334040e-05
      109  5.162160e-04
      110  1.639969e-03
      111  3.954069e-05
      112  8.987135e-03
      113  2.035087e-03
      114  1.901520e-03
      115  3.046619e-03
      116 -1.645506e-03
      117 -4.036404e-04
      118 -2.782007e-03
      119 -2.467507e-03
      120 -7.642549e-03
      121 -1.655593e-04
      122 -1.478279e-04
      123 -8.409527e-03
      124  2.882661e-05
      125  8.907428e-04
      126 -1.149246e-03
      127 -3.258383e-03
      128 -9.272589e-03
      129 -1.987035e-02
      130 -2.352580e-02
      131  9.147753e-03
      132  2.034765e-03
      133  3.761825e-02
      134 -2.205313e-03
      135 -6.474610e-05
      136 -2.224817e-03
      137 -1.156956e-03
      138  1.235308e-03
      139  4.663922e-06
      140  3.359870e-03
      141 -3.349255e-04
      142 -3.176329e-03
      143 -2.903880e-04
      144 -2.570960e-04
      145  2.797132e-08
      146  3.581540e-07
      147  1.554243e-02
      148  2.396714e-02
      149 -2.527800e-02
      150 -3.349177e-02
      151 -3.232035e-02
      152 -3.135739e-03
      153 -2.885422e-03
      154 -9.287514e-03
      155 -1.924068e-02
      156  1.171648e-02
      157 -7.420752e-05
      158 -1.356433e-02
      159 -6.921416e-04