pos          info
        0  4.636366e-05
        1  1.080562e-04
        2  1.074186e-04
        3  7.618256e-05
        4  7.410988e-05
        5  1.530283e-04
        6  1.417319e-04
        7  5.639421e-05
        8  1.609142e-05
        9  2.696636e-05
       10  1.560777e-05
       11  1.146307e-05
       12  7.190905e-05
       13  8.148884e-05
       14  2.580921e-05
       15 -3.551473e-05
       16 -2.387354e-05
       17  9.420757e-06
       18  3.459993e-05
       19 -6.344414e-05
       20 -6.415930e-05
       21 -1.404184e-05
       22  7.253680e-05
       23  1.283558e-05
       24 -5.655027e-05
       25 -1.140051e-04
       26 -5.508372e-05
       27 -5.007793e-05
       28 -7.087769e-07
       29 -1.403134e-05
       30 -1.656636e-05
       31  8.851964e-06
       32  5.817269e-05
       33  5.092228e-05
       34 -2.287112e-05
       35 -4.184790e-05
       36 -6.945185e-05
       37 -5.192183e-05
       38 -7.447984e-05
       39 -4.867889e-05
       40 -3.668314e-06
       41  4.406067e-07
       42 -9.238457e-06
       43 -5.811943e-05
       44 -5.419183e-05
       45 -5.743174e-06
       46  6.331453e-05
       47  4.805436e-05
       48  4.236897e-05
       49  1.800282e-05
       50  1.516605e-05
       51 -5.358947e-05
       52 -5.394000e-05
       53 -7.665074e-05
       54  3.832231e-05
       55  4.347745e-05
       56  1.123231e-04
       57  3.667020e-05
       58  1.818505e-05
       59 -2.299322e-05
       60 -2.784715e-05
       61 -1.701363e-05
       62 -2.204973e-05
       63 -1.826957e-05
       64 -7.450919e-07
       65  2.209942e-05
       66 -1.559681e-05
       67 -2.988711e-05
       68 -1.976149e-05
       69  3.333292e-05
       70  4.859705e-06
       71 -1.915936e-05
       72 -2.589993e-05
       73 -1.143188e-04
       74 -8.958378e-05
       75 -8.767730e-05
       76  1.741398e-05
       77 -8.432582e-06
       78 -1.046422e-06
       79  9.300687e-05
       80  5.180176e-05
       81  4.212047e-05
       82 -3.221644e-05
       83 -3.394034e-05
       84 -7.131988e-05
       85 -7.670328e-05
       86 -2.620172e-05
       87  2.683841e-06
       88 -2.390070e-05
       89 -2.245857e-05
       90 -5.488766e-05
       91 -1.293562e-05
       92 -1.042451e-05
       93  2.116070e-05
       94  2.869064e-06
       95 -5.871516e-06
       96 -5.731921e-06
       97 -1.393412e-05
       98 -8.156361e-06
       99 -4.746220e-06
      100  6.737668e-06
      101  5.221532e-05
      102  6.123939e-05
      103  7.829167e-05
      104  6.871114e-05
      105  1.138678e-04
      106  1.764050e-04
      107  1.606872e-04
      108  9.385720e-05
      109  4.855260e-06
      110  3.331089e-05
      111 -7.484571e-05
      112 -6.857659e-05
      113 -2.953999e-05
      114  8.775933e-05
      115  8.892460e-05
      116  4.630749e-07
      117 -6.018199e-06
      118 -8.329245e-05
      119 -6.883799e-05
      120 -6.427032e-05
      121 -8.932424e-05
      122 -1.067533e-04
      123 -1.283991e-04
      124  2.208948e-05
      125  9.218558e-05
      126 -9.365397e-05
      127 -4.728186e-04
      128 -1.000084e-03
      129 -8.184158e-04
      130 -4.981979e-04
      131  2.540185e-04
      132  1.189161e-04
      133  1.429829e-04
      134 -1.480444e-04
      135  1.316404e-05
      136 -1.145180e-06
      137 -2.184510e-06
      138  1.449934e-06
      139  4.012258e-05
      140 -1.287615e-05
      141 -1.478183e-05
      142 -4.418704e-05
      143 -2.989544e-05
      144 -2.191061e-05
      145  2.477554e-04
      146  6.568076e-04
      147  1.189843e-03
      148  3.256806e-04
      149 -2.778797e-04
      150 -8.193983e-04
      151 -2.496749e-04
      152 -1.419779e-04
      153 -1.856334e-04
      154 -7.347911e-05
      155  5.401942e-05
      156  5.387067e-04
      157  0.000000e+00
      158  0.000000e+00
      159  0.000000e+00