pos          info
        0  2.601773e-05
        1 -3.587566e-05
        2 -3.803206e-07
        3 -4.706832e-04
        4 -6.594954e-05
        5 -8.895243e-05
        6 -4.413642e-04
        7 -1.048995e-04
        8 -3.509245e-05
        9  1.081740e-07
       10 -2.530437e-06
       11 -6.457249e-05
       12  2.975630e-05
       13 -2.517540e-05
       14 -4.978229e-04
       15  2.730947e-05
       16  4.139080e-05
       17 -2.754878e-05
       18  7.251100e-06
       19  1.152832e-06
       20 -2.503517e-05
       21  1.834989e-04
       22  1.042035e-04
       23 -2.950437e-04
       24  1.314096e-04
       25  2.497798e-04
       26  3.725124e-05
       27  7.987213e-05
       28  4.606034e-07
       29 -5.404621e-05
       30  5.904092e-05
       31  3.465261e-05
       32  2.004449e-06
       33 -1.707788e-05
       34 -6.716967e-05
       35  5.636307e-05
       36 -2.659471e-05
       37 -1.156067e-04
       38  1.416099e-05
       39  4.956681e-05
       40 -1.661716e-08
       41 -1.987368e-05
       42 -3.352377e-05
       43  3.754629e-04
       44 -4.463206e-06
       45  2.044897e-04
       46 -1.239423e-04
       47 -8.073665e-06
       48 -5.594261e-05
       49  2.085954e-06
       50 -2.282488e-05
       51  4.688717e-05
       52  1.702375e-04
       53  2.389892e-04
       54  1.983973e-04
       55  6.178749e-05
       56 -8.122737e-05
       57 -1.996673e-05
       58 -7.701645e-05
       59  2.771958e-05
       60  3.840797e-07
       61  2.362082e-04
       62  3.128239e-04
       63 -5.471332e-06
       64  3.161510e-05
       65  1.563797e-04
       66 -5.007709e-05
       67  4.960594e-06
       68  2.542139e-05
       69 -1.219372e-04
       70 -1.829618e-04
       71 -8.808202e-05
       72  2.794124e-04
       73  1.525796e-06
       74  2.198255e-05
       75  1.540460e-04
       76 -1.113015e-05
       77  9.256383e-07
       78  1.346210e-04
       79 -1.697390e-05
       80 -7.777979e-05
       81 -4.623704e-04
       82  1.757535e-05
       83 -2.536518e-05
       84 -5.326481e-04
       85  1.742755e-04
       86  1.673129e-04
       87 -1.358460e-05
       88  2.038819e-04
       89 -2.796041e-05
       90  6.638508e-06
       91  4.755829e-05
       92  4.091088e-05
       93 -1.248162e-04
       94 -3.848995e-05
       95  6.368763e-05
       96 -3.472991e-06
       97 -4.958452e-05
       98 -6.595829e-05
       99  1.702721e-04
      100 -4.395925e-06
      101  7.598870e-07
      102  8.200830e-06
      103 -9.208878e-05
      104 -1.702347e-04
      105 -3.470514e-04
      106 -8.749052e-05
      107 -1.689740e-04
      108 -2.201501e-06
      109  3.210460e-05
      110 -9.971762e-05
      111  2.439750e-06
      112 -5.115598e-04
      113  1.318651e-04
      114 -1.150875e-04
      115 -1.998754e-04
      116  9.779673e-05
      117  2.474659e-05
      118  1.849261e-04
      119  1.620160e-04
      120  5.333793e-04
      121  9.978140e-06
      122  8.914343e-06
      123  5.647354e-04
      124 -2.188932e-06
      125  5.373050e-05
      126 -6.958885e-05
      127 -2.015898e-04
      128  6.462243e-04
      129  1.495081e-03
      130  1.784315e-03
      131  6.400391e-04
      132  1.293006e-04
      133 -2.098984e-03
      134  1.446342e-04
      135  3.448002e-06
      136 -1.462727e-04
      137  7.386021e-05
      138  7.392926e-05
      139  1.723080e-08
      140 -2.020590e-04
      141  2.110050e-05
      142  2.081102e-04
      143  9.291248e-06
      144  1.522512e-05
      145 -4.495750e-08
      146 -7.783517e-07
      147 -8.622190e-04
      148 -1.613643e-03
      149 -1.485318e-03
      150  2.698764e-03
      151  2.593325e-03
      152 -2.037992e-04
      153  1.779584e-04
      154  6.491440e-04
      155  1.445528e-03
      156 -6.923018e-04
      157  4.092573e-06
      158 -7.590485e-04
      159 -4.880982e-05