pos          info
        0 -8.072209e-05
        1 -1.044241e-04
        2 -1.065763e-04
        3 -8.653266e-05
        4 -5.143497e-05
        5 -5.259946e-05
        6  2.378332e-07
        7  3.795947e-05
        8 -2.414778e-05
        9 -2.504039e-05
       10 -2.418308e-05
       11  2.872894e-05
       12 -6.267562e-06
       13 -3.506439e-05
       14 -2.566899e-05
       15  9.688047e-06
       16 -2.916667e-06
       17 -1.592877e-05
       18 -4.198262e-05
       19  7.058326e-05
       20  8.825883e-05
       21  2.447177e-05
       22 -8.523781e-05
       23 -9.703883e-06
       24  7.867226e-05
       25  1.084116e-04
       26  2.768172e-05
       27 -7.122478e-05
       28 -9.687459e-05
       29 -8.468421e-05
       30  1.277702e-05
       31 -1.136454e-05
       32 -4.734163e-05
       33 -4.421456e-05
       34 -2.400774e-05
       35  6.797189e-08
       36 -9.307614e-07
       37  1.274187e-05
       38  2.379818e-05
       39  1.986655e-05
       40 -9.311232e-05
       41 -2.848819e-05
       42 -2.152939e-05
       43  9.513970e-05
       44 -4.917111e-06
       45 -6.221003e-05
       46 -8.452418e-05
       47 -6.008124e-05
       48 -1.281471e-05
       49  1.521458e-05
       50  6.868990e-05
       51  1.583856e-04
       52  1.430151e-04
       53  8.581782e-05
       54 -1.519592e-05
       55 -2.352386e-05
       56 -5.465035e-05
       57 -1.546592e-05
       58 -1.501773e-05
       59  1.462682e-04
       60  1.644075e-04
       61  1.644349e-04
       62  5.151000e-05
       63  4.040863e-05
       64  7.458303e-06
       65  1.259884e-05
       66 -8.767391e-06
       67 -3.737321e-06
       68 -2.059563e-05
       69 -7.359726e-05
       70 -3.440060e-05
       71 -1.632301e-05
       72  5.282344e-05
       73  1.160658e-04
       74  8.323332e-05
       75  4.257868e-05
       76 -4.067581e-06
       77  6.904312e-06
       78  1.968276e-05
       79 -7.073590e-05
       80 -6.196882e-05
       81 -5.677227e-05
       82 -5.101596e-05
       83 -3.106515e-05
       84  8.041932e-05
       85  1.652803e-04
       86  1.410438e-04
       87  3.041162e-05
       88  4.007320e-06
       89  2.491230e-06
       90  7.397007e-05
       91  3.723229e-05
       92  3.565665e-05
       93 -2.428446e-05
       94  1.101080e-05
       95  1.359732e-05
       96  2.566313e-06
       97  1.786561e-06
       98 -2.317962e-05
       99 -6.386287e-05
      100 -2.437015e-05
      101 -2.831864e-05
      102 -1.005522e-05
      103 -5.363226e-05
      104 -1.532324e-05
      105  5.718075e-06
      106  6.521714e-06
      107 -7.511005e-06
      108 -5.896852e-06
      109  2.125925e-06
      110 -2.423372e-05
      111  2.110644e-04
      112  1.954783e-04
      113  1.595709e-04
      114 -5.092184e-05
      115 -2.344368e-05
      116  1.201577e-04
      117  1.085327e-04
      118  1.196163e-04
      119  4.127231e-05
      120  3.423777e-05
      121  9.040914e-05
      122  1.043095e-04
      123  9.717248e-05
      124 -7.774001e-06
      125 -9.311333e-05
      126  4.792926e-05
      127  2.905379e-04
      128  8.510418e-04
      129  7.496386e-04
      130  6.391590e-04
      131 -2.619423e-04
      132 -1.610798e-04
      133 -2.915157e-04
      134  1.224151e-04
      135 -1.352593e-05
      136  2.324217e-05
      137  1.950466e-05
      138  1.458094e-05
      139 -2.461267e-05
      140  5.135040e-05
      141  5.083835e-05
      142  7.299487e-05
      143  9.393980e-06
      144  8.857618e-06
      145 -5.964995e-04
      146 -1.051413e-03
      147 -1.533507e-03
      148 -5.376545e-04
      149  7.829887e-05
      150  5.184312e-04
      151  1.533461e-04
      152  1.343842e-05
      153  1.437758e-04
      154  4.247012e-06
      155 -3.255816e-05
      156 -2.662416e-04
      157  0.000000e+00
      158  0.000000e+00
      159  0.000000e+00