pos      val_A      val_C      val_G      val_T
   0   0.008925  -0.017034   0.004857   0.003251
   1   0.007267  -0.004705  -0.019859   0.017296
   2   0.017657  -0.025067   0.007677  -0.000267
   3   0.002349   0.021969  -0.017443  -0.006875
   4   0.005844  -0.005861  -0.000063   0.000080
   5  -0.000240  -0.004440   0.012240  -0.007559
   6   0.002064   0.018198   0.001507  -0.021769
   7  -0.005882   0.015328   0.003017  -0.012462
   8   0.005028  -0.016189   0.024498  -0.013337
   9   0.015247   0.002521  -0.011623  -0.006145
  10   0.000241   0.021792   0.005568  -0.027601
  11   0.002315  -0.014862   0.002189   0.010358
  12  -0.008513   0.027751   0.011495  -0.030733
  13   0.019716   0.009385  -0.009829  -0.019272
  14  -0.019837   0.007497  -0.006303   0.018644
  15   0.017698  -0.039575   0.004357   0.017520
  16   0.022448   0.003466  -0.025889  -0.000025
  17  -0.028419   0.007408   0.012070   0.008941
  18  -0.000727  -0.007918   0.005302   0.003343
  19  -0.027176   0.009833  -0.004910   0.022252
  20  -0.005301   0.023740   0.002284  -0.020723
  21  -0.012010  -0.002090   0.007355   0.006745
  22  -0.019136  -0.014118   0.037225  -0.003971
  23   0.011292  -0.019380   0.026880  -0.018792
  24   0.002575   0.027731  -0.016410  -0.013896
  25  -0.000649   0.006933  -0.013254   0.006970
  26   0.002706   0.002908   0.067091  -0.072704
  27  -0.041398   0.004155   0.002982   0.034262
  28   0.001252   0.011770   0.016142  -0.029164
  29   0.009092  -0.030085   0.013417   0.007576
  30   0.010099  -0.019569   0.020643  -0.011173
  31   0.004810  -0.006776   0.005872  -0.003907
  32  -0.013133  -0.025003   0.003732   0.034404
  33  -0.018440  -0.006529   0.018815   0.006154
  34   0.017164  -0.001470   0.012265  -0.027959
  35   0.018436   0.009956   0.003035  -0.031427
  36  -0.013077   0.004393   0.010238  -0.001554
  37  -0.009081   0.017144  -0.009405   0.001341
  38  -0.018429   0.003703  -0.003365   0.018091
  39   0.003904   0.003374   0.008183  -0.015460
  40  -0.004883   0.023430  -0.012969  -0.005578
  41  -0.034629   0.006996   0.015361   0.012273
  42   0.000314   0.005244   0.006493  -0.012051
  43  -0.020556   0.012863  -0.004173   0.011866
  44  -0.024406   0.002365   0.027265  -0.005224
  45  -0.009053  -0.005956   0.005282   0.009727
  46  -0.012916   0.039071  -0.038976   0.012821
  47   0.017236  -0.031487   0.018057  -0.003807
  48  -0.005582   0.009137   0.022449  -0.026005
  49   0.027368  -0.006340  -0.010934  -0.010093
  50   0.013325   0.005974  -0.009045  -0.010254
  51  -0.019727   0.004259   0.011617   0.003852
  52  -0.002203   0.009264  -0.000029  -0.007031
  53  -0.024103   0.016959   0.024061  -0.016918
  54  -0.003598   0.026340   0.005140  -0.027883
  55  -0.005374  -0.003779   0.007969   0.001184
  56   0.017707  -0.001970   0.000809  -0.016546
  57   0.014829   0.018437  -0.040604   0.007338
  58  -0.004257   0.023572   0.010708  -0.030023
  59  -0.008169   0.001327   0.008263  -0.001421
  60   0.010110  -0.020897   0.013802  -0.003015
  61  -0.003031  -0.020379   0.027815  -0.004406
  62   0.035652  -0.008502  -0.024944  -0.002205
  63  -0.005848   0.000355   0.022363  -0.016869
  64  -0.024846   0.000121   0.010722   0.014003
  65   0.010401  -0.009931   0.003716  -0.004186
  66   0.006299  -0.006159   0.015126  -0.015265
  67   0.014329  -0.000465  -0.014119   0.000255
  68   0.000811  -0.024563   0.022333   0.001419
  69  -0.019392   0.001691   0.010229   0.007473
  70  -0.011737   0.003290  -0.001907   0.010354
  71  -0.002134   0.018224  -0.007035  -0.009056
  72  -0.017258  -0.001888   0.019252  -0.000106
  73  -0.012444   0.018797  -0.005080  -0.001272
  74   0.016729  -0.020693  -0.012248   0.016212
  75   0.005623  -0.008747   0.009579  -0.006456
  76  -0.000345  -0.004167   0.017271  -0.012759
  77   0.019514   0.012849  -0.013831  -0.018532
  78   0.007629   0.018762   0.012508  -0.038899
  79  -0.021797   0.066435   0.002061  -0.046699
  80   0.018985   0.016576  -0.020144  -0.015418
  81   0.018082  -0.060577   0.017586   0.024909
  82  -0.009464  -0.008319   0.009835   0.007949
  83  -0.003895   0.007301   0.008790  -0.012195
  84  -0.002757   0.001918  -0.002838   0.003677
  85  -0.009306  -0.004456   0.005380   0.008382
  86   0.022817  -0.021820   0.004255  -0.005252
  87   0.018058   0.012455  -0.034717   0.004204
  88   0.030870  -0.006286   0.000240  -0.024823
  89   0.013679  -0.008512  -0.014261   0.009094
  90   0.000396   0.011629  -0.011698  -0.000326
  91   0.001060   0.004494  -0.013263   0.007709
  92  -0.007318  -0.024488   0.011164   0.020642
  93   0.010494  -0.001924   0.005937  -0.014507
  94   0.006346   0.009801  -0.007811  -0.008336
  95   0.014165  -0.018450   0.003610   0.000675
  96   0.011847   0.004716  -0.012851  -0.003712
  97   0.014124   0.009496   0.023025  -0.046645
  98  -0.014610  -0.016565   0.022831   0.008344
  99   0.018555   0.017269   0.020005  -0.055830
 100   0.020055   0.025328  -0.067500   0.022116
 101   0.057998  -0.031773  -0.004648  -0.021577
 102   0.014641   0.005332   0.011231  -0.031204
 103  -0.078042   0.021338   0.027749   0.028954
 104   0.022366   0.005725  -0.032472   0.004382
 105  -0.012669  -0.023254  -0.062296   0.098219
 106   0.028327  -0.032949  -0.005657   0.010279
 107   0.002139   0.004411   0.007185  -0.013736
 108   0.024397  -0.005255  -0.022117   0.002975
 109   0.008548  -0.009123   0.003640  -0.003065
 110  -0.013534   0.042748  -0.046587   0.017373
 111  -0.000848   0.008952  -0.015096   0.006993
 112   0.003885  -0.010282  -0.027859   0.034256
 113   0.012144  -0.013020  -0.019434   0.020310
 114   0.019665  -0.013590  -0.006689   0.000613
 115   0.026732   0.035588  -0.036941  -0.025380
 116   0.001996   0.003745  -0.006683   0.000943
 117   0.000266  -0.011799   0.012074  -0.000541
 118   0.014510   0.002985  -0.028401   0.010907
 119  -0.015557   0.032272  -0.030725   0.014010
 120  -0.009218  -0.000111   0.018361  -0.009032
 121   0.011251  -0.010024  -0.007153   0.005925
 122   0.022587  -0.000612  -0.029456   0.007481
 123   0.006506   0.020583  -0.025900  -0.001189
 124  -0.003193   0.012818  -0.001075  -0.008550
 125   0.008435   0.013201  -0.009059  -0.012577
 126   0.023782  -0.015164  -0.006095  -0.002523
 127  -0.000577   0.009845  -0.018849   0.009581
 128  -0.001828   0.004987  -0.007042   0.003884
 129   0.014610   0.018038  -0.031908  -0.000740
 130   0.036322  -0.012166  -0.012979  -0.011177
 131   0.015710   0.000065  -0.006960  -0.008814
 132  -0.005181  -0.002844  -0.004310   0.012335
 133  -0.026389  -0.006207   0.011065   0.021531
 134  -0.017622  -0.001120   0.016347   0.002395
 135   0.008317  -0.006398   0.005137  -0.007055
 136   0.019258   0.004834  -0.035526   0.011435
 137   0.005135  -0.006989  -0.003566   0.005420
 138  -0.017657   0.002759  -0.007739   0.022636
 139  -0.004613   0.007112  -0.016862   0.014362
 140   0.006318  -0.008179   0.003766  -0.001904
 141   0.000072  -0.011929  -0.001479   0.013335
 142  -0.013556   0.011360  -0.011060   0.013257
 143   0.018720   0.004384  -0.003961  -0.019143
 144   0.020153  -0.009774   0.001766  -0.012145
 145  -0.043766   0.006159   0.020016   0.017591
 146   0.010269  -0.019593   0.012483  -0.003159
 147  -0.021832  -0.003904   0.010896   0.014840
 148  -0.003579  -0.014134   0.006646   0.011067
 149  -0.014422  -0.003445   0.017465   0.000402
 150   0.003357  -0.001055   0.008833  -0.011135
 151  -0.014113   0.001725   0.023437  -0.011048
 152  -0.016729   0.005308   0.021313  -0.009892
 153  -0.010922   0.031164  -0.007358  -0.012883
 154   0.000656   0.018071  -0.012786  -0.005942
 155   0.010548   0.014618   0.013870  -0.039036
 156   0.028249   0.007083  -0.023936  -0.011397
 157   0.008767   0.016980  -0.001393  -0.024354
 158  -0.018120  -0.023880   0.028390   0.013610
 159   0.001379  -0.014562   0.009483   0.003701
 160   0.016005   0.006528  -0.058307   0.035775
 161   0.018388   0.001575  -0.042458   0.022495
 162   0.006897   0.008723  -0.035404   0.019784
 163   0.005581  -0.016485  -0.024563   0.035466
 164   0.010013   0.006071  -0.021786   0.005701
 165   0.006637   0.011029  -0.020506   0.002840
 166  -0.030630   0.003979  -0.006494   0.033146
 167  -0.026929  -0.000986   0.007167   0.020749
 168   0.001524   0.026584  -0.031133   0.003025
 169   0.009517  -0.020499  -0.006266   0.017247
 170  -0.015261  -0.002124  -0.007495   0.024880
 171  -0.024777   0.026756  -0.029544   0.027565
 172  -0.009143   0.027622  -0.004604  -0.013874
 173  -0.046329   0.041155  -0.029992   0.035166
 174   0.027183  -0.008312  -0.010112  -0.008759
 175  -0.032056   0.021046  -0.005440   0.016450
 176  -0.035730   0.008853   0.009789   0.017088
 177  -0.014691   0.005102   0.041151  -0.031562
 178  -0.006078  -0.012491   0.035613  -0.017044
 179  -0.026315  -0.016757   0.044755  -0.001683
