pos          info
        0 -1.262694e-05
        1 -1.143704e-04
        2  1.622249e-05
        3  4.364493e-06
        4 -5.014895e-06
        5 -1.269517e-05
        6 -2.170194e-05
        7  2.782080e-05
        8 -2.697749e-04
        9  3.796697e-05
       10  1.327782e-04
       11  8.590023e-05
       12 -4.634184e-05
       13 -2.180016e-07
       14 -3.631881e-05
       15 -1.088853e-04
       16 -8.922120e-06
       17  1.769276e-04
       18  1.315746e-06
       19  5.825347e-05
       20  3.569739e-05
       21 -6.318039e-05
       22 -7.383889e-04
       23 -1.108931e-04
       24 -7.131937e-06
       25  1.382965e-05
       26 -2.106846e-03
       27  1.655230e-04
       28  3.517841e-04
       29 -1.819479e-07
       30  5.018600e-06
       31  3.564462e-04
       32 -3.220435e-04
       33 -5.025265e-05
       34  1.585343e-05
       35  4.822050e-05
       36 -4.479724e-06
       37  4.559790e-05
       38  1.813018e-04
       39 -9.069160e-06
       40 -2.630436e-06
       41  7.653595e-07
       42 -1.444154e-04
       43  6.184093e-05
       44  1.568918e-05
       45  2.563015e-04
       46 -2.408662e-04
       47 -2.063714e-07
       48  1.481023e-07
       49  2.519643e-06
       50 -1.455830e-05
       51 -1.649766e-07
       52  1.366037e-04
       53  2.387334e-04
       54  2.083313e-04
       55  9.328788e-05
       56  1.147253e-04
       57  6.421473e-04
       58  6.784981e-04
       59  2.219415e-04
       60  6.891221e-06
       61  7.131523e-05
       62 -2.291885e-07
       63  5.325076e-06
       64  1.519714e-04
       65 -1.595948e-04
       66  6.378314e-05
       67  2.614530e-04
       68  1.736374e-06
       69 -6.379482e-05
       70  1.078038e-04
       71 -3.847109e-04
       72 -3.671186e-04
       73  1.252046e-04
       74 -1.961717e-06
       75  6.780532e-06
       76 -1.954404e-05
       77 -3.608845e-04
       78  1.903370e-04
       79 -3.325124e-03
       80  1.279067e-04
       81 -2.048100e-05
       82  5.358748e-05
       83  5.717029e-08
       84 -1.019154e-05
       85  1.471321e-05
       86 -4.598634e-07
       87 -1.928812e-04
       88  1.291473e-05
       89 -6.634816e-05
       90 -8.136373e-05
       91  1.599661e-04
       92  2.620624e-05
       93 -3.876385e-05
       94 -2.790190e-07
       95 -1.784462e-05
       96 -1.274636e-09
       97  6.177845e-04
       98 -2.059458e-07
       99  1.770526e-03
      100  1.166664e-03
      101 -8.420176e-04
      102  7.081740e-04
      103  2.273835e-03
      104 -2.930158e-05
      105 -3.527134e-03
      106 -3.408917e-05
      107  6.113878e-05
      108 -1.270499e-04
      109 -2.750363e-04
      110 -1.817437e-05
      111 -3.705373e-06
      112 -5.333750e-04
      113 -1.318916e-04
      114 -1.413225e-05
      115 -6.067863e-05
      116 -4.642820e-05
      117  2.725767e-05
      118  1.368136e-04
      119  1.412617e-04
      120 -6.467495e-06
      121  3.078007e-05
      122 -4.388088e-05
      123 -3.606381e-04
      124 -2.086987e-05
      125  3.975870e-05
      126 -6.288360e-07
      127  7.236862e-06
      128  3.241135e-06
      129  4.480495e-04
      130 -2.376561e-05
      131 -2.245017e-05
      132  1.198391e-05
      133  5.511575e-05
      134  1.499801e-05
      135  1.515965e-05
      136 -5.810020e-05
      137  1.279693e-06
      138 -6.521470e-05
      139  1.091786e-04
      140 -7.069340e-06
      141  1.080512e-04
      142  5.952281e-05
      143  3.561050e-04
      144  8.611258e-05
      145  4.563559e-04
      146  1.863944e-07
      147  8.546070e-05
      148  1.308358e-04
      149 -2.391008e-04
      150  2.986147e-05
      151 -1.775896e-05
      152 -2.283217e-05
      153  2.426765e-05
      154  2.831011e-06
      155  2.707183e-04
      156  4.030507e-05
      157 -5.621995e-06
      158  2.097458e-05
      159  1.126564e-05