pos          info
        0  1.881506e-05
        1  1.004988e-05
        2 -8.455409e-07
        3 -2.598162e-05
        4 -2.587359e-05
        5  4.725768e-05
        6  5.028284e-05
        7  6.952596e-05
        8  4.880813e-05
        9  6.929540e-05
       10  9.811874e-06
       11 -2.322669e-05
       12 -5.309843e-05
       13 -2.628424e-05
       14 -7.537185e-06
       15  1.754064e-05
       16  2.295785e-05
       17  3.568027e-05
       18  1.099134e-05
       19  3.920287e-05
       20 -1.154784e-04
       21 -1.837845e-04
       22 -2.155113e-04
       23 -8.739616e-05
       24 -6.832022e-04
       25 -6.473539e-04
       26 -5.577036e-04
       27  5.259336e-05
       28  3.017955e-05
       29 -2.899385e-05
       30 -1.501520e-05
       31 -6.693105e-06
       32  2.710499e-05
       33  7.286498e-05
       34  7.236270e-05
       35  6.366159e-05
       36  8.781391e-05
       37  8.328005e-05
       38  3.630795e-05
       39  2.988225e-05
       40 -8.901340e-06
       41  1.346411e-05
       42 -2.952421e-06
       43  6.660279e-05
       44 -3.431843e-05
       45 -4.152653e-05
       46  3.967759e-05
       47  1.165329e-04
       48  1.236647e-04
       49  1.671488e-05
       50  1.780432e-05
       51  4.069996e-05
       52  5.747835e-05
       53  4.636712e-05
       54  8.035104e-05
       55  1.218370e-04
       56  2.094904e-04
       57  1.535424e-04
       58  9.501890e-05
       59  4.497070e-05
       60 -1.694211e-05
       61  3.006432e-05
       62  4.026716e-05
       63  9.212646e-05
       64  5.374640e-05
       65  5.933353e-06
       66  6.304761e-05
       67  5.471032e-05
       68  8.852680e-05
       69  1.830302e-05
       70  1.514431e-05
       71  6.653480e-06
       72  1.461779e-05
       73  6.474237e-05
       74  3.985714e-05
       75  2.547887e-05
       76  1.263957e-04
       77  4.452532e-05
       78  9.455492e-05
       79 -6.450444e-05
       80  8.478410e-05
       81  2.766624e-05
       82  4.137861e-05
       83 -1.598764e-05
       84  2.638352e-06
       85 -3.293871e-05
       86 -4.834558e-05
       87 -5.199646e-05
       88 -1.772566e-05
       89 -3.239466e-06
       90  1.112134e-05
       91 -3.102625e-05
       92 -4.827681e-05
       93 -4.901305e-05
       94  4.750382e-06
       95  1.876827e-04
       96  1.869970e-04
       97  2.825680e-04
       98  2.782456e-04
       99 -1.253245e-04
      100 -1.998668e-04
      101  1.427543e-04
      102  5.644043e-04
      103 -1.511298e-04
      104 -7.237299e-04
      105 -7.418985e-04
      106 -2.050783e-04
      107 -1.450718e-04
      108 -3.210467e-04
      109 -1.766309e-04
      110 -3.084471e-04
      111 -2.174852e-04
      112 -2.169207e-04
      113 -1.415209e-04
      114 -5.938573e-05
      115 -5.931595e-05
      116  7.839476e-05
      117  8.244937e-05
      118  8.530943e-05
      119  6.055864e-07
      120 -5.598604e-05
      121 -1.186987e-04
      122 -1.158981e-04
      123 -4.770160e-05
      124  3.333246e-05
      125  3.390797e-05
      126  3.560270e-05
      127  5.968287e-05
      128  1.917310e-05
      129  5.377874e-06
      130 -3.294076e-05
      131  2.675337e-05
      132  2.776584e-05
      133 -9.974327e-06
      134 -4.569645e-05
      135 -7.300478e-05
      136 -5.192600e-05
      137 -3.082778e-05
      138 -4.437432e-06
      139  2.711246e-05
      140  3.370738e-05
      141  4.524346e-05
      142  2.161793e-05
      143  9.326886e-05
      144  9.376524e-05
      145  1.195296e-04
      146  3.657998e-05
      147  1.135722e-05
      148  1.775205e-05
      149  1.329965e-05
      150  2.624564e-05
      151 -6.786650e-06
      152  2.647580e-05
      153  1.686838e-04
      154  1.719009e-04
      155  1.427310e-04
      156  2.588299e-06
      157  0.000000e+00
      158  0.000000e+00
      159  0.000000e+00