pos          info
        0 -9.771589e-07
        1 -5.300088e-05
        2 -1.258291e-05
        3  1.200696e-05
        4 -1.325107e-06
        5 -2.914584e-05
        6 -7.261207e-05
        7  1.348360e-05
        8  6.363664e-05
        9 -2.155819e-06
       10  1.907768e-04
       11  4.381843e-05
       12 -1.998246e-04
       13 -2.858051e-05
       14 -1.505775e-05
       15 -6.115560e-05
       16  1.923830e-04
       17  1.921734e-04
       18 -1.024355e-05
       19  1.807300e-04
       20 -7.733930e-07
       21  1.837356e-06
       22 -3.636410e-04
       23 -1.777729e-04
       24 -1.768803e-04
       25  5.163441e-05
       26 -1.008168e-03
       27  4.847131e-04
       28  2.389844e-04
       29 -1.541380e-05
       30 -2.091678e-05
       31  1.397061e-05
       32 -9.646887e-06
       33  6.004335e-06
       34  1.650737e-04
       35 -1.295601e-06
       36 -3.458004e-06
       37  1.977789e-05
       38  8.650085e-05
       39 -1.183834e-06
       40  4.311172e-06
       41  2.260323e-04
       42 -1.401601e-05
       43  9.921843e-05
       44  1.271253e-04
       45 -5.093248e-06
       46 -3.837493e-04
       47 -6.374974e-05
       48  1.454405e-04
       49  1.312648e-05
       50  2.832090e-05
       51 -5.954419e-06
       52  9.244326e-06
       53  6.336294e-05
       54  2.194133e-04
       55  1.293054e-05
       56  4.696155e-05
       57  4.069476e-04
       58  2.183448e-04
       59  2.659733e-05
       60 -1.615020e-05
       61  7.818431e-05
       62 -2.584036e-04
       63  9.852030e-05
       64  1.236749e-04
       65 -1.711406e-05
       66  5.641055e-05
       67  5.676512e-05
       68  1.275610e-04
       69 -2.798812e-05
       70  2.004492e-05
       71 -6.512219e-05
       72  1.234672e-07
       73  4.227731e-05
       74 -7.325553e-05
       75  7.740322e-06
       76  3.634452e-07
       77 -8.739386e-05
       78  3.740647e-04
       79 -9.641699e-04
       80  1.135773e-04
       81 -1.416900e-04
       82  3.369607e-05
       83  1.914267e-06
       84 -1.280056e-06
       85 -4.349527e-06
       86 -1.162623e-04
       87 -7.447917e-05
       88  1.514442e-04
       89 -2.781202e-05
       90 -4.139507e-07
       91  4.387493e-05
       92  1.070792e-05
       93 -7.176317e-06
       94 -1.118350e-05
       95 -5.167563e-05
       96  3.766092e-05
       97  4.420418e-04
       98 -1.451064e-04
       99  7.679268e-04
      100  1.036541e-03
      101 -7.219223e-04
      102  2.496657e-04
      103  1.510626e-03
      104 -4.056346e-06
      105 -2.208073e-03
      106 -1.881285e-04
      107  3.574278e-05
      108 -1.474198e-04
      109 -2.211077e-05
      110 -4.462497e-04
      111  6.913942e-08
      112 -2.951691e-04
      113 -9.728666e-05
      114 -4.154093e-06
      115 -3.202414e-04
      116 -1.316855e-06
      117  7.381025e-07
      118  1.877672e-04
      119  6.104723e-05
      120  1.345495e-07
      121 -1.857918e-05
      122 -1.332226e-04
      123 -7.966862e-05
      124  2.440438e-05
      125  2.390139e-05
      126  5.401775e-05
      127  3.984796e-06
      128  2.051444e-07
      129  2.469618e-04
      130 -3.249376e-04
      131  3.573774e-07
      132 -4.440080e-05
      133  1.862201e-04
      134  7.119178e-05
      135 -1.073358e-05
      136 -6.184919e-05
      137 -1.267141e-05
      138 -1.322513e-04
      139  4.678294e-06
      140 -4.692292e-06
      141  3.400712e-05
      142  5.088753e-05
      143  7.881339e-05
      144  1.582954e-07
      145  4.710305e-04
      146  1.014641e-04
      147  1.085671e-04
      148  4.664612e-06
      149 -7.105805e-05
      150  1.668873e-05
      151  1.128710e-06
      152  2.231433e-05
      153  9.058248e-06
      154  5.251282e-05
      155  3.966173e-04
      156  2.226343e-05
      157  1.404817e-04
      158  1.283932e-04
      159  6.179894e-05