pos          info
        0 -9.461422e-05
        1  1.810564e-04
        2 -5.649097e-05
        3  8.329852e-05
        4 -1.916347e-06
        5 -2.970847e-08
        6 -1.182765e-05
        7  3.564980e-05
        8  7.695878e-05
        9 -3.147439e-05
       10  3.924255e-05
       11  1.253982e-05
       12 -1.365307e-04
       13 -1.662672e-05
       14  2.711140e-05
       15  9.503106e-05
       16  1.002092e-04
       17  1.869047e-05
       18 -1.356212e-04
       19  7.356084e-05
       20  3.516026e-05
       21 -9.694616e-05
       22 -6.155249e-05
       23 -1.874231e-05
       24 -1.509787e-04
       25  4.988587e-05
       26 -1.486862e-04
       27  1.542929e-05
       28 -3.796756e-04
       29 -5.505016e-05
       30  2.153499e-04
       31 -2.173301e-05
       32 -4.116728e-05
       33  4.771967e-06
       34  4.678648e-05
       35  4.709923e-05
       36 -2.219438e-04
       37 -3.381537e-06
       38  2.392392e-06
       39 -3.461191e-06
       40 -1.793327e-06
       41  1.685450e-04
       42  1.575463e-06
       43 -1.192999e-04
       44 -1.548495e-05
       45 -6.045536e-05
       46  3.067195e-09
       47  2.174976e-05
       48 -1.784533e-05
       49 -6.570669e-04
       50  4.174539e-05
       51 -5.078907e-06
       52  4.120760e-05
       53 -5.950201e-06
       54 -3.208648e-06
       55 -5.471749e-05
       56  7.143163e-05
       57  1.335936e-05
       58 -1.089872e-06
       59  2.478601e-05
       60  1.151600e-05
       61 -8.188731e-05
       62 -3.492598e-04
       63  6.331265e-05
       64 -7.491066e-06
       65  3.258450e-04
       66  1.253097e-05
       67 -2.251241e-05
       68 -8.491536e-05
       69 -6.539042e-05
       70  2.429729e-06
       71 -4.736611e-04
       72 -3.076549e-05
       73  1.042800e-05
       74  3.462148e-05
       75  1.562222e-04
       76  2.864205e-06
       77 -1.049005e-04
       78  7.509767e-05
       79 -8.453880e-06
       80  8.183741e-06
       81  1.220940e-04
       82  2.645065e-05
       83 -1.353613e-04
       84  2.237460e-06
       85  1.912734e-04
       86 -5.280285e-05
       87  4.175920e-05
       88  2.328279e-04
       89 -2.759182e-05
       90  4.496744e-08
       91  1.546311e-04
       92 -2.136465e-03
       93  1.352496e-04
       94 -2.167485e-05
       95  1.526381e-05
       96  9.073537e-05
       97 -1.491004e-04
       98 -3.507738e-05
       99  3.483903e-04
      100  2.454968e-04
      101 -3.994667e-03
      102  6.424965e-05
      103 -9.048029e-05
      104  1.457915e-06
      105 -1.052391e-04
      106  5.773557e-07
      107  4.054673e-05
      108  9.377738e-08
      109 -5.861380e-05
      110  3.550600e-05
      111  2.033861e-08
      112 -3.725183e-05
      113 -5.565575e-05
      114 -9.239423e-05
      115  4.651526e-07
      116  6.308530e-05
      117 -2.785628e-05
      118  3.693944e-05
      119  2.914071e-05
      120  4.086880e-05
      121  1.083223e-04
      122  1.316120e-04
      123  1.291768e-05
      124 -5.017553e-05
      125 -9.391175e-06
      126  1.740867e-04
      127 -2.322210e-05
      128 -1.890365e-06
      129  1.452853e-04
      130  1.936039e-05
      131 -1.246836e-04
      132 -7.666695e-06
      133 -1.028485e-04
      134 -4.684598e-04
      135 -1.313789e-04
      136 -7.283862e-05
      137  2.869064e-04
      138  9.791094e-05
      139  1.616963e-05
      140 -3.665299e-05
      141  5.664897e-05
      142 -4.704094e-05
      143 -8.586766e-05
      144 -7.263675e-05
      145 -2.375172e-04
      146  4.033079e-06
      147  5.076069e-07
      148 -7.143087e-07
      149  8.788770e-06
      150 -7.649782e-06
      151 -2.105820e-05
      152  4.408905e-05
      153  2.114628e-05
      154 -1.078184e-04
      155  5.610538e-05
      156  1.483774e-09
      157  2.223331e-05
      158 -3.297833e-07
      159 -1.394083e-06