pos      val_A      val_C      val_G      val_T
   0   0.002761  -0.000881  -0.000573  -0.001307
   1  -0.017678   0.004554   0.021264  -0.008140
   2  -0.014427   0.010954   0.001151   0.002322
   3  -0.003854   0.020663   0.002927  -0.019736
   4  -0.001758  -0.028281   0.014021   0.016017
   5  -0.015887   0.015082   0.017301  -0.016496
   6   0.019942  -0.005397  -0.014514  -0.000031
   7   0.006380  -0.011855  -0.004710   0.010185
   8   0.008663  -0.033228   0.026478  -0.001912
   9   0.036408  -0.001669  -0.017455  -0.017284
  10   0.008596   0.000947  -0.008736  -0.000808
  11  -0.015204  -0.000733  -0.001953   0.017890
  12   0.019800   0.007400  -0.014829  -0.012370
  13  -0.012415   0.001285   0.027755  -0.016626
  14   0.016202  -0.005838  -0.025662   0.015298
  15   0.006654  -0.008526  -0.002444   0.004316
  16   0.007603  -0.014283   0.012755  -0.006075
  17   0.035744  -0.010092  -0.006236  -0.019415
  18  -0.015853  -0.007793   0.013425   0.010220
  19   0.015666   0.019256  -0.038607   0.003686
  20  -0.009669   0.020427   0.010684  -0.021442
  21  -0.018333   0.005083   0.021084  -0.007835
  22   0.013128   0.008553   0.002912  -0.024593
  23  -0.010655  -0.009675   0.001396   0.018935
  24   0.015768   0.016988  -0.027317  -0.005439
  25  -0.010147  -0.005162   0.006406   0.008903
  26   0.003313  -0.007154   0.033624  -0.029783
  27   0.010384  -0.031277  -0.015770   0.036663
  28   0.024089  -0.033477  -0.009570   0.018959
  29  -0.013606   0.007848   0.014099  -0.008341
  30  -0.005152   0.015763  -0.011669   0.001058
  31  -0.009736   0.015559  -0.003498  -0.002324
  32  -0.005413  -0.001460  -0.007259   0.014132
  33  -0.025128   0.021751  -0.005195   0.008572
  34   0.001071   0.019570  -0.011505  -0.009136
  35  -0.004603   0.010101  -0.005590   0.000092
  36   0.017754   0.012494   0.000480  -0.030728
  37  -0.009291   0.011693  -0.015153   0.012751
  38   0.035501  -0.008314  -0.017797  -0.009390
  39   0.008531   0.004737   0.000407  -0.013676
  40  -0.001060   0.000897   0.000910  -0.000747
  41  -0.007562   0.008717  -0.004656   0.003502
  42  -0.013253  -0.022520   0.020205   0.015568
  43   0.007620  -0.026403  -0.009667   0.028450
  44   0.003932  -0.000925  -0.005897   0.002891
  45   0.012286  -0.027792   0.010203   0.005303
  46   0.015430  -0.019061   0.007774  -0.004143
  47  -0.001233  -0.001968   0.019687  -0.016487
  48   0.019742  -0.017532  -0.002218   0.000008
  49  -0.008847  -0.032288   0.008478   0.032656
  50  -0.012349  -0.011787   0.015552   0.008584
  51   0.004503  -0.015443   0.002625   0.008315
  52  -0.019056   0.016551   0.009605  -0.007100
  53  -0.013046   0.014625   0.000370  -0.001949
  54  -0.001902  -0.006021  -0.001937   0.009860
  55   0.023748  -0.017378  -0.002152  -0.004218
  56  -0.018503  -0.002541  -0.000825   0.021869
  57  -0.006280  -0.012289   0.014129   0.004440
  58   0.012133  -0.023045   0.000498   0.010414
  59   0.000098   0.005738  -0.033615   0.027779
  60   0.010696  -0.014287   0.011470  -0.007879
  61  -0.004617   0.009939  -0.006567   0.001244
  62   0.044341  -0.046034   0.003210  -0.001517
  63   0.016079   0.008698  -0.031830   0.007053
  64   0.018473  -0.017605  -0.004863   0.003994
  65  -0.020571  -0.000856  -0.018727   0.040154
  66  -0.003295  -0.000519  -0.004926   0.008740
  67  -0.018518   0.017834  -0.007720   0.008404
  68   0.001305  -0.009489  -0.000541   0.008725
  69  -0.002630  -0.018702  -0.048772   0.070104
  70  -0.010272  -0.029442   0.010924   0.028790
  71   0.015590  -0.039351  -0.025099   0.048859
  72  -0.033851  -0.007317  -0.009366   0.050534
  73   0.019661  -0.008605  -0.013893   0.002838
  74   0.003321  -0.006721  -0.011177   0.014577
  75  -0.012117   0.006124   0.006716  -0.000723
  76   0.035928  -0.018925  -0.032411   0.015408
  77  -0.003967  -0.014529   0.033676  -0.015180
  78  -0.041266   0.010303   0.033077  -0.002115
  79  -0.011838   0.004848   0.013290  -0.006300
  80  -0.001202  -0.016175   0.011575   0.005803
  81  -0.019611   0.004634   0.007234   0.007743
  82   0.007687   0.018141  -0.009724  -0.016104
  83  -0.014424   0.014512   0.028033  -0.028121
  84   0.016427   0.007948  -0.027080   0.002705
  85   0.019207  -0.008944  -0.021870   0.011607
  86   0.007309  -0.019354  -0.002154   0.014199
  87   0.010150  -0.008960  -0.011376   0.010186
  88  -0.012144  -0.002816  -0.032679   0.047638
  89  -0.013225   0.012143  -0.004006   0.005088
  90   0.009171  -0.001865   0.000785  -0.008091
  91  -0.003171  -0.018217  -0.027117   0.048505
  92   0.192126  -0.061471  -0.119609  -0.011046
  93   0.028704  -0.015047  -0.002483  -0.011174
  94   0.027787  -0.014709   0.016219  -0.029297
  95   0.010189   0.015645   0.001728  -0.027562
  96  -0.009652  -0.006064  -0.000823   0.016539
  97  -0.006475  -0.023129   0.025645   0.003959
  98  -0.018340  -0.036295   0.024460   0.030175
  99   0.021548  -0.029662  -0.026899   0.035013
 100  -0.006393  -0.015475  -0.012911   0.034780
 101  -0.147013  -0.026507   0.157787   0.015734
 102   0.018347  -0.005825  -0.013207   0.000685
 103   0.013977  -0.012997   0.021597  -0.022577
 104   0.016267  -0.018536   0.004238  -0.001969
 105  -0.006311  -0.002355  -0.015216   0.023882
 106   0.011710  -0.011728   0.009117  -0.009100
 107   0.006721  -0.019511   0.004789   0.008001
 108  -0.002907   0.005546   0.012679  -0.015318
 109  -0.015756  -0.004134   0.006401   0.013489
 110  -0.001996  -0.011688  -0.016617   0.030301
 111  -0.008996  -0.012606   0.008765   0.012837
 112   0.020040   0.011725  -0.022173  -0.009592
 113   0.012818  -0.030484  -0.008969   0.026635
 114  -0.008210   0.026496  -0.008751  -0.009535
 115  -0.020266  -0.023768   0.042671   0.001364
 116  -0.010261   0.005957   0.011042  -0.006738
 117   0.003139  -0.016283  -0.006063   0.019207
 118  -0.006696   0.015792  -0.008637  -0.000459
 119   0.000796  -0.024889   0.013013   0.011079
 120  -0.002329   0.006351  -0.001228  -0.002794
 121  -0.017280  -0.019079   0.005704   0.030654
 122   0.023147  -0.018253   0.001350  -0.006244
 123  -0.016392   0.003309  -0.005038   0.018122
 124  -0.000775  -0.020441   0.012045   0.009171
 125   0.011600  -0.016350   0.012065  -0.007314
 126   0.001180  -0.020977  -0.010180   0.029977
 127  -0.009844  -0.013851   0.005207   0.018488
 128  -0.007055   0.004316   0.003968  -0.001229
 129   0.002517   0.028222  -0.023079  -0.007661
 130  -0.001269   0.000860   0.014754  -0.014345
 131  -0.002208   0.013211   0.002854  -0.013858
 132  -0.019235   0.016052   0.015810  -0.012626
 133  -0.036481   0.018030   0.011985   0.006466
 134   0.016686  -0.040144   0.007828   0.015630
 135  -0.010972   0.029023  -0.031597   0.013546
 136   0.034492  -0.043308  -0.013717   0.022533
 137  -0.003918  -0.014321  -0.007361   0.025599
 138  -0.008683  -0.003950  -0.008477   0.021110
 139  -0.002995  -0.012132   0.024968  -0.009841
 140   0.026550   0.011720  -0.012126  -0.026144
 141  -0.010045   0.007232  -0.000326   0.003139
 142   0.022549  -0.025016   0.002999  -0.000533
 143   0.018693  -0.021190  -0.015191   0.017687
 144  -0.023722   0.009249  -0.020446   0.034918
 145   0.026807  -0.030047   0.006139  -0.002898
 146   0.002682  -0.007892   0.008241  -0.003031
 147  -0.017464   0.013479   0.005730  -0.001745
 148   0.008074  -0.008764   0.004115  -0.003426
 149  -0.007788   0.020236  -0.011845  -0.000604
 150  -0.002065  -0.009467   0.020560  -0.009027
 151   0.008035   0.001425   0.001163  -0.010623
 152   0.010074   0.002718  -0.007863  -0.004929
 153   0.000333  -0.004471   0.009604  -0.005466
 154  -0.017058   0.015379  -0.001183   0.002862
 155   0.009762  -0.016894   0.005655   0.001478
 156  -0.001531   0.005914   0.006140  -0.010524
 157   0.003576   0.004026  -0.010907   0.003305
 158  -0.025689   0.031163  -0.000529  -0.004944
 159   0.003609   0.009204  -0.010479  -0.002334
 160  -0.017314  -0.007261   0.043006  -0.018431
 161   0.017861  -0.020648   0.030017  -0.027229
 162   0.013569   0.019943  -0.005648  -0.027864
 163   0.004090  -0.034596   0.023770   0.006735
 164   0.000435   0.000180  -0.003717   0.003103
 165  -0.007733  -0.002874  -0.003451   0.014058
 166   0.005485  -0.013312   0.023750  -0.015924
 167   0.003604  -0.026783   0.020970   0.002208
 168   0.037991  -0.015173  -0.017663  -0.005155
 169   0.024773  -0.025417   0.007431  -0.006787
 170   0.047351  -0.022493  -0.013323  -0.011534
 171   0.011944  -0.014307   0.001768   0.000595
 172   0.039101  -0.006749  -0.029724  -0.002629
 173   0.034194  -0.013316  -0.023458   0.002580
 174   0.074161  -0.037527  -0.030779  -0.005856
 175   0.025510  -0.012440  -0.015173   0.002103
 176   0.052691   0.010047  -0.076759   0.014021
 177   0.029949  -0.019466  -0.034433   0.023950
 178   0.028979  -0.003550  -0.062614   0.037185
 179   0.022767   0.021332  -0.078389   0.034290
