pos      val_A      val_C      val_G      val_T
  79   0.029773  -0.018053  -0.004807  -0.006913
  80  -0.035626  -0.020160   0.001401   0.054386
  81  -0.045729   0.066786   0.019380  -0.040436
  82   0.074800   0.000421  -0.016892  -0.058328
  83  -0.042141   0.084400  -0.079299   0.037040
  84   0.028439  -0.019601  -0.007739  -0.001099
  85  -0.060727   0.033213   0.054922  -0.027408
  86   0.095344  -0.038099  -0.030883  -0.026362
  87   0.057635   0.054023  -0.073585  -0.038072
  88   0.050551  -0.014425  -0.026855  -0.009271
  89   0.062473  -0.037152  -0.003386  -0.021934
  90  -0.006459  -0.006108  -0.016915   0.029482
