pos       info
        0  -0.000015
        1  -0.000016
        2   0.000070
        3   0.000056
        4   0.000094
        5   0.000048
        6   0.000072
        7   0.000082
        8   0.000056
        9   0.000083
       10   0.000017
       11   0.000114
       12   0.000064
       13   0.000131
       14   0.000050
       15   0.000073
       16   0.000085
       17   0.000033
       18   0.000005
       19  -0.000041
       20  -0.000020
       21   0.000028
       22   0.000034
       23   0.000120
       24   0.000160
       25   0.000141
       26  -0.000126
       27  -0.000104
       28  -0.000094
       29   0.000103
       30   0.000001
       31  -0.000020
       32  -0.000098
       33  -0.000090
       34  -0.000127
       35  -0.000018
       36  -0.000026
       37   0.000031
       38   0.000047
       39   0.000089
       40   0.000093
       41   0.000105
       42   0.000213
       43   0.000237
       44   0.000185
       45   0.000046
       46   0.000020
       47   0.000143
       48   0.001119
       49   0.002754
       50   0.004083
       51   0.003797
       52   0.002212
       53   0.001020
       54   0.000607
       55   0.000644
       56   0.000359
       57   0.000068
       58   0.000002
       59   0.000156
       60   0.000156
       61   0.000129
       62  -0.000008
       63  -0.000008
       64   0.000002
       65   0.000391
       66   0.000487
       67   0.000549
       68   0.000159
       69  -0.000220
       70  -0.000340
       71  -0.000551
       72   0.002567
       73   0.002812
       74   0.002904
       75   0.001188
       76   0.002746
       77   0.002740
       78   0.001624
       79  -0.000137
       80  -0.000041
       81  -0.000040
       82  -0.000024
       83  -0.000075
       84  -0.000092
       85  -0.000081
       86   0.000004
       87   0.000005
       88  -0.000015
       89  -0.000051
       90  -0.000007
       91  -0.000003
       92   0.000031
       93   0.000020
       94   0.000225
       95   0.000241
       96   0.000218
       97  -0.000070
       98  -0.000087
       99  -0.000029
      100   0.000166
      101   0.000168
      102   0.000199
      103   0.000102
      104   0.000100
      105   0.000009
      106  -0.000091
      107  -0.000042
      108  -0.000019
      109  -0.000003
      110  -0.000047
      111  -0.000054
      112   0.000046
      113   0.000041
      114   0.000020
      115   0.000062
      116  -0.000053
      117  -0.000089
      118  -0.000228
      119  -0.000154
      120  -0.000140
      121  -0.000077
      122  -0.000034
      123  -0.000051
      124  -0.000057
      125  -0.000026
      126   0.000035
      127   0.000048
      128  -0.000005
      129  -0.000025
      130  -0.000030
      131  -0.000127
      132  -0.000126
      133  -0.000153
      134  -0.000027
      135  -0.000127
      136  -0.000149
      137  -0.000157
      138  -0.000090
      139   0.000012
      140  -0.000015
      141   0.000052
      142   0.000019
      143   0.000021
      144  -0.000019
      145  -0.000032
      146   0.000016
      147  -0.000009
      148  -0.000011
      149  -0.000019
      150   0.000027
      151   0.000033
      152   0.000066
      153  -0.000015
      154  -0.000021
      155  -0.000093
      156  -0.000018
      157   0.000000
      158   0.000000
      159   0.000000