pos      val_A      val_C      val_G      val_T
  54  -0.000765  -0.004776   0.000917   0.004624
  55  -0.009041  -0.013918   0.041720  -0.018761
  56  -0.005060  -0.033107   0.004910   0.033258
  57  -0.051892  -0.023911  -0.030356   0.106158
  58  -0.021867   0.116710  -0.055926  -0.038916
  59   0.092492   0.001157  -0.019092  -0.074557
  60   0.023050   0.073783  -0.060726  -0.036106
  61   0.085884  -0.066849   0.027640  -0.046676
  62   0.051495  -0.057903   0.022359  -0.015951
  63   0.092576  -0.020208  -0.041822  -0.030547
  64   0.062487  -0.014504  -0.033989  -0.013995
  65  -0.000218   0.013275  -0.029739   0.016681
  66   0.008293   0.006962  -0.027954   0.012699
  67   0.039096  -0.013895  -0.000932  -0.024268
  68   0.069549  -0.062100   0.011410  -0.018859
  69   0.039987  -0.009685  -0.020273  -0.010029
  70   0.049967  -0.039429  -0.011342   0.000803
