pos          info
        0 -4.858491e-05
        1  1.999719e-05
        2  1.120970e-04
        3  4.090658e-04
        4  5.080746e-05
        5  7.064346e-06
        6  5.494553e-07
        7 -1.058514e-04
        8 -2.034655e-05
        9 -7.599479e-05
       10  4.417176e-05
       11 -5.989414e-05
       12 -8.616564e-08
       13 -5.567508e-05
       14 -4.052407e-04
       15 -2.973818e-05
       16  6.812374e-05
       17 -1.070321e-04
       18 -6.033326e-07
       19 -1.138896e-05
       20 -2.681291e-05
       21 -1.605380e-05
       22 -3.633347e-04
       23 -4.891728e-05
       24 -2.616379e-05
       25  1.277218e-08
       26 -6.814044e-09
       27 -1.667068e-05
       28 -6.857458e-05
       29 -1.359421e-06
       30 -2.500131e-04
       31 -4.262410e-05
       32 -1.013631e-04
       33 -2.663417e-04
       34 -3.882082e-05
       35 -3.820412e-04
       36 -2.693815e-07
       37 -1.932412e-05
       38 -1.334415e-04
       39 -4.016915e-04
       40 -5.412383e-05
       41 -2.141893e-04
       42 -4.299631e-04
       43 -5.379348e-05
       44 -1.120869e-04
       45 -9.683941e-05
       46 -5.900454e-04
       47  7.856244e-05
       48  8.857800e-04
       49 -8.771516e-05
       50 -1.247901e-10
       51 -2.213789e-04
       52 -3.726542e-04
       53  8.478742e-05
       54  4.076240e-05
       55 -7.534125e-06
       56  4.262233e-04
       57 -1.820268e-04
       58  8.397233e-05
       59  6.478256e-04
       60  1.398341e-03
       61  1.600327e-04
       62  2.110928e-04
       63 -7.001569e-05
       64 -1.400311e-06
       65 -4.345362e-05
       66 -9.710060e-04
       67 -5.447952e-04
       68 -4.210753e-05
       69 -4.275381e-04
       70 -4.306363e-06
       71 -7.131624e-04
       72  3.713422e-07
       73  5.923101e-04
       74  4.331251e-03
       75  4.433152e-04
       76 -2.898968e-05
       77 -3.333132e-06
       78 -1.143931e-04
       79 -1.070538e-04
       80  2.455623e-04
       81  7.149573e-05
       82  1.681001e-04
       83 -4.827838e-04
       84 -3.747333e-09
       85 -8.835164e-05
       86 -3.368478e-04
       87 -2.368935e-04
       88  8.930374e-07
       89 -2.287382e-06
       90  2.876735e-05
       91  4.193951e-04
       92  8.323804e-06
       93  6.587411e-04
       94 -4.070500e-05
       95 -1.099320e-04
       96 -8.443114e-06
       97 -9.592427e-05
       98  1.429301e-05
       99 -1.304513e-04
      100  2.218739e-05
      101 -4.845906e-05
      102  4.009360e-05
      103  5.099015e-05
      104 -3.565861e-05
      105 -1.043365e-04
      106 -9.448430e-04
      107 -4.897224e-04
      108 -3.047140e-04
      109 -8.048072e-05
      110 -8.950171e-04
      111 -3.065489e-04
      112 -5.709030e-04
      113  1.684361e-04
      114  9.458458e-05
      115  3.339372e-05
      116  2.353730e-05
      117  1.061319e-05
      118  1.624578e-05
      119  1.910117e-04
      120  3.538976e-04
      121 -8.797221e-09
      122 -3.322577e-05
      123 -2.701733e-07
      124 -1.110683e-04
      125  2.975966e-05
      126  4.901087e-06
      127  2.787519e-04
      128 -2.141715e-05
      129 -2.998284e-05
      130 -1.398048e-05
      131 -2.371025e-04
      132 -1.349439e-04
      133 -1.066896e-04
      134 -3.882925e-06
      135 -6.551542e-05
      136 -9.930842e-05
      137 -7.425606e-05
      138 -7.795792e-06
      139  1.134437e-05
      140  1.736836e-06
      141 -5.253450e-06
      142 -3.610827e-05
      143 -6.339889e-04
      144 -1.020932e-06
      145 -5.607244e-05
      146 -2.203906e-06
      147 -5.438440e-05
      148 -7.401062e-05
      149 -1.044286e-06
      150 -2.109647e-04
      151  1.029600e-05
      152  8.873405e-06
      153  1.200501e-03
      154 -4.153014e-04
      155 -3.381437e-04
      156 -5.938546e-05
      157 -6.085321e-06
      158 -1.225786e-05
      159 -2.077246e-04