-3.450922119284385164e-02
-3.368875544376168651e-01
1.059866608033366020e-01
9.989287419690767722e-03
1.403745512089484559e-01
-3.709609936293137289e-01
-2.397098329922229820e-01
1.122879903193222950e-01
7.733106728662490770e-02
1.349194758434255070e-01
1.566291836380248048e-01
-1.109817173231374687e-01
-2.024148383287535657e-02
3.017777889942169223e-02
-2.514783865760932824e-01
5.486033964334505186e-02
-4.734509338155634683e-02
9.523698215907119846e-02
-1.251201635787876736e-02
6.731582401143816619e-02
-7.255845736970238657e-03
5.828616192741878366e-02
4.910568385837691535e-02
6.692707191032293279e-02
2.328056623701067473e-01
-3.119658882275519463e-02
-4.123604675487530652e-02
1.246124307245674301e-01
8.540765431033228716e-03
-1.744082454241643876e-01
3.047819509967234636e-02
1.811200193576821202e-02
-2.241227901357572064e-02
4.665405240134354314e-03
-5.581006455706926522e-02
-5.492820788196994819e-02
-7.330031567536046677e-03
-8.094319888904570603e-02
2.008565253501389813e-01
1.343961864218207736e-01
-1.734249738710762212e-02
2.308913817229610310e-02
2.130800579172550668e-01
-5.851303698304598233e-02
-1.346584739403795528e-01
-1.407473396686925726e-02
5.297799242298174838e-02
3.763688014291169393e-02
-1.347061697215293508e-01
7.571227770358063269e-02
4.796546365483562308e-02
-1.202119332637969218e-01
1.513041645539393021e-01
-3.102874753757774856e-02
3.850654943175682576e-02
4.076202395771606757e-02
2.219867718741430629e-02
-5.192685896691930092e-02
7.532518061412163402e-02
2.403291408927943698e-03
9.795993944311305601e-02
-1.352276186660434851e-02
-8.876752907180920915e-02
-1.003950095804279630e-01
-1.353664031790204336e-01
-1.695255778164154736e-01
2.079476230455511443e-01
4.931030527079455217e-02
1.910310077203202228e-01
2.022374201867950805e-01
-9.463638267930418735e-02
-1.039833930078933599e-01
9.665106019677094373e-02
1.977708339552892436e-01
8.465589368941130177e-02
-6.949890006551835697e-03
-5.232373524473629689e-02
-3.062250103774559751e-01
9.485643908561253168e-02
-2.539705505520516160e-02
1.058062979249035501e-01
6.094027312635420524e-01
3.478453640697900529e-01
4.104731334371231055e-01
4.932730967876452488e-01
-9.626623735345660182e-02
2.496477787119849023e-01
4.337929717500018656e-01
-8.652219314184415866e-02
-1.444470986333954432e-01
-1.146981670563785027e-01
1.686216378462200016e-01
-2.135263313216624881e-01
-1.500405477032920598e-01
-3.957631104265099120e-01
-2.086505830155409857e-01
6.074658920718688238e-02
-2.707737591419575041e-01
1.209803399226118958e-01
3.100184642016320380e-01
9.404196823226444735e-02
-1.692993275313935467e-02
4.968732224638332251e-02
-9.465658992788618387e-02
5.511278454438166552e-01
3.591859544356675871e-01
-2.726189680647703728e-01
3.367206827335829100e-01
3.956764262857659920e-01
-5.221215788404710567e-01
-3.202879231881485822e-01
-1.977457534966916564e-01
6.232331432007720551e-02
-8.449226139853943662e-02
1.322452735428818749e-01
-9.066170290108453711e-02
-1.177656197598001830e-01
-1.277678672291328033e-01
8.412351534476024406e-02
-8.752046391534047676e-02
-1.552583426260330801e-01
-8.327170967221270148e-03
1.090195241026713502e-01
1.209978156293155527e-01
1.224484293030921322e-01
1.821603077090260536e-01
5.400099877415687200e-03
-3.191000290433652908e-02
7.788906184523748666e-03
-5.782306150099192354e-02
-7.459017986723173732e-02
1.730292266294161663e-01
1.138739623619251101e-01
1.635714915785541068e-03
-5.331841532250515547e-02
2.390688994125621594e-02
-3.004552588341945496e-01
-3.729217086862437469e-01
5.868219217640591179e-02
-2.560304328060501455e-01
1.751061584691072925e-02
2.581615135053491605e-02
1.862183335498813208e-01
-3.464366535829002669e-03
7.364943122413214471e-02
6.582755394411098082e-02
4.456684859656479675e-02
2.137396021665488588e-03
1.058350437699495661e-02
-4.549823421535242884e-02
3.893592667385661898e-03
-1.824063033721154414e-02
1.356787866795366310e-02
5.544954228169238220e-02
3.431109361984695239e-02
3.796192216560731469e-02
1.666191072384217570e-02
-3.097415338020756415e-02
-7.879898781268716151e-03
-1.729009144365424022e-01
