pos      val_A      val_C      val_G      val_T
   0   0.014540   0.001685  -0.022539   0.006314
   1   0.023509  -0.002869  -0.023115   0.002475
   2  -0.003412   0.020748  -0.016885  -0.000451
   3   0.009721  -0.001487  -0.020443   0.012209
   4  -0.011957  -0.000411   0.021063  -0.008694
   5  -0.008291   0.014834  -0.004469  -0.002074
   6   0.009652   0.010090  -0.007780  -0.011962
   7  -0.029982  -0.018998   0.040730   0.008250
   8   0.008994  -0.051440   0.016305   0.026140
   9   0.018516  -0.008567   0.001745  -0.011694
  10   0.007347  -0.011412  -0.041281   0.045347
  11  -0.006463   0.005338   0.008098  -0.006973
  12  -0.035109   0.009714   0.011640   0.013755
  13  -0.030349  -0.000706  -0.000476   0.031531
  14  -0.020723   0.059578  -0.020159  -0.018695
  15  -0.021955  -0.025060   0.062912  -0.015897
  16  -0.006024  -0.043248   0.043854   0.005418
  17  -0.011360   0.003921   0.032391  -0.024952
  18   0.046199  -0.033397  -0.026467   0.013664
  19   0.000697  -0.025692   0.003453   0.021542
  20   0.009068   0.013409  -0.017905  -0.004572
  21  -0.055902   0.001392   0.045840   0.008670
  22   0.026143  -0.066669   0.029081   0.011445
  23  -0.000357  -0.037954   0.016830   0.021482
  24   0.047065  -0.025842   0.011500  -0.032722
  25  -0.033761  -0.010271   0.037584   0.006447
  26   0.031640  -0.022065   0.013880  -0.023455
  27  -0.004963  -0.009720  -0.001540   0.016223
  28   0.014793   0.015547   0.015552  -0.045893
  29   0.040813  -0.033620  -0.007111  -0.000082
  30   0.019490  -0.004411  -0.000179  -0.014899
  31  -0.011328  -0.033157   0.003762   0.040724
  32  -0.018813  -0.005010   0.002414   0.021409
  33  -0.012114   0.030443   0.003919  -0.022249
  34  -0.023936   0.011073   0.014008  -0.001145
  35  -0.019684  -0.021686   0.026431   0.014939
  36  -0.024527   0.030352  -0.003985  -0.001840
  37   0.001983  -0.029686   0.028759  -0.001056
  38  -0.004647  -0.013264   0.013931   0.003980
  39  -0.016435   0.005468  -0.003393   0.014360
  40  -0.022141   0.022795   0.003396  -0.004051
  41  -0.031086  -0.011472   0.001155   0.041403
  42   0.000946   0.014950   0.006909  -0.022805
  43   0.004701   0.041521   0.009157  -0.055379
  44  -0.023517   0.013865   0.022844  -0.013192
  45   0.004733   0.012477   0.004108  -0.021318
  46   0.012558  -0.003178   0.003835  -0.013215
  47  -0.006595   0.014194   0.004433  -0.012032
  48   0.035680   0.002110  -0.030111  -0.007680
  49  -0.061974   0.010337   0.011242   0.040395
  50   0.007875   0.042500   0.016002  -0.066378
  51   0.034089   0.045177   0.025827  -0.105093
  52   0.029307   0.016223  -0.078654   0.033124
  53   0.028753  -0.093887   0.054516   0.010618
  54  -0.026025  -0.000034   0.023590   0.002470
  55  -0.008354   0.005894   0.050885  -0.048425
  56   0.023212  -0.012586   0.009767  -0.020393
  57  -0.013460   0.038839  -0.011064  -0.014315
  58   0.013948  -0.000578  -0.017631   0.004261
  59  -0.002672  -0.010232   0.019274  -0.006371
  60   0.055940  -0.038704  -0.014475  -0.002761
  61   0.001189  -0.030385   0.002984   0.026211
  62   0.010589  -0.007903   0.006029  -0.008715
  63   0.043662  -0.059053   0.008592   0.006799
  64  -0.016619   0.005572   0.012389  -0.001342
  65   0.021571  -0.018640  -0.001352  -0.001579
  66   0.002926  -0.036470   0.020043   0.013502
  67  -0.087669   0.022020   0.006559   0.059090
  68   0.002246  -0.020368   0.019082  -0.000960
  69   0.018608  -0.051332   0.003793   0.028932
  70   0.034383   0.006859  -0.015346  -0.025896
  71   0.024858   0.021038  -0.035036  -0.010860
  72   0.021769  -0.018736  -0.018123   0.015090
  73   0.055598  -0.001301   0.035861  -0.090157
  74  -0.152519   0.055999   0.060962   0.035558
  75  -0.030237   0.052707   0.016322  -0.038792
  76  -0.064201   0.042822   0.002442   0.018937
  77  -0.065339   0.017502   0.019317   0.028519
  78   0.037979   0.026540   0.024277  -0.088797
  79  -0.003258   0.018541  -0.008613  -0.006670
  80   0.021619  -0.048642   0.022599   0.004425
  81   0.037733  -0.039360  -0.063054   0.064680
  82  -0.016837  -0.016928  -0.059376   0.093142
  83  -0.042512   0.011187  -0.039261   0.070587
  84   0.008487  -0.035853   0.048144  -0.020778
  85  -0.102469  -0.005318  -0.015999   0.123786
  86  -0.014368   0.067522  -0.016299  -0.036855
  87   0.029126   0.015873  -0.025139  -0.019860
  88  -0.076313   0.034550  -0.010320   0.052082
  89   0.135809  -0.016582  -0.069668  -0.049558
  90  -0.061136   0.086246  -0.020538  -0.004572
  91   0.060430  -0.020608  -0.018669  -0.021154
  92   0.084647  -0.083916   0.001152  -0.001884
  93   0.049111  -0.051813  -0.002800   0.005502
  94   0.018523  -0.044459   0.002611   0.023325
  95   0.024821  -0.018506   0.012497  -0.018812
  96  -0.018373   0.022085  -0.010637   0.006925
  97   0.009487   0.009027  -0.012751  -0.005763
  98  -0.014624   0.003243   0.012205  -0.000823
  99   0.015501  -0.013788   0.035062  -0.036774
 100   0.002205   0.023009  -0.003214  -0.022000
 101   0.010696   0.010344   0.003590  -0.024631
 102  -0.030456   0.037736   0.006480  -0.013761
 103   0.017749   0.036917   0.003238  -0.057903
 104   0.011365  -0.020494   0.044828  -0.035699
 105  -0.014106   0.008550  -0.038425   0.043981
 106   0.002035   0.011917   0.001804  -0.015756
 107   0.013136  -0.000496  -0.009172  -0.003467
 108  -0.011942   0.002014  -0.007531   0.017460
 109  -0.010407  -0.004034   0.054388  -0.039948
 110  -0.017991  -0.002313   0.011441   0.008863
 111  -0.015997   0.016974   0.002316  -0.003292
 112  -0.004834   0.038427   0.018835  -0.052428
 113   0.002699   0.001186  -0.065383   0.061498
 114   0.005448  -0.026714   0.001347   0.019919
 115  -0.010277   0.010680  -0.002363   0.001959
 116  -0.003908  -0.002859   0.002630   0.004138
 117  -0.019829   0.033335   0.016949  -0.030454
 118   0.030610  -0.040859  -0.005401   0.015650
 119  -0.006423  -0.019331  -0.015449   0.041203
 120  -0.012001   0.001021  -0.007769   0.018749
 121   0.004165   0.002586  -0.044659   0.037909
 122   0.017135  -0.009989  -0.001120  -0.006026
 123   0.019928  -0.002808  -0.033116   0.015996
 124   0.010491   0.007434   0.011388  -0.029312
 125   0.037351  -0.017214  -0.026492   0.006356
 126  -0.002932  -0.000859   0.008849  -0.005058
 127  -0.008957   0.034470  -0.006991  -0.018523
 128  -0.024111   0.001282   0.001115   0.021714
 129   0.002566   0.010627   0.006578  -0.019771
 130  -0.005668   0.019335  -0.014228   0.000561
 131   0.016479   0.031789   0.009754  -0.058022
 132   0.004688   0.019750  -0.001023  -0.023414
 133   0.011800   0.043358   0.012568  -0.067726
 134   0.014168  -0.012222  -0.008695   0.006749
 135  -0.008958   0.017052  -0.016336   0.008242
 136  -0.029284   0.021583   0.027332  -0.019630
 137   0.024719  -0.043514  -0.000895   0.019690
 138   0.000749   0.014408  -0.016650   0.001494
 139  -0.036758   0.007914   0.024335   0.004508
 140   0.023763  -0.010991   0.018794  -0.031566
 141  -0.019600   0.039560   0.004071  -0.024031
 142  -0.016299   0.001954  -0.017884   0.032229
 143  -0.001234  -0.023491   0.015019   0.009706
 144  -0.019244   0.023569  -0.017195   0.012870
 145  -0.029647   0.001768  -0.014758   0.042637
 146  -0.022215   0.024072  -0.002202   0.000345
 147  -0.031010   0.026302  -0.017340   0.022048
 148   0.019655   0.028739  -0.018646  -0.029748
 149  -0.026884   0.001007   0.002219   0.023657
 150  -0.021830   0.007748   0.018443  -0.004361
 151  -0.019396  -0.020181   0.030499   0.009078
 152  -0.026553   0.003472   0.019644   0.003437
 153  -0.029207   0.004989   0.008380   0.015838
 154  -0.011583  -0.010210   0.025493  -0.003700
 155  -0.016353   0.021869  -0.026838   0.021322
 156  -0.010127   0.006689   0.037941  -0.034502
 157  -0.017310  -0.001604   0.029121  -0.010207
 158  -0.008897  -0.006141  -0.000555   0.015593
 159  -0.025980   0.038924  -0.033646   0.020702
 160   0.002307   0.018627  -0.008021  -0.012913
 161   0.002601   0.008215  -0.011097   0.000281
 162   0.005206  -0.000714  -0.006119   0.001627
 163   0.001042   0.008513  -0.000294  -0.009261
 164  -0.007564   0.009152   0.009721  -0.011309
 165   0.002432   0.003806   0.001505  -0.007743
 166   0.005869   0.000794   0.003566  -0.010229
 167   0.002516   0.016193  -0.008674  -0.010034
 168  -0.004553   0.018085   0.002611  -0.016143
 169  -0.005504   0.002408  -0.002973   0.006069
 170  -0.004558   0.017747  -0.006188  -0.007001
 171  -0.009082   0.003279   0.006109  -0.000306
 172  -0.016797  -0.000970   0.008540   0.009227
 173  -0.007069   0.002634   0.008461  -0.004027
 174  -0.001149   0.000213   0.001206  -0.000270
 175  -0.003142  -0.006916   0.004624   0.005434
 176  -0.006274   0.013448   0.010144  -0.017318
 177  -0.000617   0.003695   0.005405  -0.008484
 178   0.005982  -0.002930   0.008917  -0.011969
 179  -0.008573   0.006331   0.024324  -0.022082
