pos      val_A      val_C      val_G      val_T
 144   0.019333  -0.033092   0.014917  -0.001158
 145   0.001627  -0.037344   0.031356   0.004360
 146   0.028982  -0.034800  -0.001130   0.006949
 147   0.013949  -0.046586   0.028163   0.004474
 148  -0.012521  -0.000442   0.011095   0.001867
 149   0.052967  -0.037690   0.045908  -0.061185
 150  -0.011144  -0.069848   0.041350   0.039643
 151  -0.008045  -0.055413   0.063133   0.000325
 152  -0.020728  -0.053970   0.036183   0.038516
 153   0.003770  -0.017178   0.034280  -0.020872
 154  -0.021223  -0.025066   0.039208   0.007081
 155  -0.018880  -0.002667   0.043623  -0.022076
 156  -0.010003   0.007813   0.025686  -0.023496
 157   0.037926  -0.060553   0.008146   0.014481
 158  -0.002504  -0.010130   0.003714   0.008920
 159   0.028313  -0.041173   0.039047  -0.026187
