pos      val_A      val_C      val_G      val_T
  98   0.001000  -0.008452   0.003407   0.004045
  99  -0.002060  -0.005040  -0.000619   0.007719
 100   0.005983  -0.016684   0.005457   0.005244
 101  -0.002032  -0.015204  -0.002348   0.019583
 102   0.000832   0.004863  -0.009180   0.003485
 103   0.007483  -0.013004   0.007210  -0.001689
 104   0.000661  -0.001157  -0.005285   0.005782
 105   0.000105  -0.000166   0.001140  -0.001080
 106   0.007595  -0.034361   0.017196   0.009571
 107   0.013670  -0.037494   0.014048   0.009776
 108   0.001491  -0.002873   0.009726  -0.008344
 109   0.006471  -0.006081   0.001617  -0.002007
 110  -0.001773  -0.002339  -0.001142   0.005254
 111   0.001653   0.006866   0.000181  -0.008700
